0 0 0
0.000367493 -1.1365e-06 -1.02116e-06
0.000734987 3.36532e-07 2.49834e-06
0.00110248 7.1025e-07 -1.12698e-06
0.00146997 -2.83053e-07 1.10113e-07
0.00183747 6.07179e-08 2.52086e-08
0.00220496 3.59491e-08 2.03553e-08
0.00257245 5.13582e-08 3.68917e-08
0.00293995 6.89109e-08 5.75671e-08
0.00330744 8.92646e-08 8.65633e-08
0.00367493 1.13215e-07 1.26345e-07
0.00404243 1.39458e-07 1.81381e-07
0.00440992 1.68933e-07 2.57428e-07
0.00477741 1.97932e-07 3.62761e-07
0.00514491 2.1917e-07 5.12223e-07
0.0055124 2.16098e-07 7.22516e-07
0.00587989 1.53407e-07 1.01837e-06
0.00624739 -6.43866e-08 1.4187e-06
0.00661488 -6.17238e-07 1.81834e-06
0.00698237 -1.53703e-06 1.8223e-06
0.00734987 -2.27081e-06 1.14913e-06
0.00771736 -2.36273e-06 3.27436e-07
0.00808485 -2.11273e-06 -1.94599e-07
0.00845234 -1.82138e-06 -4.51152e-07
0.00881984 -1.57727e-06 -5.65011e-07
0.00918733 -1.38628e-06 -6.00925e-07
0.00955482 -1.23815e-06 -5.93213e-07
0.00992232 -1.11566e-06 -5.63363e-07
0.0102898 -1.01842e-06 -5.1025e-07
0.0106573 -9.30617e-07 -4.45564e-07
0.0110248 -8.53946e-07 -3.61611e-07
0.0113923 -7.78196e-07 -2.52509e-07
0.0117598 -7.12395e-07 -1.34094e-07
0.0121273 -6.38964e-07 1.52088e-08
0.0124948 -5.58119e-07 1.90004e-07
0.0128623 -4.66065e-07 4.03776e-07
0.0132298 -3.59335e-07 6.59407e-07
0.0135973 -2.26458e-07 9.69712e-07
0.0139647 -6.12304e-08 1.34356e-06
0.0143322 1.57917e-07 1.80765e-06
0.0146997 4.46651e-07 2.36328e-06
0.0150672 8.48138e-07 3.06554e-06
0.0154347 1.40276e-06 3.91344e-06
0.0158022 2.23076e-06 4.98907e-06
0.0161697 3.46407e-06 6.2148e-06
0.0165372 5.08339e-06 7.80182e-06
0.0169047 1.6512e-05 1.41727e-05
0.0172722 -0.00019079 -0.000522459
0.0176397 -0.00322503 0.0109768
0.0180072 0.0585242 -0.0425857
0.0183747 -0.144114 -0.00387616
0.0187422 0.0701512 0.0572976
0.0191096 -0.00398678 -0.0174922
0.0194771 -0.000437727 0.00099484
0.0198446 3.95255e-05 -3.65433e-05
0.0202121 1.97379e-05 -2.5173e-05
0.0205796 1.80082e-05 -2.71531e-05
0.0209471 1.70079e-05 -2.82477e-05
0.0213146 1.68735e-05 -2.94751e-05
0.0216821 1.76548e-05 -3.1008e-05
0.0220496 1.94671e-05 -3.28762e-05
0.0224171 2.27696e-05 -3.50943e-05
0.0227846 2.8279e-05 -3.72687e-05
0.0231521 3.7198e-05 -3.82691e-05
0.0235196 5.03487e-05 -3.47208e-05
0.0238871 6.4018e-05 -2.05786e-05
0.0242546 6.54432e-05 3.41522e-06
0.024622 5.10814e-05 2.06776e-05
0.0249895 3.47363e-05 2.47005e-05
0.025357 2.35559e-05 2.21879e-05
0.0257245 1.67298e-05 1.80659e-05
0.026092 1.27557e-05 1.40116e-05
0.0264595 1.04135e-05 1.03415e-05
0.026827 9.13393e-06 7.14691e-06
0.0271945 8.61907e-06 4.1058e-06
0.027562 8.78922e-06 1.32518e-06
0.0279295 9.71775e-06 -1.44662e-06
0.028297 1.17312e-05 -4.21059e-06
0.0286645 1.52826e-05 -6.58049e-06
0.029032 2.11731e-05 -7.54196e-06
0.0293995 2.90455e-05 -4.32538e-06
0.029767 3.40964e-05 5.69971e-06
0.0301344 3.03444e-05 1.67608e-05
0.0305019 2.2055e-05 2.17043e-05
0.0308694 1.52425e-05 2.16337e-05
0.0312369 1.06932e-05 2.00126e-05
0.0316044 7.85298e-06 1.80271e-05
0.0319719 6.02817e-06 1.62881e-05
0.0323394 4.77347e-06 1.46923e-05
0.0327069 3.84587e-06 1.33987e-05
0.0330744 3.28342e-06 1.23002e-05
0.0334419 2.78636e-06 1.12771e-05
0.0338094 2.42197e-06 1.04584e-05
0.0341769 2.01808e-06 9.69134e-06
0.0345444 1.86861e-06 9.14732e-06
0.0349119 2.63065e-06 8.15765e-06
0.0352794 -1.21747e-05 4.85777e-06
0.0356468 7.06224e-05 8.9208e-05
0.0360143 -1.97598e-05 -0.000447459
0.0363818 -0.000624098 0.000894062
0.0367493 0.0013939 -0.000418569
0.0371168 -0.00102604 -0.00038552
0.0374843 0.000243694 0.000404638
0.0378518 1.35968e-05 -0.00010532
0.0382193 -9.60288e-06 1.57535e-05
0.0385868 1.91584e-06 4.79516e-06
0.0389543 8.18873e-07 4.60028e-06
0.0393218 5.98568e-07 4.37394e-06
0.0396893 7.77777e-07 4.22619e-06
0.0400568 6.82517e-07 4.02438e-06
0.0404243 8.13653e-07 3.68847e-06
0.0407918 6.03857e-07 3.49152e-06
0.0411592 7.41489e-07 3.32225e-06
0.0415267 8.05918e-07 3.01536e-06
0.0418942 6.63101e-07 2.88811e-06
0.0422617 8.68587e-07 2.50992e-06
0.0426292 8.6265e-07 2.47132e-06
0.0429967 1.21206e-06 1.83323e-06
0.0433642 1.20341e-06 1.71751e-06
0.0437317 1.72686e-06 1.42001e-06
0.0440992 2.38542e-06 1.20346e-06
0.0444667 3.40463e-06 1.36653e-06
0.0448342 4.292e-06 2.32638e-06
0.0452017 4.12283e-06 3.92243e-06
0.0455692 3.33389e-06 4.4584e-06
0.0459367 2.34286e-06 4.62515e-06
0.0463042 1.47666e-06 4.61514e-06
0.0466716 1.44563e-06 4.24731e-06
0.0470391 9.32597e-07 4.09413e-06
0.0474066 9.5405e-07 3.76637e-06
0.0477741 6.17459e-07 3.52977e-06
0.0481416 6.96987e-07 3.59684e-06
0.0485091 5.82213e-07 3.05235e-06
0.0488766 4.02798e-07 3.17095e-06
0.0492441 4.89333e-07 2.93596e-06
0.0496116 4.24615e-07 2.88291e-06
0.0499791 3.96963e-07 2.75676e-06
0.0503466 4.1569e-07 2.59555e-06
0.0507141 2.74431e-07 2.4954e-06
0.0510816 3.85805e-07 2.64658e-06
0.0514491 3.42913e-07 2.14392e-06
0.0518165 5.08303e-07 2.39528e-06
0.052184 -1.17314e-07 1.95961e-06
0.0525515 2.27111e-07 2.32699e-06
0.052919 4.9794e-07 2.17691e-06
0.0532865 2.49099e-07 1.98944e-06
0.053654 6.70438e-07 2.38749e-06
0.0540215 -2.38005e-06 -2.27484e-06
0.054389 1.2874e-06 1.53867e-05
0.0547565 1.41129e-05 -1.4217e-05
0.055124 -2.03435e-05 3.89989e-06
0.0554915 1.97173e-05 1.0077e-05
0.055859 -7.46981e-06 -1.15429e-05
0.0562265 7.01347e-07 7.43998e-06
0.056594 6.60582e-07 6.36131e-07
0.0569615 -2.21995e-07 1.80452e-06
0.0573289 7.20714e-07 1.29754e-06
0.0576964 2.22812e-07 1.20479e-06
0.0580639 -4.55281e-07 1.55116e-06
0.0584314 2.22424e-07 1.61715e-06
0.0587989 3.51423e-07 1.58373e-06
0.0591664 3.89152e-07 1.08435e-06
0.0595339 8.41327e-08 1.14564e-06
0.0599014 7.39083e-08 1.2576e-06
0.0602689 7.05854e-08 1.21049e-06
0.0606364 3.97916e-07 1.09015e-06
0.0610039 -1.4126e-07 1.25423e-06
0.0613714 4.71907e-07 9.32811e-07
0.0617389 -2.38034e-07 1.19108e-06
0.0621064 5.08776e-07 9.40104e-07
0.0624739 7.64373e-08 8.66685e-07
0.0628413 4.84614e-08 1.14954e-06
0.0632088 2.32784e-07 6.63772e-07
0.0635763 1.48688e-07 1.32287e-06
0.0639438 2.89953e-07 2.87106e-07
0.0643113 1.19591e-07 1.00475e-06
0.0646788 -1.30954e-07 9.71142e-07
0.0650463 4.39843e-07 6.14779e-07
0.0654138 1.47659e-07 5.30705e-07
0.0657813 1.90272e-07 8.1127e-07
0.0661488 -5.46101e-08 3.649e-07
0.0665163 4.8173e-08 7.59359e-07
0.0668838 1.63186e-07 2.14338e-07
0.0672513 -1.97482e-07 9.80072e-07
0.0676188 6.16466e-07 2.88683e-07
0.0679863 -1.54434e-07 6.01136e-07
0.0683537 5.16226e-08 2.29948e-07
0.0687212 3.17821e-07 4.6685e-07
0.0690887 -4.23792e-08 3.06418e-07
0.0694562 -2.15719e-08 4.26539e-07
0.0698237 5.42082e-09 4.08014e-07
0.0701912 3.96914e-07 1.68404e-07
0.0705587 2.79892e-07 2.07856e-07
0.0709262 -8.89127e-07 -2.2378e-07
0.0712937 3.77177e-07 9.31454e-07
0.0716612 2.31176e-07 -9.16121e-08
0.0720287 -7.26619e-08 3.37902e-07
0.0723962 7.37438e-08 -2.82708e-07
0.0727637 2.22452e-07 6.45167e-07
0.0731312 7.19546e-07 -1.80389e-06
0.0734987 -3.23199e-06 1.42706e-06
0.0738661 2.21318e-06 1.04335e-06
0.0742336 -1.25502e-07 -4.49298e-07
0.0746011 3.34553e-08 5.96775e-07
0.0749686 3.57571e-07 -5.37593e-07
0.0753361 -5.52408e-08 1.80557e-07
0.0757036 5.0485e-07 -5.92535e-08
0.0760711 -9.20506e-07 -4.24118e-07
0.0764386 2.6427e-07 3.91823e-07
0.0768061 1.40384e-07 3.41443e-07
0.0771736 2.73708e-07 -6.65364e-07
0.0775411 -2.04318e-07 8.67009e-08
0.0779086 3.53157e-07 -2.4993e-07
0.0782761 8.61412e-08 -4.47724e-07
0.0786436 4.54033e-08 2.43625e-07
0.0790111 2.63372e-08 -6.16626e-07
0.0793785 3.03518e-07 9.61012e-07
0.079746 6.60826e-07 -1.41392e-06
0.0801135 -8.93159e-07 2.85667e-07
0.080481 7.13043e-07 6.23516e-08
0.0808485 -1.54206e-07 -3.70184e-07
0.081216 4.25552e-07 -1.27798e-07
0.0815835 1.39997e-08 -6.00953e-07
0.081951 2.99385e-07 2.75388e-07
0.0823185 2.71028e-07 -1.36952e-06
0.082686 -1.9403e-07 -6.31302e-07
0.0830535 -6.95295e-07 3.06818e-07
0.083421 9.71939e-07 -7.17598e-07
0.0837885 9.1862e-08 -3.66395e-07
0.084156 3.15559e-07 -9.78108e-07
0.0845234 -2.95781e-07 -3.63899e-07
0.0848909 7.22465e-07 -4.22789e-07
0.0852584 -6.77119e-08 -1.19272e-06
0.0856259 -1.56361e-07 -6.25039e-09
0.0859934 1.30983e-07 -1.0616e-06
0.0863609 2.0567e-07 1.22323e-07
0.0867284 2.15863e-07 -9.71923e-07
0.0870959 1.44071e-07 -9.59106e-07
0.0874634 -7.5991e-07 -7.6851e-07
0.0878309 9.25685e-07 2.60301e-07
0.0881984 -3.54304e-07 -8.87656e-07
0.0885659 9.33858e-07 -1.83668e-06
0.0889334 -1.22034e-06 -4.53024e-07
0.0893009 7.51118e-07 -1.13064e-06
0.0896684 -4.59665e-07 1.60602e-06
0.0900358 6.34005e-08 -2.83076e-06
0.0904033 2.99764e-07 -9.78834e-07
0.0907708 2.04246e-06 8.81529e-07
0.0911383 -6.05439e-06 -1.75318e-06
0.0915058 -1.95413e-06 -5.86846e-06
0.0918733 -4.25912e-06 2.31786e-05
0.0922408 6.17437e-06 -7.17683e-06
0.0926083 4.91303e-06 2.74963e-06
0.0929758 -2.06435e-06 -2.21155e-06
0.0933433 -1.45362e-08 -1.949e-06
0.0937108 8.03199e-07 -1.2024e-07
0.0940783 -3.05516e-07 -1.63373e-06
0.0944458 -1.51068e-06 -1.47214e-06
0.0948133 -2.8958e-07 -2.26024e-07
0.0951808 8.94882e-07 1.52616e-06
0.0955482 1.52406e-06 -2.69967e-06
0.0959157 -5.39287e-07 -2.17925e-06
0.0962832 -3.81077e-07 -1.00553e-06
0.0966507 -7.84917e-07 -4.25026e-07
0.0970182 4.28798e-07 -4.72773e-07
0.0973857 3.19036e-07 -2.29724e-06
0.0977532 -6.39807e-07 5.67575e-07
0.0981207 1.79444e-06 -3.07088e-06
0.0984882 -1.37743e-06 2.37259e-07
0.0988557 1.08368e-06 -1.47555e-06
0.0992232 4.28704e-08 -2.31124e-06
0.0995907 -1.24512e-07 1.32527e-07
0.0999582 4.84592e-07 -2.0669e-06
0.100326 1.135e-06 -1.2261e-07
0.100693 -1.5358e-07 -3.42955e-06
0.101061 -2.13466e-07 -1.2693e-06
0.101428 -1.04548e-06 2.51491e-08
0.101796 1.28279e-06 -1.14208e-06
0.102163 -6.75245e-07 -2.30299e-06
0.102531 9.16862e-07 -9.73203e-07
0.102898 -1.18181e-06 -8.34224e-07
0.103266 1.32758e-06 -1.21883e-06
0.103633 -3.10476e-07 -2.77854e-06
0.104001 -5.93845e-07 -6.78584e-07
0.104368 8.0691e-07 -1.85971e-06
0.104736 -6.65531e-07 -1.21057e-06
0.105103 5.37281e-07 -2.1167e-06
0.105471 -7.42971e-07 -2.14059e-06
0.105838 -8.29523e-07 -1.41927e-06
0.106206 1.38541e-06 -6.65266e-07
0.106573 -2.04047e-06 -1.87161e-06
0.106941 7.32755e-07 -2.05818e-06
0.107308 -1.16967e-07 -2.10897e-06
0.107676 -1.14954e-06 1.81494e-07
0.108043 5.80443e-07 -1.48919e-06
0.108411 -1.52102e-07 -2.70099e-06
0.108778 1.19049e-07 -1.01764e-06
0.109145 -1.10965e-06 -8.57299e-07
0.109513 3.08117e-07 -1.87982e-06
0.10988 2.59924e-06 6.72572e-07
0.110248 -6.67743e-07 -7.51186e-06
0.110615 -5.05709e-07 2.00601e-06
0.110983 -5.53886e-07 -3.73072e-06
0.11135 1.52103e-06 -6.74898e-07
0.111718 -8.16864e-07 -2.51479e-06
0.112085 1.64899e-09 -2.29007e-06
0.112453 -5.68797e-07 -1.68921e-06
0.11282 2.10825e-07 -4.39251e-08
0.113188 -1.24075e-07 -2.3395e-06
0.113555 1.32163e-06 -7.45258e-07
0.113923 -1.30452e-06 -2.54666e-06
0.11429 1.7003e-06 1.96242e-07
0.114658 -4.61283e-07 -3.04398e-06
0.115025 -1.67318e-06 -2.13099e-06
0.115393 1.70711e-06 1.4452e-07
0.11576 -1.23997e-06 -1.89341e-06
0.116128 2.30159e-06 -1.43521e-06
0.116495 -1.43807e-06 -3.93105e-06
0.116863 -7.72767e-07 3.37498e-07
0.11723 3.10639e-06 -2.27913e-06
0.117598 -8.52785e-07 -3.85558e-06
0.117965 -3.7137e-07 -2.07476e-06
0.118333 -1.23459e-06 -3.05105e-06
0.1187 1.50379e-06 -1.26678e-06
0.119068 -2.27425e-06 -3.59268e-06
0.119435 -1.69046e-06 -1.33963e-06
0.119803 6.41008e-07 2.88098e-07
0.12017 1.26392e-06 -2.73137e-06
0.120538 2.85298e-07 -3.87953e-06
0.120905 -1.05288e-06 -2.90371e-06
0.121273 -3.77135e-07 -1.3475e-06
0.12164 -2.47212e-08 -4.4871e-06
0.122008 -2.52043e-07 -2.28966e-06
0.122375 -1.20536e-06 -1.71196e-06
0.122743 1.00543e-06 -1.09815e-06
0.12311 1.13929e-06 -3.58827e-06
0.123478 -1.67625e-07 -2.8594e-06
0.123845 -8.51013e-07 -3.74646e-06
0.124213 -2.07531e-06 -2.96322e-08
0.12458 2.55267e-06 -3.92012e-06
0.124948 -3.42487e-06 7.13149e-07
0.125315 1.98036e-06 -8.05185e-06
0.125683 1.93119e-06 4.8466e-06
0.12605 -3.77058e-06 -8.56109e-06
0.126418 3.08883e-06 -1.49751e-06
0.126785 -7.00777e-07 -5.17174e-06
0.127153 2.14039e-06 4.4482e-06
0.12752 -4.53682e-06 -1.01205e-05
0.127888 1.21206e-05 2.01641e-06
0.128255 8.72044e-06 -1.1615e-05
0.128623 -2.10338e-05 -3.55562e-05
0.12899 5.93483e-06 1.63363e-05
0.129358 -1.2515e-05 -1.5847e-05
0.129725 1.52258e-07 6.58079e-07
0.130093 2.31271e-06 4.74704e-06
0.13046 -9.93876e-07 -7.17098e-06
0.130828 -1.2531e-06 -3.36849e-06
0.131195 -1.65178e-06 5.00229e-06
0.131563 5.90064e-06 -2.68482e-07
0.13193 3.36996e-06 -5.71913e-06
0.132298 -8.70227e-08 -1.04277e-05
0.132665 -6.46619e-06 2.01724e-06
0.133033 8.89499e-07 -1.87097e-06
0.1334 1.12632e-06 -5.22215e-07
0.133768 9.15148e-07 -2.58349e-06
0.134135 -4.89012e-07 -5.0284e-06
0.134503 1.70513e-06 1.12189e-06
0.13487 -2.35254e-06 -8.75569e-06
0.135238 2.78583e-06 -4.90063e-07
0.135605 -2.16376e-06 -3.97559e-06
0.135973 -1.82684e-06 -3.84327e-06
0.13634 2.10729e-06 -1.46084e-06
0.136707 -2.28085e-06 -3.96182e-06
0.137075 4.14884e-06 -5.41181e-06
0.137442 -5.953e-06 -1.82358e-06
0.13781 -7.24801e-07 -5.08621e-06
0.138177 9.78893e-07 -7.34119e-07
0.138545 1.81627e-06 -2.26262e-06
0.138912 -4.49007e-06 -3.48149e-06
0.13928 2.4974e-06 -2.44062e-06
0.139647 2.752e-07 -3.52114e-07
0.140015 2.0284e-06 -5.25688e-06
0.140382 -1.15337e-06 -3.3972e-06
0.14075 -1.20787e-06 -3.25326e-06
0.141117 -1.35575e-06 -5.6702e-07
0.141485 1.57018e-06 -5.3577e-06
0.141852 -2.53616e-06 -7.38583e-07
0.14222 -1.00294e-06 -4.72725e-06
0.142587 -1.68097e-06 -1.57667e-08
0.142955 4.00004e-06 -3.06142e-06
0.143322 -2.57951e-06 -2.72068e-06
0.14369 -7.98381e-07 -3.5583e-06
0.144057 -5.64423e-07 -3.11685e-06
0.144425 4.09119e-06 3.2707e-06
0.144792 9.36865e-07 -7.20338e-06
0.14516 -2.47889e-06 -4.56331e-06
0.145527 1.30739e-06 -1.71571e-06
0.145895 1.52544e-06 7.82903e-07
0.146262 -3.54437e-06 -5.35544e-06
0.14663 -2.80079e-06 -5.68404e-06
0.146997 3.56506e-06 1.29585e-05
0.147365 6.86744e-06 -1.41591e-05
0.147732 -2.04069e-06 -2.89784e-06
0.1481 1.68316e-06 -9.71817e-06
0.148467 -5.90133e-06 -1.0206e-06
0.148835 -9.53237e-07 -2.49046e-06
0.149202 -3.87866e-08 -2.71761e-06
0.14957 6.12637e-06 -1.14242e-06
0.149937 -6.50246e-07 -7.30238e-06
0.150305 2.48341e-06 -4.49291e-06
0.150672 -1.46789e-06 -4.43542e-06
0.15104 3.47602e-06 -3.34119e-06
0.151407 -3.26618e-07 -5.77214e-06
0.151775 -5.37856e-06 -8.37869e-08
0.152142 6.55543e-06 -4.21843e-06
0.15251 1.31777e-06 -2.76734e-07
0.152877 1.67534e-06 -1.00636e-05
0.153245 -7.01113e-06 -2.32787e-06
0.153612 6.15861e-06 9.96617e-07
0.15398 -5.06576e-07 -9.48725e-06
0.154347 -2.03759e-06 -2.88109e-06
0.154715 -3.32052e-06 -4.47241e-06
0.155082 -2.39558e-06 -2.74582e-08
0.15545 3.96688e-06 -5.44008e-06
0.155817 -6.60463e-06 1.309e-07
0.156185 -2.14158e-07 -6.71976e-07
0.156552 6.69423e-06 -1.9868e-06
0.15692 -8.77403e-07 -4.61967e-06
0.157287 -4.50298e-06 -7.35952e-06
0.157655 -2.04683e-06 1.21104e-07
0.158022 -2.52992e-07 -1.02128e-06
0.15839 -4.36465e-06 -6.81391e-06
0.158757 1.10015e-06 6.4931e-07
0.159125 -4.17457e-06 -2.30534e-06
0.159492 6.14003e-06 -6.0165e-07
0.15986 -1.59321e-06 -1.38921e-05
0.160227 -3.0593e-06 4.46072e-07
0.160595 -1.33152e-06 -4.18631e-06
0.160962 3.18162e-07 2.62771e-06
0.16133 -1.00614e-06 -1.65974e-05
0.161697 6.83546e-07 8.54532e-06
0.162065 -9.43521e-06 -2.16245e-06
0.162432 1.61687e-05 -3.87011e-06
0.1628 -1.07417e-05 -8.82677e-06
0.163167 9.14929e-06 -8.55716e-06
0.163535 -2.10193e-05 2.8637e-06
0.163902 1.30095e-05 -1.10355e-05
0.164269 -7.08108e-07 -5.96561e-06
0.164637 -1.91215e-05 1.4367e-05
0.165004 -9.54165e-06 -1.77697e-06
0.165372 5.51435e-05 5.22209e-05
0.165739 -7.72883e-06 -3.78668e-05
0.166107 2.48854e-05 -6.55649e-06
0.166474 -1.48705e-05 4.77447e-06
0.166842 6.34102e-06 -1.19826e-05
0.167209 5.75219e-07 -5.79415e-06
0.167577 9.65997e-09 8.86485e-06
0.167944 7.48838e-06 -8.71073e-06
0.168312 1.21028e-05 -7.8252e-06
0.168679 -6.27027e-06 -1.91046e-05
0.169047 -1.70337e-05 -2.9311e-06
0.169414 2.34864e-06 1.26569e-05
0.169782 8.85934e-06 -8.84909e-06
0.170149 1.09045e-06 -5.33272e-06
0.170517 -6.61993e-07 -6.64601e-06
0.170884 -4.49723e-06 -3.67224e-06
0.171252 1.28453e-05 -2.92735e-06
0.171619 -1.75125e-05 -9.23932e-06
0.171987 7.5656e-06 -2.58701e-06
0.172354 -5.55705e-06 -4.05339e-06
0.172722 -7.87674e-06 3.48053e-06
0.173089 1.09805e-05 -9.4016e-06
0.173457 -1.13457e-05 9.55877e-07
0.173824 3.40669e-06 -1.42821e-05
0.174192 -8.54035e-06 9.8333e-06
0.174559 8.82906e-07 -5.0795e-06
0.174927 7.20216e-06 -4.75131e-06
0.175294 4.33813e-07 -1.39942e-05
0.175662 -6.34062e-06 4.55636e-06
0.176029 1.26072e-06 -9.73361e-06
0.176397 2.50205e-06 -4.17386e-06
0.176764 -5.19902e-06 -7.47106e-06
0.177132 3.86448e-07 1.15119e-06
0.177499 1.30778e-06 1.0681e-06
0.177867 1.44531e-06 -4.91018e-06
0.178234 9.61513e-07 -9.40634e-06
0.178602 -1.00613e-06 7.88974e-07
0.178969 3.32988e-06 -1.19088e-06
0.179337 -2.06473e-06 -2.58451e-06
0.179704 3.38743e-06 -1.24992e-05
0.180072 6.80528e-06 -1.39434e-06
0.180439 -6.29301e-06 -3.72604e-06
0.180807 -1.14783e-06 -5.16264e-06
0.181174 1.26839e-05 -8.55618e-06
0.181542 -3.65198e-06 -8.88448e-06
0.181909 -6.72342e-06 -2.64902e-06
0.182277 5.00443e-06 -4.04394e-06
0.182644 5.74182e-06 -6.41472e-06
0.183012 -1.33463e-06 -1.661e-06
0.183379 7.14137e-06 -1.44745e-05
0.183747 -1.1586e-05 -6.11636e-06
0.184114 6.21151e-06 -5.58039e-06
0.184482 -1.2845e-05 -3.07654e-06
0.184849 2.96635e-06 -1.12905e-05
0.185217 -3.27361e-06 8.38668e-06
0.185584 -6.26112e-07 -6.62354e-06
0.185952 6.1521e-06 -5.76355e-06
0.186319 3.93209e-06 -1.03996e-05
0.186687 -4.78196e-06 -9.77563e-06
0.187054 -2.27485e-07 -7.69769e-06
0.187422 1.17505e-07 -1.26605e-05
0.187789 -8.77418e-06 -8.16807e-06
0.188157 1.44199e-06 -7.46387e-06
0.188524 1.03287e-06 3.77331e-06
0.188892 9.39564e-07 -1.17127e-05
0.189259 5.08078e-06 -1.70107e-05
0.189627 -6.60542e-06 -5.00128e-06
0.189994 -6.22436e-06 -2.51002e-06
0.190362 6.60913e-06 -2.58534e-06
0.190729 -7.63897e-06 -1.1012e-05
0.191096 3.49924e-06 3.77906e-06
0.191464 -3.22606e-06 1.5079e-06
0.191831 1.28263e-05 -3.50919e-06
0.192199 3.46198e-06 -1.29675e-05
0.192566 -1.05095e-06 -1.4285e-06
0.192934 1.91814e-06 -7.04791e-06
0.193301 5.91748e-06 -7.39641e-06
0.193669 9.45947e-08 -1.39295e-05
0.194036 -1.48067e-05 6.00806e-06
0.194404 8.42562e-06 -1.70406e-06
0.194771 4.46171e-06 -5.27417e-06
0.195139 -1.50345e-06 6.94639e-06
0.195506 2.69582e-06 -1.0539e-05
0.195874 4.85249e-07 6.59242e-06
0.196241 1.44236e-05 -1.7575e-05
0.196609 -2.63999e-05 -9.42157e-06
0.196976 7.75676e-06 7.85048e-06
0.197344 -6.24385e-06 -4.5858e-06
0.197711 1.65131e-05 -5.99205e-06
0.198079 -1.01308e-05 -8.65313e-06
0.198446 9.94466e-06 -5.84011e-06
0.198814 -9.88844e-06 8.58628e-06
0.199181 1.69075e-05 -3.38838e-05
0.199549 -3.8112e-06 3.56871e-05
0.199916 -8.76168e-06 -3.91482e-05
0.200284 5.20119e-06 1.46086e-05
0.200651 1.09785e-05 -1.50872e-06
0.201019 -9.86934e-06 -5.62563e-07
0.201386 2.68952e-05 -5.71923e-05
0.201754 -3.23529e-05 2.24181e-05
0.202121 -5.44506e-05 -5.41797e-05
0.202489 1.13066e-05 1.39544e-05
0.202856 -5.82138e-05 4.186e-05
0.203224 3.89437e-05 -3.14698e-05
0.203591 -3.01024e-06 7.89864e-06
0.203959 -3.44087e-06 -4.49962e-06
0.204326 1.13544e-05 -1.44169e-05
0.204694 -1.13717e-06 -2.27788e-05
0.205061 -1.70257e-05 -1.17358e-05
0.205429 -1.58633e-05 -3.58025e-06
0.205796 5.48418e-06 2.22403e-05
0.206164 2.35651e-05 -8.92573e-06
0.206531 -1.10492e-05 -2.51004e-05
0.206899 2.14074e-06 -1.16999e-05
0.207266 -3.26724e-06 4.01198e-06
0.207634 -6.38675e-06 -1.35219e-05
0.208001 1.48537e-05 -1.81521e-05
0.208369 -1.67572e-05 7.44853e-06
0.208736 -1.12958e-06 -3.42165e-06
0.209104 8.49027e-06 -4.69789e-06
0.209471 7.82184e-06 1.01546e-05
0.209839 -3.33302e-06 -3.1584e-05
0.210206 8.31453e-06 1.14141e-05
0.210574 -1.50148e-05 -1.15583e-05
0.210941 1.59914e-05 2.98289e-06
0.211309 5.10626e-06 -7.38414e-06
0.211676 2.41064e-06 -1.59836e-05
0.212044 -1.3488e-05 -1.98175e-05
0.212411 2.76434e-06 6.95174e-06
0.212779 -7.99386e-06 -1.66873e-05
0.213146 -1.72596e-06 -1.079e-05
0.213514 -9.55299e-06 5.06934e-06
0.213881 7.79344e-06 -2.60848e-06
0.214249 1.16831e-05 2.36951e-07
0.214616 1.01019e-05 -3.19638e-05
0.214984 -1.33745e-05 1.3564e-08
0.215351 1.10161e-05 -6.38513e-06
0.215719 4.21933e-06 -1.66157e-05
0.216086 6.74023e-07 2.05242e-06
0.216454 -7.41512e-06 -2.25493e-05
0.216821 3.03404e-06 -1.22433e-06
0.217189 7.77719e-06 -5.70489e-06
0.217556 -1.34348e-06 -4.18355e-06
0.217924 -1.84033e-05 -2.41181e-05
0.218291 1.4858e-05 7.24744e-07
0.218658 -7.38844e-06 -3.54221e-06
0.219026 -1.20721e-06 -5.45915e-06
0.219393 -4.97025e-06 -3.50361e-05
0.219761 -1.79029e-06 2.03461e-05
0.220128 -9.78992e-06 -1.02835e-05
0.220496 2.38835e-05 7.8664e-06
0.220863 -5.14167e-06 -1.89408e-05
0.221231 2.05157e-05 -1.34771e-05
0.221598 -3.68455e-05 2.66278e-06
0.221966 3.38506e-05 -1.98285e-06
0.222333 2.12341e-07 -1.36873e-05
0.222701 -1.70711e-06 -2.01872e-05
0.223068 -1.56497e-05 -8.79043e-06
0.223436 2.38865e-06 -1.35912e-06
0.223803 2.56882e-06 -1.14201e-05
0.224171 -2.84213e-05 -1.01922e-05
0.224538 3.86273e-06 1.10596e-05
0.224906 -2.07981e-06 -1.4364e-05
0.225273 1.23614e-05 6.37549e-06
0.225641 -4.84201e-07 -2.66016e-05
0.226008 -3.21748e-05 -2.52655e-05
0.226376 1.68386e-05 1.28598e-05
0.226743 -1.86569e-05 -1.11844e-05
0.227111 1.73927e-05 -1.63154e-06
0.227478 -8.54622e-06 -1.77719e-05
0.227846 3.91588e-06 -1.09393e-05
0.228213 2.26855e-05 -3.599e-06
0.228581 2.39059e-06 -3.08623e-05
0.228948 -2.02976e-05 -2.73598e-05
0.229316 -1.36707e-07 -3.25614e-06
0.229683 7.67411e-06 -2.2135e-06
0.230051 3.70265e-06 -1.33328e-05
0.230418 -2.4095e-05 -3.24474e-05
0.230786 1.1994e-05 2.47607e-05
0.231153 7.04754e-07 -1.73141e-05
0.231521 1.90238e-05 -1.68796e-05
0.231888 -1.38183e-06 -8.02468e-06
0.232256 -1.0763e-05 -1.9411e-05
0.232623 3.44387e-05 -3.34453e-06
0.232991 -2.27242e-05 -3.74695e-05
0.233358 -1.46921e-05 4.02599e-05
0.233726 2.29883e-05 -3.64152e-05
0.234093 3.9785e-06 1.05517e-05
0.234461 1.12478e-05 -2.13634e-05
0.234828 -6.5924e-06 -6.7886e-07
0.235196 9.80243e-06 -4.92443e-05
0.235563 5.15858e-06 5.49589e-06
0.235931 -4.60751e-05 -1.34639e-05
0.236298 4.67076e-05 -1.33105e-05
0.236666 -5.79848e-06 2.40711e-06
0.237033 2.59351e-05 -6.88372e-06
0.237401 -2.22523e-05 -4.43608e-05
0.237768 3.02309e-05 -9.07341e-06
0.238136 -4.13617e-05 5.50414e-05
0.238503 8.66394e-05 -4.15508e-05
0.238871 9.22063e-05 -4.60672e-05
0.239238 -5.94872e-05 -3.08287e-05
0.239606 5.97627e-05 -7.7244e-05
0.239973 -3.85783e-05 1.10138e-05
0.240341 -8.46228e-06 -1.78724e-05
0.240708 1.79332e-05 -2.83478e-05
0.241076 -2.71315e-05 -1.06818e-05
0.241443 -2.37114e-05 1.50496e-05
0.241811 -2.63362e-06 -9.95922e-06
0.242178 3.60267e-05 2.27767e-05
0.242546 -1.59564e-07 -4.33814e-05
0.242913 2.42971e-06 -3.71241e-05
0.243281 -2.82136e-05 1.58231e-05
0.243648 -4.7765e-06 -9.22124e-06
0.244016 3.15808e-05 -1.02813e-05
0.244383 -3.64507e-05 -1.30755e-05
0.244751 3.58908e-06 -2.09004e-05
0.245118 -8.22212e-06 8.95163e-06
0.245485 2.11496e-05 6.77425e-06
0.245853 4.82654e-06 -5.06891e-05
0.24622 2.37105e-05 -1.65951e-05
0.246588 -4.90926e-05 -1.19469e-05
0.246955 3.31776e-05 -2.7697e-05
0.247323 -2.51675e-05 1.70796e-06
0.24769 1.34149e-05 -2.04906e-05
0.248058 -3.60279e-06 -2.14774e-05
0.248425 2.30564e-07 -2.31043e-06
0.248793 -2.14703e-05 -7.90451e-06
0.24916 1.35066e-05 8.13975e-07
0.249528 -5.0609e-06 -1.60637e-05
0.249895 1.84001e-06 -1.1809e-06
0.250263 1.18204e-05 -4.31811e-06
0.25063 1.11411e-06 -2.5066e-05
0.250998 1.4292e-05 -3.06621e-05
0.251365 -3.55875e-05 -3.38667e-05
0.251733 -7.88085e-06 1.7479e-05
0.2521 9.09392e-06 -2.2541e-05
0.252468 -1.35159e-05 -1.17135e-05
0.252835 1.55204e-05 -2.35047e-06
0.253203 -6.84032e-06 -2.42136e-05
0.25357 4.41755e-06 1.12556e-05
0.253938 1.86939e-06 -3.07602e-05
0.254305 4.76726e-06 -5.21385e-06
0.254673 -9.78674e-06 1.37969e-05
0.25504 1.88212e-05 -3.25049e-05
0.255408 -9.93097e-06 2.11495e-07
0.255775 2.71713e-05 -1.12164e-05
0.256143 -3.16063e-05 -3.87373e-06
0.25651 3.75802e-05 -4.05614e-05
0.256878 -4.61932e-05 -1.06984e-05
0.257245 3.16576e-05 2.01156e-05
0.257613 -3.20458e-06 -8.37405e-05
0.25798 -3.6005e-05 3.46174e-05
0.258348 2.71746e-05 -5.15486e-06
0.258715 1.57959e-05 -3.78094e-05
0.259083 -1.59459e-05 -2.00767e-05
0.25945 -1.77846e-05 -5.51768e-06
0.259818 1.25586e-05 2.49912e-07
0.260185 -5.87057e-06 -3.50967e-06
0.260553 9.26801e-06 -3.79798e-05
0.26092 -2.18826e-05 3.99569e-05
0.261288 5.43969e-05 -2.18807e-05
0.261655 -2.56123e-05 -8.44345e-06
0.262023 3.75863e-05 -2.81273e-05
0.26239 -1.36388e-05 -2.98393e-05
0.262758 -4.61563e-05 2.45055e-05
0.263125 4.66441e-05 -4.28819e-05
0.263493 -1.74669e-05 4.20954e-05
0.26386 3.14159e-05 -6.0997e-05
0.264228 -3.98594e-05 -2.84405e-05
0.264595 -5.35222e-06 5.79368e-06
0.264963 1.0546e-05 -3.10939e-05
0.26533 -4.77375e-05 -2.73144e-05
0.265698 -2.63247e-05 -8.45014e-07
0.266065 2.95257e-06 2.91404e-05
0.266433 3.83276e-05 -1.84968e-05
0.2668 7.38399e-06 -4.28466e-05
0.267168 -4.96004e-05 -6.72138e-06
0.267535 5.00305e-05 -8.38935e-06
0.267903 -6.13039e-06 -2.00552e-05
0.26827 -4.30716e-06 -4.83547e-05
0.268638 -1.75053e-05 -1.44004e-05
0.269005 -8.47106e-06 -1.20664e-05
0.269373 1.46522e-05 -2.40518e-05
0.26974 -4.58418e-05 -2.39952e-05
0.270108 6.21829e-05 1.23493e-05
0.270475 -2.39964e-05 -5.13327e-05
0.270843 2.77792e-05 -2.32729e-06
0.27121 -1.82813e-05 -4.55784e-05
0.271578 1.34415e-05 -2.42957e-05
0.271945 -2.19199e-05 -3.77992e-06
0.272313 -1.34044e-05 -4.73019e-05
0.27268 -5.63226e-06 1.41711e-05
0.273047 -5.59173e-06 -4.53659e-05
0.273415 1.24475e-05 -3.90102e-06
0.273782 -7.12401e-06 -6.47781e-05
0.27415 2.068e-05 -7.29841e-06
0.274517 -6.60993e-05 -3.10013e-05
0.274885 4.63353e-05 -5.82823e-05
0.275252 -0.000118469 -7.97498e-06
0.27562 -0.00014899 0.000147351
0.275987 0.000167598 -4.59713e-05
0.276355 -9.39391e-05 7.90024e-05
0.276722 1.67056e-05 -3.32696e-05
0.27709 7.72056e-05 -3.17837e-05
0.277457 -8.44696e-05 -1.82459e-05
0.277825 2.02604e-05 -7.05823e-06
0.278192 5.75436e-05 1.52371e-05
0.27856 -5.73325e-06 -6.21555e-05
0.278927 1.55965e-05 -6.7486e-05
0.279295 -8.05574e-05 3.81411e-06
0.279662 3.57726e-05 2.96954e-06
0.28003 1.84562e-05 -1.19887e-05
0.280397 8.90628e-06 -3.35764e-05
0.280765 1.47029e-05 -7.15551e-05
0.281132 -3.51172e-05 2.94355e-05
0.2815 3.28385e-06 -3.84667e-05
0.281867 2.41773e-05 2.85506e-05
0.282235 7.21708e-05 -8.67234e-05
0.282602 -7.12171e-05 -3.25259e-05
0.28297 2.47306e-05 -4.04083e-05
0.283337 1.05172e-05 5.8436e-05
0.283705 -6.38432e-06 -5.32973e-05
0.284072 6.50057e-06 1.2796e-05
0.28444 1.49965e-05 1.39864e-06
0.284807 -4.94415e-06 1.41004e-06
0.285175 2.80012e-05 -2.10409e-05
0.285542 -1.242e-05 -1.8151e-05
0.28591 3.86501e-05 7.67496e-06
0.286277 1.47991e-05 -3.7183e-05
0.286645 1.5453e-05 -3.37595e-05
0.287012 8.91555e-06 -2.39076e-05
0.28738 -1.86896e-05 -4.83997e-05
0.287747 -7.5656e-06 -2.13253e-05
0.288115 -3.77028e-05 9.34593e-07
0.288482 2.65297e-05 8.56704e-08
0.28885 2.09306e-05 -4.12111e-06
0.289217 5.6405e-06 -3.84868e-05
0.289585 5.27201e-05 -5.01758e-05
0.289952 -3.73332e-05 -1.75343e-05
0.29032 6.74349e-05 -5.34719e-05
0.290687 -6.42872e-05 -2.10377e-05
0.291055 3.39741e-05 -2.3957e-05
0.291422 3.44434e-05 -7.77846e-06
0.29179 -1.77193e-05 -6.39324e-05
0.292157 1.20442e-05 1.10711e-05
0.292525 3.11805e-05 -7.35609e-05
0.292892 1.96294e-07 -2.62484e-05
0.29326 -2.51403e-05 -5.32207e-06
0.293627 7.18801e-05 -8.46383e-06
0.293995 -5.96982e-06 -0.000119
0.294362 -5.53481e-05 4.6909e-05
0.29473 3.93896e-05 -5.06081e-05
0.295097 -5.1363e-06 5.52763e-06
0.295465 -1.19283e-05 -5.36305e-05
0.295832 2.1812e-05 -2.44178e-06
0.2962 7.6259e-06 -1.22147e-05
0.296567 -4.65728e-06 -3.43433e-05
0.296935 2.792e-05 -2.88479e-06
0.297302 -2.78693e-05 -4.40596e-05
0.29767 6.82206e-05 -1.17959e-05
0.298037 -1.87891e-05 -6.38057e-05
0.298405 1.30848e-05 -4.26429e-06
0.298772 4.30228e-07 -9.85902e-05
0.29914 -3.03791e-05 -2.40311e-05
0.299507 6.41521e-05 4.67691e-05
0.299875 -4.17787e-05 -6.64675e-05
0.300242 9.09807e-05 -2.44086e-05
0.300609 -2.27516e-05 -9.15754e-05
0.300977 -2.54193e-05 5.85067e-05
0.301344 7.30704e-05 -3.17799e-05
0.301712 -1.31872e-05 -5.63741e-05
0.302079 1.01262e-05 1.73207e-05
0.302447 3.1247e-05 7.86886e-06
0.302814 8.66418e-05 -2.55193e-05
0.303182 9.27359e-06 -0.000115463
0.303549 -1.35709e-05 -5.09318e-05
0.303917 3.53634e-05 1.65119e-05
0.304284 1.42915e-05 -3.376e-05
0.304652 5.48883e-05 -8.19025e-05
0.305019 -6.85223e-05 -2.35771e-05
0.305387 8.88385e-05 3.07868e-06
0.305754 8.45216e-07 -4.68653e-05
0.306122 2.29819e-05 -5.12312e-05
0.306489 -2.9639e-06 -6.65902e-05
0.306857 5.74298e-05 -3.28038e-05
0.307224 -1.63611e-05 -4.53504e-06
0.307592 6.59712e-05 -0.000146888
0.307959 1.08921e-05 2.39073e-06
0.308327 6.74127e-06 -1.99525e-05
0.308694 8.61582e-05 -1.8333e-05
0.309062 8.58193e-05 1.70954e-05
0.309429 1.71054e-05 -2.99261e-05
0.309797 3.16405e-05 4.58293e-05
0.310164 6.2366e-05 -8.6335e-05
0.310532 1.08753e-05 8.7716e-05
0.310899 1.09604e-05 -2.55274e-05
0.311267 9.08575e-05 2.68641e-05
0.311634 6.85731e-05 3.12443e-05
0.312002 6.01146e-05 -4.18428e-05
0.312369 0.000185127 -0.000178276
0.312737 -0.000179464 -1.93621e-05
0.313104 7.81127e-05 -8.14819e-05
0.313472 4.6564e-05 3.12093e-05
0.313839 -0.000107167 -7.27018e-05
0.314207 6.32532e-05 9.50762e-05
0.314574 0.000103892 -9.47949e-05
0.314942 -7.05747e-05 -8.75815e-05
0.315309 -5.91566e-06 -1.47002e-06
0.315677 -1.30829e-05 -5.57194e-07
0.316044 0.000125991 9.55886e-05
0.316412 7.82807e-05 -0.000132774
0.316779 -4.9341e-06 -5.58483e-05
0.317147 3.67163e-06 3.15432e-05
0.317514 -3.51747e-05 -7.89577e-05
0.317882 0.000116514 9.0171e-05
0.318249 -1.47294e-05 -8.82495e-05
0.318617 7.93316e-05 5.95285e-06
0.318984 -1.0369e-05 -0.000126657
0.319352 -1.01589e-05 8.56511e-05
0.319719 2.30464e-05 -4.80516e-05
0.320087 0.000129959 -3.33113e-05
0.320454 -1.56638e-05 -2.52442e-05
0.320822 6.76455e-05 -2.98922e-05
0.321189 5.41677e-05 -5.62354e-05
0.321557 7.55436e-05 -1.10195e-05
0.321924 2.92285e-05 -8.61122e-05
0.322292 -7.69016e-06 -2.33925e-05
0.322659 0.000100001 -1.1816e-05
0.323027 -1.16416e-05 -2.91883e-05
0.323394 1.23357e-05 -2.14812e-05
0.323762 4.42602e-05 1.16544e-05
0.324129 -3.34576e-05 -2.46552e-05
0.324497 6.81555e-05 1.33361e-05
0.324864 3.41263e-06 -7.28024e-06
0.325232 5.31703e-05 1.72832e-06
0.325599 3.16871e-05 -0.000112343
0.325967 -1.36728e-06 -2.33161e-05
0.326334 1.54734e-05 -6.92442e-05
0.326702 -1.50645e-05 3.84883e-05
0.327069 -1.97788e-05 -0.000131746
0.327436 6.24977e-06 0.000106056
0.327804 1.95122e-05 -5.40283e-05
0.328171 1.75497e-07 -3.45245e-05
0.328539 3.2583e-05 -2.3131e-05
0.328906 3.36076e-05 -9.94889e-06
0.329274 -9.51794e-06 -9.87753e-05
0.329641 6.02239e-06 -1.36807e-05
0.330009 -4.42611e-06 -3.28446e-05
0.330376 -2.82972e-05 -4.69305e-05
0.330744 5.24369e-05 7.48772e-05
0.331111 8.66206e-05 -0.000110285
0.331479 3.0583e-05 1.06616e-06
0.331846 9.97345e-05 -0.00010468
0.332214 7.45963e-05 -8.62147e-05
0.332581 4.79483e-05 -5.53308e-05
0.332949 0.000135284 -4.95899e-05
0.333316 8.25569e-05 5.22489e-05
0.333684 0.000146934 -4.01408e-05
0.334051 4.46625e-05 4.40872e-05
0.334419 3.43129e-05 -5.07309e-05
0.334786 6.59043e-05 5.83986e-05
0.335154 1.59794e-05 -3.81558e-05
0.335521 -9.17175e-06 -1.16015e-05
0.335889 7.71381e-05 7.10616e-05
0.336256 0.00011692 -1.5813e-05
0.336624 7.21796e-05 1.94583e-05
0.336991 4.12862e-05 -8.10535e-05
0.337359 3.25967e-05 0.000101113
0.337726 0.000154181 3.86952e-05
0.338094 -1.84967e-06 -0.00011926
0.338461 2.53445e-05 2.98284e-05
0.338829 2.38318e-05 -9.35061e-06
0.339196 7.79698e-05 1.40322e-05
0.339564 3.11229e-05 -0.000114856
0.339931 -7.58085e-05 6.8853e-06
0.340299 2.54524e-05 8.11501e-05
0.340666 4.60821e-05 -2.70034e-05
0.341034 5.82558e-05 1.59748e-06
0.341401 -1.44905e-05 -9.93298e-05
0.341769 -2.47055e-05 0.000129142
0.342136 0.000136818 -0.000116088
0.342504 -1.97131e-05 9.49421e-06
0.342871 0.000106294 -6.69511e-05
0.343239 -9.75101e-05 4.57828e-05
0.343606 0.000111516 3.74531e-05
0.343974 9.22685e-05 -6.327e-06
0.344341 -7.07495e-05 -2.09319e-05
0.344709 4.15428e-05 5.10251e-05
0.345076 5.05882e-05 -1.0974e-05
0.345444 1.55421e-05 -6.87249e-06
0.345811 3.88104e-05 -4.75324e-05
0.346179 2.82598e-05 1.33888e-05
0.346546 0.000123948 -8.62362e-05
0.346914 -9.83017e-05 -9.76767e-06
0.347281 8.45919e-05 -7.26965e-05
0.347649 8.35922e-05 5.79666e-06
0.348016 -3.86697e-05 -5.7162e-05
0.348384 -9.47921e-05 -5.1255e-05
0.348751 0.000216509 0.000107189
0.349119 -8.73593e-05 9.23441e-05
0.349486 0.000170197 1.081e-05
0.349854 0.000172519 7.03362e-05
0.350221 -5.25502e-05 -0.000114731
0.350589 0.000152582 7.10951e-05
0.350956 7.78316e-05 -8.09566e-06
0.351324 -8.97822e-05 -0.00013725
0.351691 7.58815e-05 0.000109291
0.352059 0.000124085 5.5088e-05
0.352426 6.34979e-05 -4.6278e-05
0.352794 0.000161365 -0.000202664
0.353161 -0.000121066 1.01388e-05
0.353529 2.29528e-05 6.35587e-05
0.353896 0.000183876 3.26454e-05
0.354264 2.68238e-05 9.40478e-06
0.354631 0.000157605 -2.3419e-05
0.354998 -3.33247e-05 -6.56162e-06
0.355366 5.10806e-05 -6.68337e-05
0.355733 -6.87277e-05 8.84661e-05
0.356101 0.000154999 2.49514e-05
0.356468 4.54927e-06 -4.87976e-05
0.356836 6.24847e-05 -3.47347e-05
0.357203 5.10867e-06 -3.77879e-05
0.357571 8.30871e-05 3.52396e-06
0.357938 -3.08256e-05 -8.4425e-05
0.358306 6.80979e-05 -6.45217e-05
0.358673 7.03333e-06 2.72349e-05
0.359041 6.05126e-05 6.53055e-05
0.359408 8.91264e-05 -2.97631e-05
0.359776 4.06022e-05 0.00010592
0.360143 3.25933e-05 7.09271e-05
0.360511 0.000100849 -5.83577e-05
0.360878 -3.19978e-05 0.000113331
0.361246 0.000101779 -1.02837e-05
0.361613 1.28546e-06 4.45691e-06
0.361981 0.000112099 1.23498e-05
0.362348 -0.000104396 -6.44831e-05
0.362716 -1.9126e-05 0.000144035
0.363083 4.40676e-05 -2.0788e-05
0.363451 7.05779e-05 5.51261e-05
0.363818 -9.53548e-05 0.000106424
0.364186 0.000236764 -3.59895e-05
0.364553 2.11818e-06 -2.84594e-05
0.364921 9.12313e-05 5.64536e-05
0.365288 -1.84519e-05 -9.38822e-05
0.365656 5.71433e-05 7.42165e-05
0.366023 -3.8464e-05 6.5856e-05
0.366391 9.46682e-05 0.000107151
0.366758 0.000125169 1.83316e-05
0.367126 9.0389e-05 -6.28209e-05
