# x y
-8.0559 9.30215
-6.71325 6.97662
-4.02795 6.97662
-2.6853 9.30215
-4.02795 11.6277
-6.71325 11.6277
-2.6853 4.65108
5e-07 4.65108
1.34265 6.97662
5e-07 9.30215
1.34265 2.32554
4.02795 2.32554
5.3706 4.65108
4.02795 6.97662
5.3706 -1.08696e-07
8.0559 -1.08696e-07
9.39855 2.32554
8.0559 4.65108
9.39855 -2.32554
12.0839 -2.32554
13.4265 -1.08696e-07
12.0839 2.32554
-8.0559 4.65108
-6.71325 2.32554
-4.02795 2.32554
-2.6853 -1.08696e-07
5e-07 -1.08696e-07
1.34265 -2.32554
4.02795 -2.32554
5.3706 -4.65108
8.0559 -4.65108
-8.0559 -1.08696e-07
-6.71325 -2.32554
-4.02795 -2.32554
-2.6853 -4.65108
5e-07 -4.65108
1.34265 -6.97662
4.02795 -6.97662
-8.0559 -4.65108
-6.71325 -6.97662
-4.02795 -6.97662
-2.6853 -9.30216
5e-07 -9.30216
-8.0559 -9.30216
-6.71325 -11.6277
-4.02795 -11.6277
