1.07351 0 0.431528 -2.1183e-14 0.00239225 3.98348e-14 -0.091516 -3.38278e-14 -0.0618511 6.88798e-15 0.464474 -8.29963e-15 -0.0277866 -1.05196e-13 -0.0592695 1.27441e-13 0.0218882 -6.73263e-14 0.0517595 4.06386e-14 -0.000658511 -1.60869e-13 0.0587243 1.91661e-13 -0.00541551 -6.22485e-14 0.00104535 9.22252e-14 0.00112991 -1.15045e-13 0.00016601 1.91131e-13 -0.00187287 -1.5409e-14 -0.053966 1.20931e-13 0.00199584 -1.50337e-14 -0.059439 9.2406e-14 -2.28633e-05 7.11998e-15 0.0594507 8.71847e-14 -0.0477191 1.04e-14 -0.0443121 -6.50765e-14 0.0565998 8.04701e-14 0.0116043 -1.50585e-13 0.000609682 1.68763e-13 -0.00161877 -1.62472e-13 -0.059047 1.97722e-13 0.00215891 -6.25326e-14 0.0535896 1.15685e-13 -0.0021245 1.34226e-14 0.00658269 -7.33456e-14 -0.0578422 8.26101e-14 -0.00286732 -1.18764e-13 0.0585814 1.28161e-13 -0.00133191 -7.01666e-14 9.17002e-05 9.28447e-14 0.0540908 8.01979e-15 0.00201307 -4.80402e-14 -0.00033868 4.03638e-14 -0.0018531 -4.54391e-14 -0.0534614 4.3509e-14 -0.0594377 2.05557e-15 -4.26401e-05 -1.60009e-14 0.0594507 5.31815e-15 
0.431528 2.1183e-14 0.984433 0 0.405813 2.15886e-14 0.00563278 -3.36763e-14 -0.091516 1.89924e-14 -0.00438365 5.2658e-15 0.00108824 -1.14046e-13 -0.0268055 -4.24352e-14 -0.000741966 -1.51642e-13 -0.0284388 -2.74137e-14 0.000117473 -2.90371e-13 -0.00160745 -1.89299e-13 5.02494e-05 -2.71282e-13 0.00977157 -1.44119e-13 -1.48789e-05 -3.85482e-13 0.000730458 -3.49722e-13 0.000134118 -2.90801e-13 -0.000313519 -2.39959e-13 -8.12986e-05 -2.91186e-13 0.00199584 -2.23952e-13 -1.5766e-05 -1.38656e-13 -0.0018531 -2.22881e-13 0.434667 3.60873e-14 -0.00304722 -2.03434e-14 -0.0855017 4.45949e-14 0.000898618 -1.60024e-13 0.0156783 -5.08704e-14 2.30378e-05 -2.9116e-13 2.91748e-05 -1.91877e-13 -0.000101187 -2.70816e-13 -0.00198632 -2.42254e-13 -0.0399512 6.32058e-14 0.000627104 -2.26653e-14 0.0204476 5.53241e-14 -0.000397267 -1.15767e-13 -0.00797547 -3.77828e-14 0.000134479 -1.52787e-13 0.00133087 -1.46112e-13 0.00229178 6.56025e-14 -0.0002078 7.12905e-16 -0.00321874 5.45554e-14 0.000134118 -3.24779e-14 0.00365546 -2.11752e-14 0.00201307 4.83629e-14 1.0966e-05 7.26056e-15 -0.00187288 2.92096e-14 
0.00239225 -3.98348e-14 0.405813 -2.15886e-14 1.00477 0 0.405813 -1.95828e-14 0.00239221 -1.84636e-14 -0.0916932 -1.18307e-14 0.409157 -7.04703e-14 0.00338342 1.8581e-13 -0.0818903 -2.31721e-14 -0.00117606 5.98017e-14 -0.0300636 -1.03338e-13 -0.00075324 4.13809e-13 0.0171643 2.28188e-14 -0.00147316 2.18563e-13 0.000658836 -5.29352e-15 -0.000128788 5.07742e-13 -0.00321874 1.12971e-13 0.00096606 3.22243e-13 0.000730459 1.15501e-13 0.000165974 2.71565e-13 0.000519164 7.90372e-14 -0.000338682 2.72153e-13 -0.00117609 -4.74675e-14 -0.0818903 -5.67816e-14 0.00338345 4.83755e-14 -0.0300636 -1.05367e-13 -0.00192203 2.63948e-13 0.00931283 -9.54988e-14 0.000683159 4.12751e-13 -0.00172028 3.53644e-14 -0.000114104 3.25178e-13 -0.00147316 -4.93654e-14 0.0171643 -6.67376e-14 -0.000753273 4.86857e-14 0.000658836 -8.45876e-14 0.000683192 1.94569e-13 -0.00172028 -1.77488e-14 -0.000300328 2.20246e-13 0.000966089 -4.89632e-14 -0.00321874 -5.40525e-14 -0.000128788 -1.20441e-15 0.000730458 -3.68943e-14 -0.000114134 6.11769e-14 -0.000338715 -4.21375e-14 0.000519164 -2.17908e-14 0.000166007 -1.80975e-14 
-0.091516 3.38278e-14 0.00563278 3.36763e-14 0.405813 1.95828e-14 0.984433 0 0.431528 1.26903e-14 -0.00438365 1.65319e-14 0.00108824 -3.61198e-14 -0.0855017 -6.73553e-14 -0.00304721 -1.05255e-13 0.434667 -3.06991e-14 0.000898619 -1.90766e-13 0.0204476 -2.12914e-13 0.000627104 -2.19887e-13 -0.0399512 -1.43335e-13 -0.000397267 -3.09268e-13 -0.00321874 -3.58799e-13 -0.0002078 -2.5794e-13 0.00229178 -2.40244e-13 0.000134118 -2.58478e-13 -0.00187288 -2.22916e-13 1.0966e-05 -1.27698e-13 0.00201307 -2.2233e-13 -0.0284388 4.77488e-14 -0.000741966 2.90934e-14 -0.0268055 1.65474e-14 0.000117472 -6.03397e-14 0.0156783 -9.2901e-14 2.30379e-05 -1.90718e-13 -0.00797547 -2.22519e-13 0.000134479 -2.19429e-13 0.00365545 -2.47269e-13 0.00977157 5.94563e-14 5.02497e-05 2.95859e-14 -0.00160745 2.23388e-14 -1.48788e-05 -3.66376e-14 2.91733e-05 -7.25137e-14 -0.000101187 -1.00655e-13 0.00133087 -1.54603e-13 -0.000313521 5.8869e-14 0.000134118 3.34806e-14 0.000730459 3.72313e-14 -8.12985e-05 6.093e-16 -0.00198632 -2.86108e-14 -0.0018531 4.63175e-14 -1.5766e-05 1.77027e-14 0.00199584 2.63526e-14 
-0.0618511 -6.88798e-15 -0.091516 -1.89924e-14 0.00239221 1.84636e-14 0.431528 -1.26903e-14 1.07351 0 0.464474 -2.85832e-15 -0.0277866 -5.94666e-14 0.0565999 8.82853e-14 -0.0443121 -3.72957e-14 -0.047719 2.77165e-14 0.0116043 -9.9515e-14 -0.0578422 1.58979e-13 0.00658268 -3.55895e-14 -0.00212453 7.72932e-14 -0.00286732 -6.76412e-14 -0.000338718 1.68393e-13 0.00201307 1.38779e-15 0.0540908 1.0178e-13 -0.0018531 2.33492e-15 0.0594507 8.16711e-14 -4.26403e-05 1.1547e-14 -0.0594377 8.55936e-14 0.0517595 -4.33644e-15 0.0218882 -3.67982e-14 -0.0592694 4.23392e-14 -0.000658513 -8.647e-14 0.000609645 1.20297e-13 -0.00161878 -9.78757e-14 0.0585814 1.55104e-13 -0.00133192 -3.13232e-14 -0.0534614 1.06675e-13 0.00104531 -2.97475e-15 -0.00541552 -4.24529e-14 0.0587243 4.44437e-14 0.00112991 -6.72774e-14 -0.0590469 8.98392e-14 0.00215891 -3.79907e-14 9.16391e-05 7.77948e-14 -0.053966 -3.76251e-15 -0.00187288 -2.86254e-14 0.000165971 1.82365e-14 0.00199584 -2.62849e-14 0.0535896 2.71184e-14 0.0594507 -8.68719e-15 -2.28634e-05 -9.76885e-15 -0.0594391 6.67729e-16 
0.464474 8.29963e-15 -0.00438365 -5.2658e-15 -0.0916932 1.18307e-14 -0.00438365 -1.65319e-14 0.464474 2.85832e-15 0.99461 0 0.00121241 -5.28963e-14 0.0200248 -1.31208e-15 0.0012679 -6.06431e-14 -0.04607 -7.25606e-15 -0.000547171 -1.17905e-13 -0.00377466 -4.45881e-14 -0.000168255 -9.8542e-14 0.00521489 -3.98008e-14 0.000140338 -1.42901e-13 0.000519164 -9.75083e-14 1.09659e-05 -9.96076e-14 -0.000354477 -6.84929e-14 -1.57659e-05 -9.96489e-14 -2.28666e-05 -6.52786e-14 2.95213e-06 -4.56729e-14 -4.2637e-05 -6.51795e-14 -0.04607 1.59251e-14 0.0012679 -1.77212e-14 0.0200249 2.35564e-14 -0.000547171 -7.42789e-14 -0.00633176 -1.55169e-15 9.43915e-05 -1.17462e-13 0.0017001 -4.4386e-14 -3.09157e-05 -9.884e-14 -0.000367223 -6.93883e-14 0.00521489 2.26851e-14 -0.000168255 -1.82966e-14 -0.00377467 2.69846e-14 0.000140338 -5.49985e-14 0.0017001 3.02792e-16 -3.09158e-05 -6.05453e-14 -0.000589191 -4.00817e-14 -0.000354472 2.25991e-14 1.09661e-05 -6.65874e-15 0.000519164 2.1911e-14 -1.57661e-05 -1.73836e-14 -0.000367228 -3.55876e-15 -4.26428e-05 1.59585e-14 2.95213e-06 1.37202e-16 -2.28607e-05 1.04604e-14 
-0.0277866 1.05196e-13 0.00108824 1.14046e-13 0.409157 7.04703e-14 0.00108824 3.61198e-14 -0.0277866 5.94666e-14 0.00121241 5.28963e-14 0.984237 0 0.419776 -1.71879e-13 0.00177187 -1.81887e-13 -0.0881794 -7.22046e-14 -0.00176201 -3.36484e-13 -0.0316858 -6.02652e-13 0.000587157 -4.57323e-13 -0.0292536 -3.85416e-13 0.000491795 -6.28236e-13 0.000658836 -9.62373e-13 -0.000397268 -5.85773e-13 0.0114872 -6.39594e-13 -1.48787e-05 -5.86478e-13 0.0011299 -5.84851e-13 0.000140338 -3.00848e-13 -0.00286731 -5.82054e-13 -0.0881794 1.35305e-13 0.00177187 1.26565e-13 0.419776 2.80637e-14 -0.00176201 -3.23969e-14 -0.0821201 -2.85827e-13 3.0701e-05 -3.21772e-13 0.0169044 -6.25517e-13 -9.60317e-05 -4.60767e-13 -0.0026328 -6.52077e-13 -0.0292536 1.53333e-13 0.000587156 1.25359e-13 -0.0316858 3.26222e-14 0.000491795 1.3236e-15 0.0169044 -2.21853e-13 -9.60315e-05 -1.79983e-13 -0.00576378 -4.09459e-13 0.0114872 1.51798e-13 -0.000397267 1.17516e-13 0.000658836 8.65082e-14 -1.48789e-05 3.87518e-14 -0.00263281 -7.98075e-14 -0.00286732 1.19623e-13 0.000140338 5.55277e-14 0.00112991 6.89833e-14 
-0.0592695 -1.27441e-13 -0.0268055 4.24352e-14 0.00338342 -1.8581e-13 -0.0855017 6.73553e-14 0.0565999 -8.82853e-14 0.0200248 1.31208e-15 0.419776 1.71879e-13 1.07021 0 0.412615 1.12158e-13 -0.0527531 -1.23782e-14 0.420117 1.85939e-13 -0.0543777 3.42379e-13 -0.0809635 2.62521e-13 -0.00083246 2.12709e-13 -0.0316858 3.64261e-13 -0.000753276 6.33148e-13 0.0204476 3.30982e-13 0.0512987 4.1154e-13 -0.00160746 3.42913e-13 0.0587243 3.89816e-13 -0.00377467 1.78257e-13 -0.0578422 3.90345e-13 0.0518077 -1.91921e-13 -0.0281694 1.03023e-13 -0.0580051 -2.25557e-13 -0.0839587 2.80996e-13 0.00163853 1.33349e-14 -0.028822 3.28508e-13 0.0565937 3.52235e-13 0.00780842 3.04075e-13 -0.0525378 4.1912e-13 0.000480953 -2.21596e-13 0.014355 1.00841e-13 0.0565937 -2.32082e-13 0.0169044 2.22804e-13 -0.058488 -2.41991e-15 0.00241985 2.09488e-13 0.000407174 2.21668e-13 -0.0527855 -1.96276e-13 -0.00797547 3.73997e-14 0.000683156 -1.96436e-13 2.91746e-05 7.19992e-14 0.0529668 -1.45777e-14 0.0585814 -1.30378e-13 0.0017001 -1.3048e-16 -0.059047 -9.14052e-14 
0.0218882 6.73263e-14 -0.000741966 1.51642e-13 -0.0818903 2.31721e-14 -0.00304721 1.05255e-13 -0.0443121 3.72957e-14 0.0012679 6.06431e-14 0.00177187 1.81887e-13 0.412615 -1.12158e-13 0.986083 0 0.43541 -1.57101e-14 0.000462299 -6.21902e-15 -0.0809635 -4.05043e-13 -0.00167434 -1.92338e-13 0.421949 -1.91542e-13 0.000587156 -2.46975e-13 0.0171643 -6.06325e-13 0.000627104 -3.09236e-13 -0.0409723 -3.8337e-13 5.02497e-05 -3.09773e-13 -0.00541552 -3.6261e-13 -0.000168255 -1.71053e-13 0.00658269 -3.56655e-13 0.0145952 7.76052e-14 -0.000557483 2.0417e-13 -0.0281694 -4.61877e-14 5.83293e-05 2.09234e-13 -0.0290261 -2.57853e-13 -0.000473856 8.57099e-15 0.014355 -4.41608e-13 0.000103374 -1.87734e-13 -0.0039078 -4.12981e-13 0.000301383 8.2474e-14 0.000103374 2.05126e-13 0.00780842 -5.25229e-14 -9.60317e-05 1.81766e-13 0.00241986 -2.08998e-13 5.05343e-05 7.265e-16 -0.0022762 -2.70943e-13 6.11769e-05 8.18493e-14 0.000134479 1.54368e-13 -0.00172028 1.8838e-14 -0.000101187 1.02261e-13 -0.00106024 -6.4435e-14 -0.00133191 7.08239e-14 -3.09158e-05 6.1171e-14 0.00215891 3.93481e-14 
0.0517595 -4.06386e-14 -0.0284388 2.74137e-14 -0.00117606 -5.98017e-14 0.434667 3.06991e-14 -0.047719 -2.77165e-14 -0.04607 7.25606e-15 -0.0881794 7.22046e-14 -0.0527531 1.23782e-14 0.43541 1.57101e-14 1.06255 0 -0.0309897 7.28569e-14 0.0512986 1.4679e-13 -0.0409723 6.0226e-14 0.00519544 7.72796e-14 0.0114872 8.2422e-14 0.000966092 2.32151e-13 0.00229178 8.51878e-14 -0.0503963 1.52292e-13 -0.00031352 9.16986e-14 -0.053966 1.37229e-13 -0.000354474 5.02947e-14 0.0540907 1.3421e-13 -0.0473271 -6.42167e-14 0.0145952 4.9807e-14 0.0518076 -7.30181e-14 0.0179817 1.01921e-13 9.20449e-05 2.49363e-14 2.51522e-05 9.33259e-14 -0.0527855 1.44483e-13 6.11783e-05 8.12693e-14 0.0480944 1.48874e-13 0.000171881 -7.2805e-14 -0.0039078 4.67429e-14 -0.0525378 -7.46877e-14 -0.0026328 8.11022e-14 0.0529668 1.25707e-14 -0.00106024 6.51034e-14 -1.64186e-06 8.22209e-14 0.0480944 -6.47579e-14 0.00365545 2.15743e-14 -0.000114102 -6.36358e-14 -0.00198632 2.94946e-14 -0.0483051 3.25309e-16 -0.0534614 -4.1022e-14 -0.000367226 3.11316e-15 0.0535896 -2.94063e-14 
-0.000658511 1.60869e-13 0.000117473 2.90371e-13 -0.0300636 1.03338e-13 0.000898619 1.90766e-13 0.0116043 9.9515e-14 -0.000547171 1.17905e-13 -0.00176201 3.36484e-13 0.420117 -1.85939e-13 0.000462299 6.21902e-15 -0.0309897 -7.28569e-14 0.983495 0 0.420117 -6.18957e-13 0.000462301 -3.51821e-13 -0.0865822 -4.52284e-13 -0.00176201 -4.7814e-13 -0.0300636 -1.17183e-12 0.000898618 -5.96177e-13 -0.0309897 -7.63597e-13 0.000117472 -5.97584e-13 -0.000658514 -7.16265e-13 -0.000547171 -3.32292e-13 0.0116043 -7.10581e-13 0.0179817 2.00782e-13 5.83285e-05 3.77923e-13 -0.0839587 -1.35314e-14 0.00275244 3.82349e-13 0.408454 -2.86184e-13 0.00275244 1.02627e-15 -0.0839587 -7.99944e-13 5.83293e-05 -3.62014e-13 0.0179817 -7.94545e-13 0.0165953 2.15449e-13 -0.000473856 3.80562e-13 -0.028822 -1.72089e-14 3.07009e-05 3.23823e-13 -0.028822 -3.26739e-13 -0.000473856 -6.6859e-15 0.0165953 -4.9513e-13 2.51515e-05 2.02468e-13 2.30379e-05 2.92831e-13 0.00931283 9.82196e-14 2.30378e-05 1.93056e-13 2.5149e-05 -9.17224e-14 -0.00161878 1.6419e-13 9.43915e-05 1.18436e-13 -0.00161877 9.92562e-14 
0.0587243 -1.91661e-13 -0.00160745 1.89299e-13 -0.00075324 -4.13809e-13 0.0204476 2.12914e-13 -0.0578422 -1.58979e-13 -0.00377466 4.45881e-14 -0.0316858 6.02652e-13 -0.0543777 -3.42379e-13 -0.0809635 4.05043e-13 0.0512986 -1.4679e-13 0.420117 6.18957e-13 1.07021 0 0.412615 2.96389e-13 -0.000832426 5.65391e-14 0.419776 4.43631e-13 0.00338345 3.98373e-13 -0.0855017 3.94877e-13 -0.0527531 2.77522e-13 -0.0268055 4.05995e-13 -0.0592694 3.08005e-13 0.0200249 1.89075e-13 0.0565998 3.05755e-13 -0.0525378 -3.25068e-13 0.00780843 3.59714e-13 0.0565936 -5.83088e-13 -0.028822 8.09427e-13 0.00163857 -4.31361e-13 -0.0839587 8.00804e-13 -0.0580051 -9.24142e-16 -0.0281694 4.80171e-13 0.0518076 2.72799e-13 0.000407221 -3.78016e-13 0.00241986 3.61948e-13 -0.058488 -5.88841e-13 0.0169044 6.25229e-13 0.0565936 -3.52584e-13 0.014355 4.40934e-13 0.000481001 5.38756e-14 0.0529668 -3.2283e-13 2.91754e-05 1.91445e-13 0.000683194 -4.15887e-13 -0.00797547 2.22363e-13 -0.0527855 -1.45345e-13 -0.059047 -1.97265e-13 0.0017001 4.37685e-14 0.0585814 -1.56965e-13 
-0.00541551 6.22485e-14 5.02494e-05 2.71282e-13 0.0171643 -2.28188e-14 0.000627104 2.19887e-13 0.00658268 3.55895e-14 -0.000168255 9.8542e-14 0.000587157 4.57323e-13 -0.0809635 -2.62521e-13 -0.00167434 1.92338e-13 -0.0409723 -6.0226e-14 0.000462301 3.51821e-13 0.412615 -2.96389e-13 0.986083 0 0.421949 -1.36868e-13 0.00177187 1.40751e-14 -0.0818903 -5.55129e-13 -0.00304722 -1.8122e-13 0.43541 -2.65737e-13 -0.000741966 -1.85477e-13 0.0218882 -3.28216e-13 0.0012679 -1.28044e-13 -0.0443121 -3.15752e-13 -0.0039078 5.73027e-14 0.000103374 3.91236e-13 0.014355 -1.58297e-13 -0.000473856 5.6812e-13 -0.0290261 -3.81999e-13 5.83287e-05 3.63405e-13 -0.0281694 -4.79748e-13 -0.000557484 6.00118e-16 0.0145952 -3.85007e-13 -0.0022762 5.3118e-14 5.05342e-05 3.91973e-13 0.00241985 -1.66055e-13 -9.60315e-05 4.61998e-13 0.00780843 -3.03708e-13 0.000103374 1.88882e-13 0.000301381 -2.71384e-13 -0.00106024 5.73592e-14 -0.000101187 2.72082e-13 -0.00172028 -3.42958e-14 0.000134479 2.2034e-13 6.11744e-05 -8.04609e-14 0.00215891 6.34916e-14 -3.09157e-05 9.95814e-14 -0.00133191 3.22418e-14 
0.00104535 -9.22252e-14 0.00977157 1.44119e-13 -0.00147316 -2.18563e-13 -0.0399512 1.43335e-13 -0.00212453 -7.72932e-14 0.00521489 3.98008e-14 -0.0292536 3.85416e-13 -0.00083246 -2.12709e-13 0.421949 1.91542e-13 0.00519544 -7.72796e-14 -0.0865822 4.52284e-13 -0.000832426 -5.65391e-14 0.421949 1.36868e-13 1.01091 0 -0.0292536 3.48215e-13 -0.00147316 1.46552e-13 -0.0399512 1.80906e-13 0.00519541 9.92071e-14 0.00977157 1.97944e-13 0.00104531 1.22829e-13 0.00521489 8.31345e-14 -0.00212449 1.23093e-13 0.000171849 -1.60869e-13 0.000301382 2.54142e-13 0.000480988 -3.26793e-13 0.0165953 5.24724e-13 -0.00100109 -2.72785e-13 0.0165953 4.96473e-13 0.000480953 -5.53846e-14 0.000301383 2.72356e-13 0.000171881 1.00363e-13 -0.000285939 -1.90639e-13 -0.0022762 2.56516e-13 0.000407186 -3.29663e-13 -0.00576378 4.10263e-13 0.000407222 -2.2246e-13 -0.0022762 2.7181e-13 -0.000285939 -1.74719e-16 -1.65333e-06 -1.62073e-13 0.00133087 1.46316e-13 -0.000300328 -2.21824e-13 0.00133087 1.54764e-13 -1.68547e-06 -8.40091e-14 9.16519e-05 -9.43708e-14 -0.000589191 3.98853e-14 9.16875e-05 -7.7287e-14 
0.00112991 1.15045e-13 -1.48789e-05 3.85482e-13 0.000658836 5.29352e-15 -0.000397267 3.09268e-13 -0.00286732 6.76412e-14 0.000140338 1.42901e-13 0.000491795 6.28236e-13 -0.0316858 -3.64261e-13 0.000587156 2.46975e-13 0.0114872 -8.2422e-14 -0.00176201 4.7814e-13 0.419776 -4.43631e-13 0.00177187 -1.40751e-14 -0.0292536 -3.48215e-13 0.984237 0 0.409157 -6.41463e-13 0.00108824 -2.75373e-13 -0.0881794 -5.3155e-13 0.00108824 -2.75278e-13 -0.0277866 -4.77113e-13 0.00121241 -1.9763e-13 -0.0277866 -4.77376e-13 -0.0026328 1.20827e-13 -9.60315e-05 5.48046e-13 0.0169044 -1.68505e-13 3.0701e-05 7.68927e-13 -0.0821201 -4.95842e-13 -0.00176201 4.79e-13 0.419776 -4.42822e-13 0.00177187 -1.33629e-14 -0.0881794 -5.31566e-13 -0.00576378 1.21026e-13 -9.60316e-05 5.48682e-13 0.0169044 -1.6727e-13 0.000491795 6.29384e-13 -0.0316858 -3.63168e-13 0.000587157 2.48312e-13 -0.0292536 -3.47051e-13 -0.0026328 1.21888e-13 -1.48788e-05 3.86746e-13 0.000658836 7.09423e-15 -0.000397268 3.10857e-13 0.0114872 -8.06303e-14 0.00112991 1.16251e-13 0.000140338 1.435e-13 -0.00286732 6.87133e-14 
0.00016601 -1.91131e-13 0.000730458 3.49722e-13 -0.000128788 -5.07742e-13 -0.00321874 3.58799e-13 -0.000338718 -1.68393e-13 0.000519164 9.75083e-14 0.000658836 9.62373e-13 -0.000753276 -6.33148e-13 0.0171643 6.06325e-13 0.000966092 -2.32151e-13 -0.0300636 1.17183e-12 0.00338345 -3.98373e-13 -0.0818903 5.55129e-13 -0.00147316 -1.46552e-13 0.409157 6.41463e-13 1.00477 0 0.405813 2.31944e-13 -0.00117609 2.6141e-14 0.405813 2.31733e-13 0.00239221 1.17405e-13 -0.0916932 1.28659e-13 0.00239225 1.17389e-13 -0.000114137 -3.42963e-13 -0.00172028 6.08557e-13 0.000683195 -7.86421e-13 0.00931283 1.26344e-12 -0.00192204 -8.08905e-13 -0.0300636 1.17228e-12 0.00338342 -3.9842e-13 -0.0818903 5.55306e-13 -0.00117606 2.57133e-14 -0.000300328 -4.09723e-13 -0.00172028 6.0867e-13 0.000683156 -7.86676e-13 0.000658836 9.62322e-13 -0.000753238 -6.33912e-13 0.0171643 6.06206e-13 -0.00147316 -1.47257e-13 -0.000114101 -3.43303e-13 0.000730459 3.49297e-13 -0.000128788 -5.08646e-13 -0.00321874 3.58692e-13 0.000966057 -2.32805e-13 0.000165971 -1.91698e-13 0.000519164 9.75662e-14 -0.000338679 -1.69139e-13 
-0.00187287 1.5409e-14 0.000134118 2.90801e-13 -0.00321874 -1.12971e-13 -0.0002078 2.5794e-13 0.00201307 -1.38779e-15 1.09659e-05 9.96076e-14 -0.000397268 5.85773e-13 0.0204476 -3.30982e-13 0.000627104 3.09236e-13 0.00229178 -8.51878e-14 0.000898618 5.96177e-13 -0.0855017 -3.94877e-13 -0.00304722 1.8122e-13 -0.0399512 -1.80906e-13 0.00108824 2.75373e-13 0.405813 -2.31944e-13 0.984433 0 0.434667 -1.39115e-13 0.00563278 3.54381e-16 -0.091516 -1.70193e-13 -0.00438365 -3.59173e-14 0.431528 -1.11116e-13 0.00365545 -1.68066e-14 0.000134479 4.41613e-13 -0.00797547 -2.76263e-13 2.30378e-05 7.41915e-13 0.0156783 -4.51441e-13 0.000117473 5.98146e-13 -0.0268055 -4.05878e-13 -0.000741966 1.85488e-13 -0.0284388 -2.25618e-13 0.00133087 -3.26966e-14 -0.000101187 4.42502e-13 2.91731e-05 -2.77687e-13 -1.48789e-05 5.87428e-13 -0.00160745 -3.42496e-13 5.02492e-05 3.10462e-13 0.00977157 -1.976e-13 -0.00198632 -1.72117e-14 -8.12986e-05 2.91726e-13 0.000730458 -1.14621e-13 0.000134118 2.58972e-13 -0.00031352 -9.14754e-14 0.00199584 1.54112e-14 -1.5766e-05 1.00073e-13 -0.0018531 -1.73949e-15 
-0.053966 -1.20931e-13 -0.000313519 2.39959e-13 0.00096606 -3.22243e-13 0.00229178 2.40244e-13 0.0540908 -1.0178e-13 -0.000354477 6.84929e-14 0.0114872 6.39594e-13 0.0512987 -4.1154e-13 -0.0409723 3.8337e-13 -0.0503963 -1.52292e-13 -0.0309897 7.63597e-13 -0.0527531 -2.77522e-13 0.43541 2.65737e-13 0.00519541 -9.92071e-14 -0.0881794 5.3155e-13 -0.00117609 -2.6141e-14 0.434667 1.39115e-13 1.06255 0 -0.0284388 2.2546e-13 0.0517595 5.81534e-14 -0.04607 7.84033e-14 -0.0477191 6.06682e-14 0.0480945 -2.12174e-13 6.11741e-05 4.13923e-13 -0.0527855 -5.12015e-13 2.51495e-05 8.4676e-13 9.2012e-05 -5.3155e-13 0.0179817 7.95036e-13 0.0518077 -2.72502e-13 0.0145952 3.85371e-13 -0.0473271 -7.32685e-16 -1.68532e-06 -2.57676e-13 -0.00106024 4.16065e-13 0.0529668 -5.08408e-13 -0.0026328 6.52827e-13 -0.0525378 -4.2165e-13 -0.0039078 4.13487e-13 0.000171837 -9.99277e-14 -0.0483051 -2.17478e-13 -0.00198632 2.4257e-13 -0.000114136 -3.25021e-13 0.00365545 2.46979e-13 0.0480945 -1.49787e-13 0.0535896 -1.17534e-13 -0.000367226 6.94843e-14 -0.0534614 -1.07111e-13 
0.00199584 1.50337e-14 -8.12986e-05 2.91186e-13 0.000730459 -1.15501e-13 0.000134118 2.58478e-13 -0.0018531 -2.33492e-15 -1.57659e-05 9.96489e-14 -1.48787e-05 5.86478e-13 -0.00160746 -3.42913e-13 5.02497e-05 3.09773e-13 -0.00031352 -9.16986e-14 0.000117472 5.97584e-13 -0.0268055 -4.05995e-13 -0.000741966 1.85477e-13 0.00977157 -1.97944e-13 0.00108824 2.75278e-13 0.405813 -2.31733e-13 0.00563278 -3.54381e-16 -0.0284388 -2.2546e-13 0.984433 0 0.431528 -1.10914e-13 -0.00438365 -3.58115e-14 -0.091516 -1.70206e-13 -0.00198632 -1.7422e-14 -0.000101187 4.41863e-13 2.9174e-05 -2.78359e-13 2.30378e-05 7.41697e-13 0.0156783 -4.51137e-13 0.000898619 5.96345e-13 -0.0855017 -3.94882e-13 -0.00304721 1.81009e-13 0.434667 -1.38866e-13 0.00133087 -3.2382e-14 0.000134479 4.41815e-13 -0.00797547 -2.76223e-13 -0.000397267 5.86121e-13 0.0204476 -3.30529e-13 0.000627104 3.09823e-13 -0.0399512 -1.80719e-13 0.00365545 -1.66581e-14 0.000134118 2.91235e-13 -0.00321874 -1.12272e-13 -0.0002078 2.58832e-13 0.00229178 -8.49701e-14 -0.00187288 1.61058e-14 1.0966e-05 1.00233e-13 0.00201307 -7.03746e-16 
-0.059439 -9.2406e-14 0.00199584 2.23952e-13 0.000165974 -2.71565e-13 -0.00187288 2.22916e-13 0.0594507 -8.16711e-14 -2.28666e-05 6.52786e-14 0.0011299 5.84851e-13 0.0587243 -3.89816e-13 -0.00541552 3.6261e-13 -0.053966 -1.37229e-13 -0.000658514 7.16265e-13 -0.0592694 -3.08005e-13 0.0218882 3.28216e-13 0.00104531 -1.22829e-13 -0.0277866 4.77113e-13 0.00239221 -1.17405e-13 -0.091516 1.70193e-13 0.0517595 -5.81534e-14 0.431528 1.10914e-13 1.07351 0 0.464474 3.31797e-14 -0.0618511 7.80713e-16 0.0535896 -1.68296e-13 0.00215891 3.78597e-13 -0.0590469 -4.44243e-13 -0.00161878 7.6392e-13 0.000609645 -5.02024e-13 0.0116043 7.10279e-13 0.0565999 -3.06266e-13 -0.0443121 3.15962e-13 -0.047719 -6.06769e-14 9.16521e-05 -2.05483e-13 -0.00133191 3.78148e-13 0.0585814 -4.39916e-13 -0.00286732 5.82275e-13 -0.0578422 -3.90779e-13 0.00658268 3.57405e-13 -0.00212454 -1.22231e-13 -0.0534614 -1.7095e-13 -0.0018531 2.22899e-13 -0.000338718 -2.71498e-13 0.00201307 2.21622e-13 0.0540908 -1.35907e-13 0.0594507 -9.02939e-14 -4.26397e-05 6.5943e-14 -0.0594377 -8.36381e-14 
-2.28633e-05 -7.11998e-15 -1.5766e-05 1.38656e-13 0.000519164 -7.90372e-14 1.0966e-05 1.27698e-13 -4.26403e-05 -1.1547e-14 2.95213e-06 4.56729e-14 0.000140338 3.00848e-13 -0.00377467 -1.78257e-13 -0.000168255 1.71053e-13 -0.000354474 -5.02947e-14 -0.000547171 3.32292e-13 0.0200249 -1.89075e-13 0.0012679 1.28044e-13 0.00521489 -8.31345e-14 0.00121241 1.9763e-13 -0.0916932 -1.28659e-13 -0.00438365 3.59173e-14 -0.04607 -7.84033e-14 -0.00438365 3.58115e-14 0.464474 -3.31797e-14 0.99461 0 0.464474 -3.38694e-14 -0.000367226 -3.01071e-14 -3.09157e-05 2.15632e-13 0.0017001 -1.63419e-13 9.43915e-05 3.84923e-13 -0.00633176 -2.39066e-13 -0.000547171 3.32483e-13 0.0200248 -1.88642e-13 0.0012679 1.27848e-13 -0.04607 -7.88823e-14 -0.000589191 -4.08491e-14 -3.09157e-05 2.15687e-13 0.0017001 -1.62704e-13 0.000140338 3.01016e-13 -0.00377467 -1.7868e-13 -0.000168255 1.71145e-13 0.00521489 -8.30698e-14 -0.000367225 -3.01742e-14 -1.5766e-05 1.38402e-13 0.000519164 -7.9112e-14 1.0966e-05 1.28193e-13 -0.000354475 -4.95527e-14 -2.2864e-05 -6.64975e-15 2.95213e-06 4.57912e-14 -4.26395e-05 -1.15956e-14 
0.0594507 -8.71847e-14 -0.0018531 2.22881e-13 -0.000338682 -2.72153e-13 0.00201307 2.2233e-13 -0.0594377 -8.55936e-14 -4.2637e-05 6.51795e-14 -0.00286731 5.82054e-13 -0.0578422 -3.90345e-13 0.00658269 3.56655e-13 0.0540907 -1.3421e-13 0.0116043 7.10581e-13 0.0565998 -3.05755e-13 -0.0443121 3.15752e-13 -0.00212449 -1.23093e-13 -0.0277866 4.77376e-13 0.00239225 -1.17389e-13 0.431528 1.11116e-13 -0.0477191 -6.06682e-14 -0.091516 1.70206e-13 -0.0618511 -7.80713e-16 0.464474 3.38694e-14 1.07351 0 -0.0534614 -1.72491e-13 -0.00133191 3.78132e-13 0.0585814 -4.38471e-13 -0.00161877 7.64188e-13 0.000609682 -5.03033e-13 -0.00065851 7.16573e-13 -0.0592695 -3.09643e-13 0.0218882 3.28293e-13 0.0517595 -5.70909e-14 9.16873e-05 -2.05158e-13 0.00215891 3.7867e-13 -0.059047 -4.45089e-13 0.00112991 5.8464e-13 0.0587243 -3.87989e-13 -0.00541551 3.6218e-13 0.00104536 -1.24282e-13 0.0535896 -1.68712e-13 0.00199585 2.23719e-13 0.00016601 -2.73043e-13 -0.00187288 2.23236e-13 -0.053966 -1.37601e-13 -0.0594391 -9.09103e-14 -2.28638e-05 6.51408e-14 0.0594507 -8.17216e-14 
-0.0477191 -1.04e-14 0.434667 -3.60873e-14 -0.00117609 4.74675e-14 -0.0284388 -4.77488e-14 0.0517595 4.33644e-15 -0.04607 -1.59251e-14 -0.0881794 -1.35305e-13 0.0518077 1.91921e-13 0.0145952 -7.76052e-14 -0.0473271 6.42167e-14 0.0179817 -2.00782e-13 -0.0525378 3.25068e-13 -0.0039078 -5.73027e-14 0.000171849 1.60869e-13 -0.0026328 -1.20827e-13 -0.000114137 3.42963e-13 0.00365545 1.68066e-14 0.0480945 2.12174e-13 -0.00198632 1.7422e-14 0.0535896 1.68296e-13 -0.000367226 3.01071e-14 -0.0534614 1.72491e-13 1.06255 0 0.43541 -6.2031e-14 -0.0527531 1.05312e-13 -0.0309897 -1.89892e-13 9.20121e-05 2.59335e-13 2.51483e-05 -2.0122e-13 0.0529668 3.21394e-13 -0.00106024 -5.64776e-14 -0.048305 2.1721e-13 0.00519541 6.19856e-15 -0.0409723 -9.28897e-14 0.0512987 1.07381e-13 0.0114872 -1.50225e-13 -0.0527855 1.947e-13 6.11724e-05 -8.10306e-14 -1.69699e-06 1.62251e-13 -0.0503963 6.68494e-16 0.00229178 -6.51879e-14 0.000966057 4.85578e-14 -0.00031352 -5.91856e-14 0.0480945 6.24871e-14 0.0540908 -1.16165e-14 -0.000354474 -2.22709e-14 -0.053966 4.9836e-15 
-0.0443121 6.50765e-14 -0.00304722 2.03434e-14 -0.0818903 5.67816e-14 -0.000741966 -2.90934e-14 0.0218882 3.67982e-14 0.0012679 1.77212e-14 0.00177187 -1.26565e-13 -0.0281694 -1.03023e-13 -0.000557483 -2.0417e-13 0.0145952 -4.9807e-14 5.83285e-05 -3.77923e-13 0.00780843 -3.59714e-13 0.000103374 -3.91236e-13 0.000301382 -2.54142e-13 -9.60315e-05 -5.48046e-13 -0.00172028 -6.08557e-13 0.000134479 -4.41613e-13 6.11741e-05 -4.13923e-13 -0.000101187 -4.41863e-13 0.00215891 -3.78597e-13 -3.09157e-05 -2.15632e-13 -0.00133191 -3.78132e-13 0.43541 6.2031e-14 0.986083 0 0.412615 3.08575e-14 0.000462301 -1.83164e-13 -0.0290261 -1.35119e-13 -0.000473856 -3.7891e-13 0.00241985 -3.61944e-13 5.05341e-05 -3.90825e-13 -0.00106024 -4.15908e-13 0.421949 7.03259e-14 -0.00167434 5.27831e-16 -0.0809635 5.4199e-14 0.000587157 -1.23887e-13 0.014355 -1.00066e-13 0.000103374 -2.04033e-13 -0.0022762 -2.55478e-13 -0.0409723 9.3897e-14 0.000627104 2.38668e-14 0.0171643 6.81769e-14 5.02495e-05 -2.84069e-14 -0.0039078 -4.5614e-14 0.00658268 7.39239e-14 -0.000168255 1.89411e-14 -0.00541551 4.305e-14 
0.0565998 -8.04701e-14 -0.0855017 -4.45949e-14 0.00338345 -4.83755e-14 -0.0268055 -1.65474e-14 -0.0592694 -4.23392e-14 0.0200249 -2.35564e-14 0.419776 -2.80637e-14 -0.0580051 2.25557e-13 -0.0281694 4.61877e-14 0.0518076 7.30181e-14 -0.0839587 1.35314e-14 0.0565936 5.83088e-13 0.014355 1.58297e-13 0.000480988 3.26793e-13 0.0169044 1.68505e-13 0.000683195 7.86421e-13 -0.00797547 2.76263e-13 -0.0527855 5.12015e-13 2.9174e-05 2.78359e-13 -0.0590469 4.44243e-13 0.0017001 1.63419e-13 0.0585814 4.38471e-13 -0.0527531 -1.05312e-13 0.412615 -3.08575e-14 1.07021 0 0.420117 -4.5945e-14 0.00163857 3.03962e-13 -0.028822 1.8234e-14 -0.058488 5.87636e-13 0.00241986 1.66554e-13 0.0529668 5.0798e-13 -0.000832426 -1.13383e-13 -0.0809635 -5.41526e-14 -0.0543777 -4.26443e-16 -0.0316858 -3.22721e-14 0.0565936 2.30751e-13 0.00780843 5.25117e-14 0.000407234 3.27809e-13 0.0512986 -1.09379e-13 0.0204476 -5.56328e-14 -0.000753238 -5.13716e-14 -0.00160745 -2.2445e-14 -0.0525378 7.48055e-14 -0.0578422 -8.11438e-14 -0.00377467 -2.76214e-14 0.0587243 -4.71523e-14 
0.0116043 1.50585e-13 0.000898618 1.60024e-13 -0.0300636 1.05367e-13 0.000117472 6.03397e-14 -0.000658513 8.647e-14 -0.000547171 7.42789e-14 -0.00176201 3.23969e-14 -0.0839587 -2.80996e-13 5.83293e-05 -2.09234e-13 0.0179817 -1.01921e-13 0.00275244 -3.82349e-13 -0.028822 -8.09427e-13 -0.000473856 -5.6812e-13 0.0165953 -5.24724e-13 3.0701e-05 -7.68927e-13 0.00931283 -1.26344e-12 2.30378e-05 -7.41915e-13 2.51495e-05 -8.4676e-13 2.30378e-05 -7.41697e-13 -0.00161878 -7.6392e-13 9.43915e-05 -3.84923e-13 -0.00161877 -7.64188e-13 -0.0309897 1.89892e-13 0.000462301 1.83164e-13 0.420117 4.5945e-14 0.983495 0 0.408454 -3.10516e-13 0.00275244 -3.81087e-13 -0.028822 -8.08747e-13 -0.000473856 -5.67385e-13 2.51511e-05 -8.46143e-13 -0.0865822 2.0134e-13 0.0004623 1.83664e-13 0.420117 4.68685e-14 -0.00176201 3.41193e-14 -0.0839587 -2.79331e-13 5.83286e-05 -2.0779e-13 0.0165953 -5.23508e-13 -0.0309897 1.91415e-13 0.000898619 1.6159e-13 -0.0300636 1.08229e-13 0.000117472 6.22827e-14 0.0179817 -1.00247e-13 0.0116043 1.52173e-13 -0.000547171 7.51319e-14 -0.000658512 8.83191e-14 
0.000609682 -1.68763e-13 0.0156783 5.08704e-14 -0.00192203 -2.63948e-13 0.0156783 9.2901e-14 0.000609645 -1.20297e-13 -0.00633176 1.55169e-15 -0.0821201 2.85827e-13 0.00163853 -1.33349e-14 -0.0290261 2.57853e-13 9.20449e-05 -2.49363e-14 0.408454 2.86184e-13 0.00163857 4.31361e-13 -0.0290261 3.81999e-13 -0.00100109 2.72785e-13 -0.0821201 4.95842e-13 -0.00192204 8.08905e-13 0.0156783 4.51441e-13 9.2012e-05 5.3155e-13 0.0156783 4.51137e-13 0.000609645 5.02024e-13 -0.00633176 2.39066e-13 0.000609682 5.03033e-13 9.20121e-05 -2.59335e-13 -0.0290261 1.35119e-13 0.00163857 -3.03962e-13 0.408454 3.10516e-13 1.00524 0 0.408454 2.86841e-13 0.00163853 4.29934e-13 -0.0290261 3.82012e-13 9.20449e-05 5.31699e-13 -0.00100109 -2.97032e-13 -0.0290261 1.34933e-13 0.00163853 -3.0583e-13 -0.0821201 2.85052e-13 0.00163857 -1.39108e-14 -0.0290261 2.57043e-13 -0.00100109 2.71778e-13 9.20455e-05 -2.59504e-13 0.0156783 5.03373e-14 -0.00192203 -2.66677e-13 0.0156783 9.18387e-14 9.20121e-05 -2.74114e-14 0.000609645 -1.70869e-13 -0.00633176 1.07992e-15 0.000609682 -1.20933e-13 
-0.00161877 1.62472e-13 2.30378e-05 2.9116e-13 0.00931283 9.54988e-14 2.30379e-05 1.90718e-13 -0.00161878 9.78757e-14 9.43915e-05 1.17462e-13 3.0701e-05 3.21772e-13 -0.028822 -3.28508e-13 -0.000473856 -8.57099e-15 2.51522e-05 -9.33259e-14 0.00275244 -1.02627e-15 -0.0839587 -8.00804e-13 5.83287e-05 -3.63405e-13 0.0165953 -4.96473e-13 -0.00176201 -4.79e-13 -0.0300636 -1.17228e-12 0.000117473 -5.98146e-13 0.0179817 -7.95036e-13 0.000898619 -5.96345e-13 0.0116043 -7.10279e-13 -0.000547171 -3.32483e-13 -0.00065851 -7.16573e-13 2.51483e-05 2.0122e-13 -0.000473856 3.7891e-13 -0.028822 -1.8234e-14 0.00275244 3.81087e-13 0.408454 -2.86841e-13 0.983495 0 0.420117 -6.18376e-13 0.000462299 -3.51213e-13 -0.0309897 -7.63451e-13 0.0165953 2.15538e-13 5.83291e-05 3.78134e-13 -0.0839587 -1.24544e-14 -0.00176201 3.37581e-13 0.420117 -1.84589e-13 0.000462302 7.22173e-15 -0.0865822 -4.51363e-13 0.0179817 2.0224e-13 0.000117472 2.91506e-13 -0.0300636 1.05654e-13 0.000898618 1.91873e-13 -0.0309897 -7.11685e-14 -0.000658515 1.6254e-13 -0.000547171 1.18766e-13 0.0116043 1.01296e-13 
-0.059047 -1.97722e-13 2.91748e-05 1.91877e-13 0.000683159 -4.12751e-13 -0.00797547 2.22519e-13 0.0585814 -1.55104e-13 0.0017001 4.4386e-14 0.0169044 6.25517e-13 0.0565937 -3.52235e-13 0.014355 4.41608e-13 -0.0527855 -1.44483e-13 -0.0839587 7.99944e-13 -0.0580051 9.24142e-16 -0.0281694 4.79748e-13 0.000480953 5.53846e-14 0.419776 4.42822e-13 0.00338342 3.9842e-13 -0.0268055 4.05878e-13 0.0518077 2.72502e-13 -0.0855017 3.94882e-13 0.0565999 3.06266e-13 0.0200248 1.88642e-13 -0.0592695 3.09643e-13 0.0529668 -3.21394e-13 0.00241985 3.61944e-13 -0.058488 -5.87636e-13 -0.028822 8.08747e-13 0.00163853 -4.29934e-13 0.420117 6.18376e-13 1.07021 0 0.412615 2.96104e-13 -0.0527531 2.77047e-13 0.000407187 -3.78096e-13 0.00780842 3.58943e-13 0.0565937 -5.83932e-13 -0.0316858 6.02452e-13 -0.0543777 -3.4383e-13 -0.0809635 4.04929e-13 -0.000832475 5.66277e-14 -0.0525378 -3.24525e-13 -0.00160746 1.88675e-13 -0.000753276 -4.14276e-13 0.0204476 2.11971e-13 0.0512987 -1.48935e-13 0.0587243 -1.95524e-13 -0.00377467 4.46034e-14 -0.0578422 -1.58197e-13 
0.00215891 6.25326e-14 -0.000101187 2.70816e-13 -0.00172028 -3.53644e-14 0.000134479 2.19429e-13 -0.00133192 3.13232e-14 -3.09157e-05 9.884e-14 -9.60317e-05 4.60767e-13 0.00780842 -3.04075e-13 0.000103374 1.87734e-13 6.11783e-05 -8.12693e-14 5.83293e-05 3.62014e-13 -0.0281694 -4.80171e-13 -0.000557484 -6.00118e-16 0.000301383 -2.72356e-13 0.00177187 1.33629e-14 -0.0818903 -5.55306e-13 -0.000741966 -1.85488e-13 0.0145952 -3.85371e-13 -0.00304721 -1.81009e-13 -0.0443121 -3.15962e-13 0.0012679 -1.27848e-13 0.0218882 -3.28293e-13 -0.00106024 5.64776e-14 5.05341e-05 3.90825e-13 0.00241986 -1.66554e-13 -0.000473856 5.67385e-13 -0.0290261 -3.82012e-13 0.000462299 3.51213e-13 0.412615 -2.96104e-13 0.986083 0 0.43541 -2.65535e-13 -0.0022762 5.30239e-14 0.000103374 3.91232e-13 0.014355 -1.57343e-13 0.000587156 4.57589e-13 -0.0809635 -2.62115e-13 -0.00167434 1.92977e-13 0.421949 -1.36545e-13 -0.0039078 5.76629e-14 5.02498e-05 2.71735e-13 0.0171643 -2.1404e-14 0.000627104 2.20818e-13 -0.0409723 -5.91973e-14 -0.00541552 6.34768e-14 -0.000168255 9.90399e-14 0.00658269 3.61235e-14 
0.0535896 -1.15685e-13 -0.00198632 2.42254e-13 -0.000114104 -3.25178e-13 0.00365545 2.47269e-13 -0.0534614 -1.06675e-13 -0.000367223 6.93883e-14 -0.0026328 6.52077e-13 -0.0525378 -4.1912e-13 -0.0039078 4.12981e-13 0.0480944 -1.48874e-13 0.0179817 7.94545e-13 0.0518076 -2.72799e-13 0.0145952 3.85007e-13 0.000171881 -1.00363e-13 -0.0881794 5.31566e-13 -0.00117606 -2.57133e-14 -0.0284388 2.25618e-13 -0.0473271 7.32685e-16 0.434667 1.38866e-13 -0.047719 6.06769e-14 -0.04607 7.88823e-14 0.0517595 5.70909e-14 -0.048305 -2.1721e-13 -0.00106024 4.15908e-13 0.0529668 -5.0798e-13 2.51511e-05 8.46143e-13 9.20449e-05 -5.31699e-13 -0.0309897 7.63451e-13 -0.0527531 -2.77047e-13 0.43541 2.65535e-13 1.06255 0 -1.65354e-06 -2.57128e-13 6.11765e-05 4.13693e-13 -0.0527854 -5.11173e-13 0.0114872 6.38864e-13 0.0512986 -4.11008e-13 -0.0409723 3.82886e-13 0.00519545 -1.00397e-13 0.0480944 -2.13775e-13 -0.00031352 2.39859e-13 0.000966092 -3.23071e-13 0.00229178 2.40322e-13 -0.0503963 -1.51165e-13 -0.053966 -1.18456e-13 -0.000354475 6.80439e-14 0.0540907 -1.03492e-13 
-0.0021245 -1.34226e-14 -0.0399512 -6.32058e-14 -0.00147316 4.93654e-14 0.00977157 -5.94563e-14 0.00104531 2.97475e-15 0.00521489 -2.26851e-14 -0.0292536 -1.53333e-13 0.000480953 2.21596e-13 0.000301383 -8.2474e-14 0.000171881 7.2805e-14 0.0165953 -2.15449e-13 0.000407221 3.78016e-13 -0.0022762 -5.3118e-14 -0.000285939 1.90639e-13 -0.00576378 -1.21026e-13 -0.000300328 4.09723e-13 0.00133087 3.26966e-14 -1.68532e-06 2.57676e-13 0.00133087 3.2382e-14 9.16521e-05 2.05483e-13 -0.000589191 4.08491e-14 9.16873e-05 2.05158e-13 0.00519541 -6.19856e-15 0.421949 -7.03259e-14 -0.000832426 1.13383e-13 -0.0865822 -2.0134e-13 -0.00100109 2.97032e-13 0.0165953 -2.15538e-13 0.000407187 3.78096e-13 -0.0022762 -5.30239e-14 -1.65354e-06 2.57128e-13 1.01091 0 0.421949 -7.00701e-14 -0.000832461 1.13066e-13 -0.0292536 -1.53423e-13 0.000480988 2.20556e-13 0.000301382 -8.25029e-14 -0.000285939 1.90451e-13 0.00519544 -7.0211e-15 -0.0399512 -6.31984e-14 -0.00147316 4.87027e-14 0.00977157 -5.92531e-14 0.000171849 7.2986e-14 -0.00212453 -1.34573e-14 0.00521489 -2.27184e-14 0.00104535 2.11573e-15 
0.00658269 7.33456e-14 0.000627104 2.26653e-14 0.0171643 6.67376e-14 5.02497e-05 -2.95859e-14 -0.00541552 4.24529e-14 -0.000168255 1.82966e-14 0.000587156 -1.25359e-13 0.014355 -1.00841e-13 0.000103374 -2.05126e-13 -0.0039078 -4.67429e-14 -0.000473856 -3.80562e-13 0.00241986 -3.61948e-13 5.05342e-05 -3.91973e-13 -0.0022762 -2.56516e-13 -9.60316e-05 -5.48682e-13 -0.00172028 -6.0867e-13 -0.000101187 -4.42502e-13 -0.00106024 -4.16065e-13 0.000134479 -4.41815e-13 -0.00133191 -3.78148e-13 -3.09157e-05 -2.15687e-13 0.00215891 -3.7867e-13 -0.0409723 9.28897e-14 -0.00167434 -5.27831e-16 -0.0809635 5.41526e-14 0.0004623 -1.83664e-13 -0.0290261 -1.34933e-13 5.83291e-05 -3.78134e-13 0.00780842 -3.58943e-13 0.000103374 -3.91232e-13 6.11765e-05 -4.13693e-13 0.421949 7.00701e-14 0.986083 0 0.412615 3.11121e-14 0.00177187 -1.25964e-13 -0.0281694 -1.02292e-13 -0.000557483 -2.03564e-13 0.000301383 -2.53489e-13 0.43541 6.24402e-14 -0.00304721 2.11825e-14 -0.0818903 5.78796e-14 -0.000741966 -2.8329e-14 0.0145952 -4.87413e-14 -0.0443121 6.61327e-14 0.0012679 1.8076e-14 0.0218882 3.7369e-14 
-0.0578422 -8.26101e-14 0.0204476 -5.53241e-14 -0.000753273 -4.86857e-14 -0.00160745 -2.23388e-14 0.0587243 -4.44437e-14 -0.00377467 -2.69846e-14 -0.0316858 -3.26222e-14 0.0565937 2.32082e-13 0.00780842 5.25229e-14 -0.0525378 7.46877e-14 -0.028822 1.72089e-14 -0.058488 5.88841e-13 0.00241985 1.66055e-13 0.000407186 3.29663e-13 0.0169044 1.6727e-13 0.000683156 7.86676e-13 2.91731e-05 2.77687e-13 0.0529668 5.08408e-13 -0.00797547 2.76223e-13 0.0585814 4.39916e-13 0.0017001 1.62704e-13 -0.059047 4.45089e-13 0.0512987 -1.07381e-13 -0.0809635 -5.4199e-14 -0.0543777 4.26443e-16 0.420117 -4.68685e-14 0.00163853 3.0583e-13 -0.0839587 1.24544e-14 0.0565937 5.83932e-13 0.014355 1.57343e-13 -0.0527854 5.11173e-13 -0.000832461 -1.13066e-13 0.412615 -3.11121e-14 1.07021 0 0.419776 -2.83662e-14 -0.0580051 2.237e-13 -0.0281694 4.59554e-14 0.00048094 3.27345e-13 -0.0527531 -1.05249e-13 -0.0855017 -4.48248e-14 0.00338342 -4.8549e-14 -0.0268055 -1.7569e-14 0.0518077 7.14758e-14 0.0565999 -8.31095e-14 0.0200249 -2.37214e-14 -0.0592695 -4.24948e-14 
-0.00286732 1.18764e-13 -0.000397267 1.15767e-13 0.000658836 8.45876e-14 -1.48788e-05 3.66376e-14 0.00112991 6.72774e-14 0.000140338 5.49985e-14 0.000491795 -1.3236e-15 0.0169044 -2.22804e-13 -9.60317e-05 -1.81766e-13 -0.0026328 -8.11022e-14 3.07009e-05 -3.23823e-13 0.0169044 -6.25229e-13 -9.60315e-05 -4.61998e-13 -0.00576378 -4.10263e-13 0.000491795 -6.29384e-13 0.000658836 -9.62322e-13 -1.48789e-05 -5.87428e-13 -0.0026328 -6.52827e-13 -0.000397267 -5.86121e-13 -0.00286732 -5.82275e-13 0.000140338 -3.01016e-13 0.00112991 -5.8464e-13 0.0114872 1.50225e-13 0.000587157 1.23887e-13 -0.0316858 3.22721e-14 -0.00176201 -3.41193e-14 -0.0821201 -2.85052e-13 -0.00176201 -3.37581e-13 -0.0316858 -6.02452e-13 0.000587156 -4.57589e-13 0.0114872 -6.38864e-13 -0.0292536 1.53423e-13 0.00177187 1.25964e-13 0.419776 2.83662e-14 0.984237 0 0.419776 -1.70748e-13 0.00177187 -1.81764e-13 -0.0292536 -3.84641e-13 -0.0881794 1.3653e-13 0.00108824 1.14606e-13 0.409157 7.12056e-14 0.00108824 3.68301e-14 -0.0881794 -7.09968e-14 -0.0277866 1.06058e-13 0.00121241 5.34556e-14 -0.0277866 6.11029e-14 
0.0585814 -1.28161e-13 -0.00797547 3.77828e-14 0.000683192 -1.94569e-13 2.91733e-05 7.25137e-14 -0.0590469 -8.98392e-14 0.0017001 -3.02792e-16 0.0169044 2.21853e-13 -0.058488 2.41991e-15 0.00241986 2.08998e-13 0.0529668 -1.25707e-14 -0.028822 3.26739e-13 0.0565936 3.52584e-13 0.00780843 3.03708e-13 0.000407222 2.2246e-13 -0.0316858 3.63168e-13 -0.000753238 6.33912e-13 -0.00160745 3.42496e-13 -0.0525378 4.2165e-13 0.0204476 3.30529e-13 -0.0578422 3.90779e-13 -0.00377467 1.7868e-13 0.0587243 3.87989e-13 -0.0527855 -1.947e-13 0.014355 1.00066e-13 0.0565936 -2.30751e-13 -0.0839587 2.79331e-13 0.00163857 1.39108e-14 0.420117 1.84589e-13 -0.0543777 3.4383e-13 -0.0809635 2.62115e-13 0.0512986 4.11008e-13 0.000480988 -2.20556e-13 -0.0281694 1.02292e-13 -0.0580051 -2.237e-13 0.419776 1.70748e-13 1.07021 0 0.412615 1.11096e-13 -0.000832411 2.11672e-13 0.0518076 -1.94201e-13 -0.0268055 4.1514e-14 0.00338345 -1.87704e-13 -0.0855017 6.66103e-14 -0.0527532 -1.12124e-14 -0.0592694 -1.24469e-13 0.0200249 6.34343e-16 0.0565999 -9.1182e-14 
-0.00133191 7.01666e-14 0.000134479 1.52787e-13 -0.00172028 1.77488e-14 -0.000101187 1.00655e-13 0.00215891 3.79907e-14 -3.09158e-05 6.05453e-14 -9.60315e-05 1.79983e-13 0.00241985 -2.09488e-13 5.05343e-05 -7.265e-16 -0.00106024 -6.51034e-14 -0.000473856 6.6859e-15 0.014355 -4.40934e-13 0.000103374 -1.88882e-13 -0.0022762 -2.7181e-13 0.000587157 -2.48312e-13 0.0171643 -6.06206e-13 5.02492e-05 -3.10462e-13 -0.0039078 -4.13487e-13 0.000627104 -3.09823e-13 0.00658268 -3.57405e-13 -0.000168255 -1.71145e-13 -0.00541551 -3.6218e-13 6.11724e-05 8.10306e-14 0.000103374 2.04033e-13 0.00780843 -5.25117e-14 5.83286e-05 2.0779e-13 -0.0290261 -2.57043e-13 0.000462302 -7.22173e-15 -0.0809635 -4.04929e-13 -0.00167434 -1.92977e-13 -0.0409723 -3.82886e-13 0.000301382 8.25029e-14 -0.000557483 2.03564e-13 -0.0281694 -4.59554e-14 0.00177187 1.81764e-13 0.412615 -1.11096e-13 0.986083 0 0.421949 -1.91123e-13 0.0145952 7.87288e-14 -0.000741966 1.52322e-13 -0.0818903 2.45148e-14 -0.00304722 1.0548e-13 0.43541 -1.53453e-14 0.0218882 6.76844e-14 0.0012679 6.06523e-14 -0.0443121 3.82277e-14 
9.17002e-05 -9.28447e-14 0.00133087 1.46112e-13 -0.000300328 -2.20246e-13 0.00133087 1.54603e-13 9.16391e-05 -7.77948e-14 -0.000589191 4.00817e-14 -0.00576378 4.09459e-13 0.000407174 -2.21668e-13 -0.0022762 2.70943e-13 -1.64186e-06 -8.22209e-14 0.0165953 4.9513e-13 0.000481001 -5.38756e-14 0.000301381 2.71384e-13 -0.000285939 1.74719e-16 -0.0292536 3.47051e-13 -0.00147316 1.47257e-13 0.00977157 1.976e-13 0.000171837 9.99277e-14 -0.0399512 1.80719e-13 -0.00212454 1.22231e-13 0.00521489 8.30698e-14 0.00104536 1.24282e-13 -1.69699e-06 -1.62251e-13 -0.0022762 2.55478e-13 0.000407234 -3.27809e-13 0.0165953 5.23508e-13 -0.00100109 -2.71778e-13 -0.0865822 4.51363e-13 -0.000832475 -5.66277e-14 0.421949 1.36545e-13 0.00519545 1.00397e-13 -0.000285939 -1.90451e-13 0.000301383 2.53489e-13 0.00048094 -3.27345e-13 -0.0292536 3.84641e-13 -0.000832411 -2.11672e-13 0.421949 1.91123e-13 1.01091 0 0.000171893 -1.59867e-13 0.00977157 1.43777e-13 -0.00147316 -2.18898e-13 -0.0399512 1.42604e-13 0.0051954 -7.81517e-14 0.0010453 -9.32412e-14 0.00521489 3.94016e-14 -0.00212448 -7.65282e-14 
0.0540908 -8.01979e-15 0.00229178 -6.56025e-14 0.000966089 4.89632e-14 -0.000313521 -5.8869e-14 -0.053966 3.76251e-15 -0.000354472 -2.25991e-14 0.0114872 -1.51798e-13 -0.0527855 1.96276e-13 6.11769e-05 -8.18493e-14 0.0480944 6.47579e-14 2.51515e-05 -2.02468e-13 0.0529668 3.2283e-13 -0.00106024 -5.73592e-14 -1.65333e-06 1.62073e-13 -0.0026328 -1.21888e-13 -0.000114101 3.43303e-13 -0.00198632 1.72117e-14 -0.0483051 2.17478e-13 0.00365545 1.66581e-14 -0.0534614 1.7095e-13 -0.000367225 3.01742e-14 0.0535896 1.68712e-13 -0.0503963 -6.68494e-16 -0.0409723 -9.3897e-14 0.0512986 1.09379e-13 -0.0309897 -1.91415e-13 9.20455e-05 2.59504e-13 0.0179817 -2.0224e-13 -0.0525378 3.24525e-13 -0.0039078 -5.76629e-14 0.0480944 2.13775e-13 0.00519544 7.0211e-15 0.43541 -6.24402e-14 -0.0527531 1.05249e-13 -0.0881794 -1.3653e-13 0.0518076 1.94201e-13 0.0145952 -7.87288e-14 0.000171893 1.59867e-13 1.06255 0 0.434667 -3.64961e-14 -0.00117606 4.65309e-14 -0.0284388 -4.79546e-14 -0.0473272 6.40602e-14 -0.047719 -9.09581e-15 -0.04607 -1.59586e-14 0.0517595 4.07684e-15 
0.00201307 4.80402e-14 -0.0002078 -7.12905e-16 -0.00321874 5.40525e-14 0.000134118 -3.34806e-14 -0.00187288 2.86254e-14 1.09661e-05 6.65874e-15 -0.000397267 -1.17516e-13 -0.00797547 -3.73997e-14 0.000134479 -1.54368e-13 0.00365545 -2.15743e-14 2.30379e-05 -2.92831e-13 2.91754e-05 -1.91445e-13 -0.000101187 -2.72082e-13 0.00133087 -1.46316e-13 -1.48788e-05 -3.86746e-13 0.000730459 -3.49297e-13 -8.12986e-05 -2.91726e-13 -0.00198632 -2.4257e-13 0.000134118 -2.91235e-13 -0.0018531 -2.22899e-13 -1.5766e-05 -1.38402e-13 0.00199585 -2.23719e-13 0.00229178 6.51879e-14 0.000627104 -2.38668e-14 0.0204476 5.56328e-14 0.000898619 -1.6159e-13 0.0156783 -5.03373e-14 0.000117472 -2.91506e-13 -0.00160746 -1.88675e-13 5.02498e-05 -2.71735e-13 -0.00031352 -2.39859e-13 -0.0399512 6.31984e-14 -0.00304721 -2.11825e-14 -0.0855017 4.48248e-14 0.00108824 -1.14606e-13 -0.0268055 -4.1514e-14 -0.000741966 -1.52322e-13 0.00977157 -1.43777e-13 0.434667 3.64961e-14 0.984433 0 0.405813 2.17798e-14 0.00563278 -3.32833e-14 -0.0284388 -2.71765e-14 0.431528 2.14276e-14 -0.00438365 5.78282e-15 -0.091516 1.98309e-14 
-0.00033868 -4.03638e-14 -0.00321874 -5.45554e-14 -0.000128788 1.20441e-15 0.000730459 -3.72313e-14 0.000165971 -1.82365e-14 0.000519164 -2.1911e-14 0.000658836 -8.65082e-14 0.000683156 1.96436e-13 -0.00172028 -1.8838e-14 -0.000114102 6.36358e-14 0.00931283 -9.82196e-14 0.000683194 4.15887e-13 -0.00172028 3.42958e-14 -0.000300328 2.21824e-13 0.000658836 -7.09423e-15 -0.000128788 5.08646e-13 0.000730458 1.14621e-13 -0.000114136 3.25021e-13 -0.00321874 1.12272e-13 -0.000338718 2.71498e-13 0.000519164 7.9112e-14 0.00016601 2.73043e-13 0.000966057 -4.85578e-14 0.0171643 -6.81769e-14 -0.000753238 5.13716e-14 -0.0300636 -1.08229e-13 -0.00192203 2.66677e-13 -0.0300636 -1.05654e-13 -0.000753276 4.14276e-13 0.0171643 2.1404e-14 0.000966092 3.23071e-13 -0.00147316 -4.87027e-14 -0.0818903 -5.78796e-14 0.00338342 4.8549e-14 0.409157 -7.12056e-14 0.00338345 1.87704e-13 -0.0818903 -2.45148e-14 -0.00147316 2.18898e-13 -0.00117606 -4.65309e-14 0.405813 -2.17798e-14 1.00477 0 0.405813 -1.98536e-14 -0.00117609 5.90916e-14 0.00239221 -4.09796e-14 -0.0916932 -1.22034e-14 0.00239225 -1.81414e-14 
-0.0018531 4.54391e-14 0.000134118 3.24779e-14 0.000730458 3.68943e-14 -8.12985e-05 -6.093e-16 0.00199584 2.62849e-14 -1.57661e-05 1.73836e-14 -1.48789e-05 -3.87518e-14 2.91746e-05 -7.19992e-14 -0.000101187 -1.02261e-13 -0.00198632 -2.94946e-14 2.30378e-05 -1.93056e-13 -0.00797547 -2.22363e-13 0.000134479 -2.2034e-13 0.00133087 -1.54764e-13 -0.000397268 -3.10857e-13 -0.00321874 -3.58692e-13 0.000134118 -2.58972e-13 0.00365545 -2.46979e-13 -0.0002078 -2.58832e-13 0.00201307 -2.21622e-13 1.0966e-05 -1.28193e-13 -0.00187288 -2.23236e-13 -0.00031352 5.91856e-14 5.02495e-05 2.84069e-14 -0.00160745 2.2445e-14 0.000117472 -6.22827e-14 0.0156783 -9.18387e-14 0.000898618 -1.91873e-13 0.0204476 -2.11971e-13 0.000627104 -2.20818e-13 0.00229178 -2.40322e-13 0.00977157 5.92531e-14 -0.000741966 2.8329e-14 -0.0268055 1.7569e-14 0.00108824 -3.68301e-14 -0.0855017 -6.66103e-14 -0.00304722 -1.0548e-13 -0.0399512 -1.42604e-13 -0.0284388 4.79546e-14 0.00563278 3.32833e-14 0.405813 1.98536e-14 0.984433 0 0.434667 -3.02727e-14 -0.091516 3.46611e-14 -0.00438365 1.71657e-14 0.431528 1.28347e-14 
-0.0534614 -4.3509e-14 0.00365546 2.11752e-14 -0.000114134 -6.11769e-14 -0.00198632 2.86108e-14 0.0535896 -2.71184e-14 -0.000367228 3.55876e-15 -0.00263281 7.98075e-14 0.0529668 1.45777e-14 -0.00106024 6.4435e-14 -0.0483051 -3.25309e-16 2.5149e-05 9.17224e-14 -0.0527855 1.45345e-13 6.11744e-05 8.04609e-14 -1.68547e-06 8.40091e-14 0.0114872 8.06303e-14 0.000966057 2.32805e-13 -0.00031352 9.14754e-14 0.0480945 1.49787e-13 0.00229178 8.49701e-14 0.0540908 1.35907e-13 -0.000354475 4.95527e-14 -0.053966 1.37601e-13 0.0480945 -6.24871e-14 -0.0039078 4.5614e-14 -0.0525378 -7.48055e-14 0.0179817 1.00247e-13 9.20121e-05 2.74114e-14 -0.0309897 7.11685e-14 0.0512987 1.48935e-13 -0.0409723 5.91973e-14 -0.0503963 1.51165e-13 0.000171849 -7.2986e-14 0.0145952 4.87413e-14 0.0518077 -7.14758e-14 -0.0881794 7.09968e-14 -0.0527532 1.12124e-14 0.43541 1.53453e-14 0.0051954 7.81517e-14 -0.0473272 -6.40602e-14 -0.0284388 2.71765e-14 -0.00117609 -5.90916e-14 0.434667 3.02727e-14 1.06255 0 0.0517596 -4.19174e-14 -0.04607 7.37756e-15 -0.0477191 -2.80303e-14 
-0.0594377 -2.05557e-15 0.00201307 -4.83629e-14 -0.000338715 4.21375e-14 -0.0018531 -4.63175e-14 0.0594507 8.68719e-15 -4.26428e-05 -1.59585e-14 -0.00286732 -1.19623e-13 0.0585814 1.30378e-13 -0.00133191 -7.08239e-14 -0.0534614 4.1022e-14 -0.00161878 -1.6419e-13 -0.059047 1.97265e-13 0.00215891 -6.34916e-14 9.16519e-05 9.43708e-14 0.00112991 -1.16251e-13 0.000165971 1.91698e-13 0.00199584 -1.54112e-14 0.0535896 1.17534e-13 -0.00187288 -1.61058e-14 0.0594507 9.02939e-14 -2.2864e-05 6.64975e-15 -0.0594391 9.09103e-14 0.0540908 1.16165e-14 0.00658268 -7.39239e-14 -0.0578422 8.11438e-14 0.0116043 -1.52173e-13 0.000609645 1.70869e-13 -0.000658515 -1.6254e-13 0.0587243 1.95524e-13 -0.00541552 -6.34768e-14 -0.053966 1.18456e-13 -0.00212453 1.34573e-14 -0.0443121 -6.61327e-14 0.0565999 8.31095e-14 -0.0277866 -1.06058e-13 -0.0592694 1.24469e-13 0.0218882 -6.76844e-14 0.0010453 9.32412e-14 -0.047719 9.09581e-15 0.431528 -2.14276e-14 0.00239221 4.09796e-14 -0.091516 -3.46611e-14 0.0517596 4.19174e-14 1.07351 0 0.464474 -7.91929e-15 -0.0618511 5.56922e-15 
-4.26401e-05 1.60009e-14 1.0966e-05 -7.26056e-15 0.000519164 2.17908e-14 -1.5766e-05 -1.77027e-14 -2.28634e-05 9.76885e-15 2.95213e-06 -1.37202e-16 0.000140338 -5.55277e-14 0.0017001 1.3048e-16 -3.09158e-05 -6.1171e-14 -0.000367226 -3.11316e-15 9.43915e-05 -1.18436e-13 0.0017001 -4.37685e-14 -3.09157e-05 -9.95814e-14 -0.000589191 -3.98853e-14 0.000140338 -1.435e-13 0.000519164 -9.75662e-14 -1.5766e-05 -1.00073e-13 -0.000367226 -6.94843e-14 1.0966e-05 -1.00233e-13 -4.26397e-05 -6.5943e-14 2.95213e-06 -4.57912e-14 -2.28638e-05 -6.51408e-14 -0.000354474 2.22709e-14 -0.000168255 -1.89411e-14 -0.00377467 2.76214e-14 -0.000547171 -7.51319e-14 -0.00633176 -1.07992e-15 -0.000547171 -1.18766e-13 -0.00377467 -4.46034e-14 -0.000168255 -9.90399e-14 -0.000354475 -6.80439e-14 0.00521489 2.27184e-14 0.0012679 -1.8076e-14 0.0200249 2.37214e-14 0.00121241 -5.34556e-14 0.0200249 -6.34343e-16 0.0012679 -6.06523e-14 0.00521489 -3.94016e-14 -0.04607 1.59586e-14 -0.00438365 -5.78282e-15 -0.0916932 1.22034e-14 -0.00438365 -1.71657e-14 -0.04607 -7.37756e-15 0.464474 7.91929e-15 0.99461 0 0.464474 3.10706e-15 
0.0594507 -5.31815e-15 -0.00187288 -2.92096e-14 0.000166007 1.80975e-14 0.00199584 -2.63526e-14 -0.0594391 -6.67729e-16 -2.28607e-05 -1.04604e-14 0.00112991 -6.89833e-14 -0.059047 9.14052e-14 0.00215891 -3.93481e-14 0.0535896 2.94063e-14 -0.00161877 -9.92562e-14 0.0585814 1.56965e-13 -0.00133191 -3.22418e-14 9.16875e-05 7.7287e-14 -0.00286732 -6.87133e-14 -0.000338679 1.69139e-13 -0.0018531 1.73949e-15 -0.0534614 1.07111e-13 0.00201307 7.03746e-16 -0.0594377 8.36381e-14 -4.26395e-05 1.15956e-14 0.0594507 8.17216e-14 -0.053966 -4.9836e-15 -0.00541551 -4.305e-14 0.0587243 4.71523e-14 -0.000658512 -8.83191e-14 0.000609682 1.20933e-13 0.0116043 -1.01296e-13 -0.0578422 1.58197e-13 0.00658269 -3.61235e-14 0.0540907 1.03492e-13 0.00104535 -2.11573e-15 0.0218882 -3.7369e-14 -0.0592695 4.24948e-14 -0.0277866 -6.11029e-14 0.0565999 9.1182e-14 -0.0443121 -3.82277e-14 -0.00212448 7.65282e-14 0.0517595 -4.07684e-15 -0.091516 -1.98309e-14 0.00239225 1.81414e-14 0.431528 -1.28347e-14 -0.0477191 2.80303e-14 -0.0618511 -5.56922e-15 0.464474 -3.10706e-15 1.07351 0 
