0 0 0
0.000367493 -1.67602e-08 -6.46021e-09
0.000734987 -4.06379e-08 1.61708e-08
0.00110248 -8.96573e-08 1.07481e-09
0.00146997 -1.70731e-07 1.64679e-08
0.00183747 -2.6982e-07 3.29939e-08
0.00220496 -3.9922e-07 5.89463e-08
0.00257245 -5.62924e-07 9.95373e-08
0.00293995 -7.63447e-07 1.65058e-07
0.00330744 -1.0051e-06 2.55123e-07
0.00367493 -1.30687e-06 3.83889e-07
0.00404243 -1.68822e-06 6.13207e-07
0.00440992 -2.06464e-06 8.89319e-07
0.00477741 -2.61964e-06 1.34557e-06
0.00514491 -3.17606e-06 2.01372e-06
0.0055124 -5.02136e-06 5.97495e-06
0.00587989 0.000174522 -9.04374e-05
0.00624739 -0.00403699 -0.000675144
0.00661488 0.0175949 0.0190247
0.00698237 -0.00462386 -0.0512157
0.00734987 -0.0171864 0.0270277
0.00771736 0.00588707 -0.00212113
0.00808485 -0.000358932 -0.000109217
0.00845234 1.14638e-05 1.21179e-05
0.00881984 7.26446e-06 4.54665e-06
0.00918733 7.20008e-06 3.75947e-06
0.00955482 6.8753e-06 2.8844e-06
0.00992232 6.80043e-06 2.47233e-06
0.0102898 6.43651e-06 1.87179e-06
0.0106573 6.24622e-06 1.71511e-06
0.0110248 6.17468e-06 1.29462e-06
0.0113923 5.82479e-06 1.1313e-06
0.0117598 5.78074e-06 1.00893e-06
0.0121273 5.73985e-06 7.7138e-07
0.0124948 5.5148e-06 6.70783e-07
0.0128623 5.1892e-06 -3.54739e-08
0.0132298 5.00447e-06 2.41664e-06
0.0135973 8.34103e-06 -2.76803e-06
0.0139647 -7.99307e-07 1.10896e-06
0.0143322 9.13681e-06 2.3434e-06
0.0146997 4.1816e-06 -1.35776e-06
0.0150672 5.19476e-06 2.77498e-07
0.0154347 4.78909e-06 -2.50695e-07
0.0158022 4.8046e-06 2.13162e-07
0.0161697 4.72994e-06 6.67649e-08
0.0165372 5.2889e-06 -3.73825e-07
0.0169047 4.81298e-06 -7.5841e-08
0.0172722 4.58899e-06 -7.03441e-07
0.0176397 4.5686e-06 2.04912e-07
0.0180072 5.23023e-06 -7.24839e-07
0.0183747 3.87114e-06 -2.29702e-07
0.0187422 5.35694e-06 -2.54228e-07
0.0191096 4.47471e-06 -4.14316e-07
0.0194771 4.8251e-06 -9.18541e-07
0.0198446 3.72591e-06 -7.57735e-08
0.0202121 5.92587e-06 -5.5321e-07
0.0205796 3.79508e-06 -1.26035e-06
0.0209471 4.09349e-06 -6.8716e-09
0.0213146 5.21427e-06 1.87783e-07
0.0216821 5.38525e-06 -1.81577e-06
0.0220496 3.68019e-06 -3.19535e-07
0.0224171 5.18227e-06 -1.38462e-06
0.0227846 4.18545e-06 -1.84095e-07
0.0231521 4.95766e-06 -1.7607e-06
0.0235196 3.78545e-06 -9.68071e-07
0.0238871 4.12096e-06 1.43289e-08
0.0242546 5.33724e-06 -9.08379e-07
0.024622 4.13165e-06 -1.14879e-06
0.0249895 5.58618e-06 -7.67538e-07
0.025357 3.13739e-06 -1.59714e-06
0.0257245 5.23331e-06 -9.834e-07
0.026092 4.32919e-06 -3.90036e-07
0.0264595 4.19768e-06 -1.88464e-06
0.026827 5.25855e-06 -8.529e-07
0.0271945 4.70523e-06 -8.89232e-07
0.027562 3.10849e-06 -2.678e-06
0.0279295 5.75277e-06 2.06247e-07
0.028297 3.26362e-06 -1.28221e-06
0.0286645 5.60929e-06 -3.41801e-06
0.029032 3.30976e-06 2.87477e-06
0.0293995 5.98439e-06 -5.74046e-06
0.029767 3.75488e-06 2.69403e-06
0.0301344 5.69159e-06 -6.54496e-06
0.0305019 5.35809e-08 2.2229e-06
0.0308694 8.26281e-06 3.83496e-07
0.0312369 5.57762e-06 -3.82055e-06
0.0316044 1.83585e-06 -9.43866e-07
0.0319719 7.87173e-06 -7.71783e-07
0.0323394 5.03105e-06 -4.33714e-06
0.0327069 -1.06288e-06 -1.18294e-06
0.0330744 1.00395e-05 9.16122e-07
0.0334419 -7.63714e-07 -5.56355e-06
0.0338094 9.34727e-06 4.71495e-06
0.0341769 1.22133e-06 -7.70698e-06
0.0345444 7.9462e-06 3.60509e-06
0.0349119 4.31165e-06 -5.27459e-06
0.0352794 4.87793e-06 -4.69165e-06
0.0356468 6.01745e-07 2.98659e-06
0.0360143 7.32137e-06 -3.88965e-06
0.0363818 5.11812e-06 -1.27303e-06
0.0367493 5.28739e-06 2.20487e-07
0.0371168 5.17245e-06 -6.10766e-06
0.0374843 4.50582e-06 -1.24957e-06
0.0378518 5.00513e-06 -9.11251e-07
0.0382193 4.02573e-06 -5.28767e-06
0.0385868 4.1798e-06 2.00402e-06
0.0389543 5.44805e-06 -2.4554e-06
0.0393218 8.13286e-06 -3.98848e-06
0.0396893 5.26578e-06 2.27094e-06
0.0400568 1.95162e-06 -1.33858e-05
0.0404243 6.13724e-06 9.03681e-06
0.0407918 8.071e-06 -6.13789e-06
0.0411592 -8.02057e-07 -4.05992e-06
0.0415267 1.37074e-05 3.52587e-06
0.0418942 2.23995e-06 -1.21225e-05
0.0422617 4.2898e-06 2.11164e-06
0.0426292 8.47467e-06 -2.58525e-07
0.0429967 3.9732e-06 -1.25692e-05
0.0433642 1.66031e-07 5.39676e-06
0.0437317 1.1167e-05 -2.69768e-06
0.0440992 5.27177e-06 -3.19401e-06
0.0444667 9.40963e-06 -8.17394e-06
0.0448342 -1.91344e-06 -4.09649e-06
0.0452017 3.6763e-06 6.01427e-06
0.0455692 1.35065e-05 -6.90368e-06
0.0459367 4.80821e-06 -4.17466e-06
0.0463042 4.93784e-06 -3.07233e-06
0.0466716 6.74159e-06 -1.04578e-06
0.0470391 5.26307e-06 -1.08286e-05
0.0474066 1.28317e-05 5.28568e-06
0.0477741 -1.06065e-05 -1.8834e-05
0.0481416 1.86473e-05 2.21955e-05
0.0485091 -4.25571e-07 -2.27356e-05
0.0488766 1.18381e-05 1.2365e-05
0.0492441 1.2578e-05 -7.14919e-06
0.0496116 1.08983e-06 -1.07401e-05
0.0499791 1.82271e-05 -2.67916e-06
0.0503466 -1.07653e-05 -3.63124e-06
0.0507141 1.05808e-05 -1.27481e-06
0.0510816 1.67469e-05 1.40448e-05
0.0514491 5.42969e-06 -2.52299e-05
0.0518165 5.87649e-07 1.24436e-05
0.052184 3.21319e-05 -5.17082e-07
0.0525515 -8.4047e-06 -2.67252e-05
0.052919 6.44042e-06 1.53535e-06
0.0532865 3.73097e-06 1.19037e-05
0.053654 8.86896e-06 -1.86073e-05
0.0540215 1.75341e-05 1.87273e-05
0.054389 8.22706e-06 -3.79062e-05
0.0547565 -1.78652e-05 2.49635e-05
0.055124 4.18544e-05 2.08277e-06
0.0554915 4.2636e-06 -2.40951e-05
0.055859 1.09937e-06 7.34962e-06
0.0562265 2.27448e-05 -1.18068e-05
0.056594 3.36017e-06 7.36466e-06
0.0569615 2.61425e-05 -2.58974e-05
0.0573289 3.23317e-06 7.47686e-06
0.0576964 1.40595e-05 -1.18695e-05
0.0580639 2.15354e-05 -2.47889e-06
0.0584314 1.80796e-05 3.61798e-06
0.0587989 1.8316e-05 9.42014e-06
0.0591664 3.38446e-05 -8.28192e-06
0.0595339 -2.79257e-06 1.05911e-05
0.0599014 -9.51896e-06 4.10202e-05
0.0602689 2.59073e-05 1.52491e-05
0.0606364 6.86088e-06 -1.73676e-05
0.0610039 -2.45917e-05 2.72768e-05
0.0613714 2.06554e-05 8.44681e-06
0.0617389 2.60563e-05 4.81288e-06
0.0621064 -2.12182e-05 -4.21211e-05
0.0624739 -1.02514e-05 2.81145e-05
0.0628413 1.57798e-06 -9.88772e-06
0.0632088 -1.6555e-05 1.18117e-05
0.0635763 4.78087e-05 3.56803e-06
0.0639438 -5.27594e-05 -2.0669e-05
0.0643113 4.13915e-05 4.28378e-05
0.0646788 -3.86053e-06 -5.45729e-05
0.0650463 -1.46559e-05 3.97588e-05
0.0654138 1.85365e-05 -1.20787e-05
0.0657813 1.56116e-05 -3.94954e-06
0.0661488 -2.61436e-05 7.01114e-06
0.0665163 4.64608e-05 -1.28331e-05
0.0668838 -1.81614e-05 2.0779e-05
0.0672513 1.13824e-05 -5.854e-05
0.0676188 1.23146e-05 4.17729e-05
0.0679863 -3.5529e-05 -2.41831e-05
0.0683537 6.00834e-05 3.2e-05
0.0687212 -7.86349e-06 -5.31623e-05
0.0690887 -3.57939e-05 3.6786e-06
0.0694562 4.29051e-05 5.75967e-05
0.0698237 9.90123e-06 -8.13585e-05
0.0701912 2.47056e-06 7.83369e-05
0.0705587 4.3187e-05 -0.000104491
0.0709262 -7.81367e-05 7.8945e-05
0.0712937 9.62534e-05 -1.79273e-05
0.0716612 -1.60652e-05 -2.10417e-05
0.0720287 5.13675e-05 -2.80955e-06
0.0723962 -3.43064e-05 -1.03162e-05
0.0727637 4.70494e-05 -2.89774e-05
0.0731312 3.36361e-05 5.51683e-05
0.0734987 3.23645e-05 -4.7384e-05
0.0738661 2.76671e-06 -1.66556e-05
0.0742336 1.59445e-05 5.0391e-05
0.0746011 6.24665e-07 2.62563e-05
0.0749686 1.16786e-05 1.1118e-05
0.0753361 -8.59559e-06 2.32144e-05
0.0757036 -1.79554e-06 -2.66358e-06
0.0760711 1.71201e-05 6.84914e-05
0.0764386 7.05754e-05 -8.56404e-05
0.0768061 -9.96179e-05 2.05286e-05
0.0771736 4.19825e-05 2.27588e-05
0.0775411 -2.79965e-05 8.31557e-06
0.0779086 5.01273e-05 9.40064e-06
0.0782761 2.86885e-06 -6.60999e-05
0.0786436 -8.14577e-05 5.8726e-05
0.0790111 7.61928e-05 -2.13104e-05
0.0793785 3.11117e-06 3.42724e-06
0.079746 -7.01348e-05 -2.50319e-05
0.0801135 6.14984e-05 2.54686e-05
0.080481 -7.57384e-05 -3.8883e-05
0.0808485 4.07542e-05 0.000101062
0.081216 4.67768e-05 -5.86798e-08
0.0815835 -4.67926e-07 -7.32705e-05
0.081951 1.25923e-05 5.92837e-05
0.0823185 6.14612e-06 -2.47509e-05
0.082686 4.34508e-05 -3.47137e-05
0.0830535 -3.35167e-05 1.26005e-05
0.083421 2.427e-05 -8.37438e-05
0.0837885 -0.000110818 0.000139785
0.084156 0.000167871 -7.83237e-05
0.0845234 -9.44531e-05 3.29078e-06
0.0848909 7.96229e-06 -3.06866e-06
0.0852584 5.39576e-05 2.89689e-05
0.0856259 4.84423e-06 -2.41373e-06
0.0859934 -1.70926e-06 3.32899e-05
0.0863609 0.000106299 -0.000120613
0.0867284 -8.5518e-05 5.70091e-05
0.0870959 -6.23112e-06 -3.4002e-05
0.0874634 9.3641e-05 8.71536e-05
0.0878309 1.14024e-05 -7.18706e-05
0.0881984 -5.08025e-05 -2.2821e-05
0.0885659 5.19645e-05 4.98128e-05
0.0889334 -7.17848e-05 -3.54671e-05
0.0893009 5.94294e-05 7.94083e-05
0.0896684 5.30099e-06 -0.00010884
0.0900358 -7.63224e-05 1.10062e-05
0.0904033 1.98337e-05 0.000102579
0.0907708 7.00245e-05 -4.70792e-05
0.0911383 -6.70121e-06 -1.39115e-05
0.0915058 -1.7602e-05 -3.53487e-05
0.0918733 1.6095e-05 1.52965e-05
0.0922408 -2.999e-05 1.35752e-05
0.0926083 0.000163228 -7.53183e-06
0.0929758 -0.000173362 -0.000170198
0.0933433 -4.09111e-05 0.000189691
0.0937108 0.000226307 3.36871e-05
0.0940783 -9.53276e-05 -0.000261674
0.0944458 -3.95912e-05 0.000216157
0.0948133 -4.07075e-05 -0.000164313
0.0951808 5.50907e-05 0.000150554
0.0955482 1.4942e-05 -1.91912e-05
0.0959157 2.12978e-05 -0.000129921
0.0962832 -0.000123509 0.00012904
0.0966507 0.000136953 4.89838e-05
0.0970182 4.77411e-06 -0.00019635
0.0973857 -8.90937e-05 0.000156188
0.0977532 0.000131533 -7.95213e-05
0.0981207 -0.000228953 -1.44738e-05
0.0984882 0.000154495 0.000177076
0.0988557 0.00023849 -0.000114765
0.0992232 -0.000315481 -0.000154309
0.0995907 0.000156894 0.000156495
0.0999582 -7.98859e-05 -0.000155603
0.100326 -1.36306e-05 0.000175896
0.100693 8.51991e-05 -0.000172301
0.101061 -0.000258541 5.24895e-05
0.101428 0.000162971 0.00027368
0.101796 9.02968e-05 -0.000235494
0.102163 -3.03064e-05 0.000107584
0.102531 -2.56131e-05 -3.29093e-05
0.102898 0.000143558 1.3421e-05
0.103266 -9.09552e-05 -0.000164783
0.103633 -6.54737e-06 0.000122989
0.104001 5.42769e-05 2.2765e-06
0.104368 -3.1879e-05 -5.40255e-06
0.104736 2.72429e-05 -6.01086e-05
0.105103 -6.42778e-05 -2.84457e-05
0.105471 6.99558e-05 0.000183667
0.105838 4.48233e-05 -5.01624e-05
0.106206 9.84947e-06 2.2548e-05
0.106573 9.85766e-05 -6.46906e-05
0.106941 -0.000130812 9.27973e-05
0.107308 0.000190568 6.25822e-05
0.107676 -4.23422e-05 -0.000204455
0.108043 -7.01464e-06 0.000291329
0.108411 0.000161055 -0.000164919
0.108778 0.000133438 -4.99384e-05
0.109145 -0.000244832 -8.19232e-05
0.109513 0.000109823 -5.42342e-05
0.10988 -0.000167575 0.000228749
0.110248 0.0002241 -0.000239192
0.110615 -0.000271833 0.000101107
0.110983 0.000193917 0.000197034
0.11135 -7.99513e-05 -7.74079e-05
0.111718 0.000196808 -1.27187e-05
0.112085 0.000200119 0.000148794
0.112453 -6.03114e-05 -0.000394021
0.11282 -0.000290154 4.73497e-05
0.113188 0.000230096 0.000304311
0.113555 8.65522e-05 -0.000213486
0.113923 -6.35265e-06 6.27705e-05
0.11429 -8.74235e-05 -9.12553e-05
0.114658 7.36744e-07 0.000356448
0.115025 0.000366737 -0.000352531
0.115393 -0.000402072 -9.15274e-05
0.11576 -2.51217e-05 0.000372354
0.116128 0.000208406 -5.33863e-05
0.116495 5.73503e-05 -2.23889e-05
0.116863 1.16363e-05 -0.000246834
0.11723 -0.000192534 0.000277277
0.117598 9.28839e-05 -0.000168483
0.117965 0.00012327 0.000293857
0.118333 -8.99946e-05 -0.000442552
0.1187 0.000146649 0.000201008
0.119068 -0.000140385 2.6426e-05
0.119435 4.51216e-05 -0.000155158
0.119803 -5.71954e-05 0.000125139
0.12017 7.52789e-05 -0.00023506
0.120538 -0.000212607 0.000282357
0.120905 0.000394143 -3.93918e-05
0.121273 -0.000314235 -0.000197155
0.12164 0.000204686 0.000188096
0.122008 -0.000133165 -0.000222623
0.122375 0.000113696 0.000390516
0.122743 2.20147e-05 -0.000382168
0.12311 7.27868e-05 9.12568e-05
0.123478 -0.000238686 0.000156883
0.123845 0.000196782 -0.00014701
0.124213 2.50152e-05 0.000365906
0.12458 3.12453e-05 -0.0003597
0.124948 -1.35528e-05 2.49308e-05
0.125315 -0.000267612 0.000117483
0.125683 0.000469059 0.000127038
0.12605 -0.00030797 -0.000459889
0.126418 -0.000156726 0.000275625
0.126785 0.000186472 -0.000130757
0.127153 -0.000260194 8.9744e-06
0.12752 1.73318e-05 0.000359355
0.127888 7.52028e-05 -0.000292089
0.128255 2.06319e-06 0.000607117
0.128623 0.000396466 -0.000653468
0.12899 -3.53391e-05 0.000413205
0.129358 -0.000138014 -0.000706699
0.129725 3.90628e-05 0.000449169
0.130093 -0.000224735 7.49413e-05
0.13046 0.000179927 -0.000449586
0.130828 -8.6384e-05 0.000588696
0.131195 -5.7223e-05 -0.000323058
0.131563 0.000348152 0.000307018
0.13193 -0.000322991 -0.000707735
0.132298 -3.49794e-05 0.000851355
0.132665 1.62435e-06 -0.000446941
0.133033 -1.20949e-05 0.00026192
0.1334 -0.000152723 0.000144538
0.133768 0.000406208 0.000104522
0.134135 -0.00035572 -0.00030273
0.134503 7.91247e-05 0.000551822
0.13487 0.000229478 -0.000318213
0.135238 4.48986e-06 -0.000165931
0.135605 -0.00038036 -0.000136676
0.135973 8.87065e-05 0.000535411
0.13634 0.000354186 -0.000587008
0.136707 -0.000585075 0.000265648
0.137075 3.48669e-05 0.000221901
0.137442 0.000417992 0.000250384
0.13781 0.000271331 -0.000322552
0.138177 -0.000426619 -7.61404e-05
0.138545 0.000594565 0.000175016
0.138912 -0.000387472 -0.000474998
0.13928 -4.95401e-06 0.000285016
0.139647 7.72122e-07 7.3468e-05
0.140015 -0.000474416 -0.000464124
0.140382 9.27444e-05 0.00164495
0.14075 0.00148397 -0.000714331
0.141117 -0.000567201 -0.000488486
0.141485 -0.000627883 -0.000374667
0.141852 0.000204693 0.000986485
0.14222 0.000185085 -0.000445141
0.142587 -0.000216003 0.000152764
0.142955 -0.000180873 0.000219429
0.143322 0.000556203 0.000391252
0.14369 -0.000239524 -0.000415399
0.144057 0.000382587 -0.000333287
0.144425 -0.00016633 0.000678575
0.144792 -0.000114065 -0.000840126
0.14516 8.1922e-05 0.000269373
0.145527 0.000141853 0.000320051
0.145895 -0.000494989 -0.000994141
0.146262 -0.000489021 0.00135936
0.14663 0.00132601 0.00018905
0.146997 9.57577e-05 -0.00123667
0.147365 -0.00064791 0.000487796
0.147732 -0.000174564 -0.000265268
0.1481 0.00114824 0.000565428
0.148467 -0.000832933 -0.00106695
0.148835 -0.000341429 -4.95112e-05
0.149202 0.00013188 0.00101502
0.14957 -0.000553044 1.04066e-05
0.149937 0.00123814 2.5854e-05
0.150305 -0.000743049 -0.000148616
0.150672 0.000721567 0.000289257
0.15104 -0.000227569 -0.00051502
0.151407 -6.13694e-05 -0.000776038
0.151775 -0.00105619 0.00110912
0.152142 0.000624599 -0.000281363
0.15251 -0.000422589 0.000199833
0.152877 0.000698391 0.000240027
0.153245 -0.000156798 -0.000751385
0.153612 -0.000742996 0.000762435
0.15398 0.00159657 -0.000350908
0.154347 -0.000816641 -0.00110338
0.154715 -0.00168464 0.000812264
0.155082 0.00189267 0.000581936
0.15545 -0.000692286 -0.00086034
0.155817 -0.000492504 0.000758225
0.156185 0.000943062 -0.000488688
0.156552 -0.000568063 0.000797341
0.15692 0.000672941 -0.000613989
0.157287 0.000273624 -0.00065868
0.157655 -0.00117068 -0.000189717
0.158022 9.59645e-06 0.000804947
0.15839 -6.29895e-05 -5.47777e-05
0.158757 0.000267035 0.000326669
0.159125 0.000242641 6.53087e-05
0.159492 -0.00061919 -0.000851566
0.15986 0.000466574 0.00225895
0.160227 0.00204679 -0.00270919
0.160595 -0.00301809 -0.000388612
0.160962 0.000581051 0.00180082
0.16133 0.000518017 -0.00150539
0.161697 -0.000252702 0.000497538
0.162065 -0.000933602 0.000233824
0.162432 0.000780008 -0.000280847
0.1628 0.000871339 0.00106962
0.163167 -0.00148183 -0.00276518
0.163535 0.000971002 0.00258423
0.163902 -0.00103006 -0.00154058
0.164269 0.0004084 0.00169714
0.164637 0.000751496 -0.00156792
0.165004 -0.000889391 -0.000126525
0.165372 -0.000841059 0.001941
0.165739 0.00214253 -0.00084395
0.166107 -0.000220589 -0.000222769
0.166474 -0.000140246 -0.0010738
0.166842 -0.00116154 0.00130202
0.167209 0.00205581 -0.000513195
0.167577 -0.00200821 -0.00119967
0.167944 0.000531177 0.00211912
0.168312 -0.000657617 -0.000742274
0.168679 0.00194273 0.0008691
0.169047 -0.00116325 -0.00125834
0.169414 0.000601491 0.00106001
0.169782 0.00140289 -0.00181632
0.170149 -0.00283335 0.000505699
0.170517 0.0014532 0.000838379
0.170884 8.0485e-05 -0.00107381
0.171252 -0.00149506 0.00150263
0.171619 0.00294192 0.000447732
0.171987 -0.000211563 -0.00182018
0.172354 -0.00172355 -0.000203542
0.172722 0.00147338 0.00149093
0.173089 -0.000172798 -0.00121233
0.173457 -0.000775463 -0.000519503
0.173824 8.09318e-05 0.00113956
0.174192 1.57645e-05 0.000162501
0.174559 0.000847634 -0.000237797
0.174927 -0.001167 -0.000446446
0.175294 4.65161e-05 0.00185374
0.175662 0.000748864 -0.000505756
0.176029 0.000494105 0.000185136
0.176397 0.000763256 -0.00038058
0.176764 -0.00210204 -0.00143108
0.177132 0.00128808 0.00333564
0.177499 -0.00103097 -0.00188831
0.177867 0.00323199 0.000599201
0.178234 -0.00291232 -0.00314984
0.178602 -0.000912859 0.0029717
0.178969 0.00183838 5.64298e-05
0.179337 -0.000647132 -0.00225161
0.179704 -0.000594998 0.00137095
0.180072 -0.00152975 -0.000250908
0.180439 0.00207684 0.00203262
0.180807 0.000183969 -0.00243751
0.181174 -0.00207889 0.00183978
0.181542 0.00404143 -0.00128892
0.181909 -0.00382042 -3.63128e-05
0.182277 0.00247563 -0.000735179
0.182644 -0.0021594 0.00052013
0.183012 0.000451983 0.00135038
0.183379 0.00207735 -0.000885535
0.183747 -0.00225993 0.000216546
0.184114 0.001561 -0.000954338
0.184482 -0.00117656 0.000980593
0.184849 0.000639654 0.000122421
0.185217 0.000694933 -0.000595267
0.185584 -0.00175761 -0.000564445
0.185952 -0.000434836 0.00136245
0.186319 0.00281694 1.88824e-05
0.186687 -0.00204157 -0.000618408
0.187054 -0.000262259 -0.000597502
0.187422 0.000809285 0.00256904
0.187789 0.000653025 -0.00244489
0.188157 0.000342399 0.000919709
0.188524 -0.000829881 -0.000934524
0.188892 0.000111104 -0.000443832
0.189259 -0.00072538 0.00010265
0.189627 0.000380374 0.00217949
0.189994 0.00114857 -0.00238836
0.190362 -0.000793463 0.000460578
0.190729 -0.000473511 2.5027e-06
0.191096 0.00127829 0.000917787
0.191464 -3.53211e-05 -0.00347709
0.191831 -0.00380141 0.00385842
0.192199 0.00475085 -0.00011404
0.192566 -0.00136745 -0.00116819
0.192934 -0.00126084 0.000764429
0.193301 0.004206 0.00151402
0.193669 -0.00316002 -0.00328362
0.194036 0.00268165 -0.000240742
0.194404 -0.00460328 0.000426626
0.194771 0.00210236 0.00190725
0.195139 -0.000193226 -0.00209091
0.195506 -0.000783055 0.00183029
0.195874 -0.000523989 -0.00160037
0.196241 0.00160122 0.00267735
0.196609 -0.0013993 -0.0014177
0.196976 0.00170914 -0.00121956
0.197344 -0.00245943 0.00283771
0.197711 0.00269612 -0.00238819
0.198079 -0.00229673 0.00174774
0.198446 0.00137779 -0.00260432
0.198814 -0.00150766 0.00198772
0.199181 -0.000905693 -0.000197553
0.199549 0.00272905 0.000852394
0.199916 -0.00187142 -0.00137209
0.200284 0.000726557 0.00181421
0.200651 -0.00126875 -0.00189136
0.201019 0.00235225 0.00247509
0.201386 -0.00103923 -0.000824878
0.201754 0.000558824 -0.00103144
0.202121 -0.00135422 0.000341202
0.202489 0.00104136 0.002225
0.202856 0.00236859 -0.00188889
0.203224 -0.00333556 -0.00163485
0.203591 0.00186803 0.00117001
0.203959 -0.00226217 -0.0010541
0.204326 -0.00152355 0.00111926
0.204694 0.00294753 0.00236006
0.205061 -0.00167344 -0.00378229
0.205429 0.00209159 0.00369313
0.205796 -0.00116064 -0.00412835
0.206164 -0.000885245 0.0030422
0.206531 0.00157377 -0.000987818
0.206899 0.00019898 -0.00110448
0.207266 -0.0027035 -0.000617839
0.207634 0.00096205 0.0011735
0.208001 0.000312499 0.00331997
0.208369 0.00257 -0.00413867
0.208736 -0.00273392 -0.000183435
0.209104 0.00372938 0.00270838
0.209471 -0.00357332 -0.00401817
0.209839 0.00290559 0.00333311
0.210206 -0.000926078 -0.0021032
0.210574 0.000186244 -0.00111734
0.210941 -0.000346497 0.00215879
0.211309 -0.000868787 -0.00358994
0.211676 0.000911383 0.00345936
0.212044 0.000613192 -0.00235759
0.212411 -0.00163266 0.00284907
0.212779 0.00150379 -0.00241081
0.213146 0.00335144 0.000849715
0.213514 -0.00477745 -0.00176973
0.213881 0.00348972 0.00144309
0.214249 0.00168631 -0.00135261
0.214616 -0.00389088 -0.00419394
0.214984 0.000628427 0.00542815
0.215351 0.00321414 -0.00494365
0.215719 -0.00590662 -1.05238e-05
0.216086 0.0014335 0.00480729
0.216454 0.00198797 -0.00276022
0.216821 -0.00132544 0.00262852
0.217189 0.00458861 -0.000623016
0.217556 -0.00319136 -0.00381153
0.217924 0.00137579 0.00356475
0.218291 4.27633e-05 -0.00127472
0.218658 0.00134578 0.000523387
0.219026 0.000795513 -0.00238419
0.219393 -0.00443143 -0.000398957
0.219761 0.000732692 0.00149602
0.220128 0.0019922 0.00266303
