# self-consistency convergence trace
# iter  error=max|dn_i|  N_total  S_z
0 0.0906302513147 47 1.5
1 0.0903876723377 47 1.5
2 0.0890860895144 47 1.5
3 0.0878043212479 47 1.5
4 0.0865420217585 47 1.5
5 0.085366667572 47 1.5
6 0.0843745747935 47 1.5
7 0.0833900729506 47 1.5
8 0.0824132571571 47 1.5
9 0.0814442137321 47 1.5
10 0.0804830232868 47 1.5
11 0.0795297593955 47 1.5
12 0.0785844888604 47 1.5
13 0.0776472719724 47 1.5
14 0.076718162766 47 1.5
15 0.0757972092658 47 1.5
16 0.0748844537263 47 1.5
17 0.073979932864 47 1.5
18 0.0730836780829 47 1.5
19 0.0721957156931 47 1.5
20 0.0713160671222 47 1.5
21 0.0704447491205 47 1.5
22 0.0695817739591 47 1.5
23 0.0687271496229 47 1.5
24 0.0678808799955 47 1.5
25 0.0670429650398 47 1.5
26 0.0662134009718 47 1.5
27 0.0653921804286 47 1.5
28 0.0645792926312 47 1.5
29 0.0637747235415 47 1.5
30 0.0629784560138 47 1.5
31 0.062190469942 47 1.5
32 0.0614107424004 47 1.5
33 0.0606392477809 47 1.5
34 0.0598759579242 47 1.5
35 0.0591208422476 47 1.5
36 0.0583738678676 47 1.5
37 0.0576349997178 47 1.5
38 0.0569042006635 47 1.5
39 0.0561814316114 47 1.5
40 0.0554666516156 47 1.5
41 0.0547598179798 47 1.5
42 0.0540608863556 47 1.5
43 0.0533698108374 47 1.5
44 0.0526865440533 47 1.5
45 0.0520110372531 47 1.5
46 0.0513432403929 47 1.5
47 0.0506831022161 47 1.5
48 0.0500305703318 47 1.5
49 0.0493855912899 47 1.5
50 0.0487481106538 47 1.5
51 0.048118073069 47 1.5
52 0.047495422331 47 1.5
53 0.0468801014485 47 1.5
54 0.0462720527057 47 1.5
55 0.0456712177211 47 1.5
56 0.0450775375044 47 1.5
57 0.0444909525112 47 1.5
58 0.0439114026949 47 1.5
59 0.0433388275571 47 1.5
60 0.0427731661959 47 1.5
61 0.0422143573515 47 1.5
62 0.0416623394509 47 1.5
63 0.0411170506497 47 1.5
64 0.040578428873 47 1.5
65 0.0400464118541 47 1.5
66 0.0395209371714 47 1.5
67 0.0390019422842 47 1.5
68 0.0384893645662 47 1.5
69 0.0379831413386 47 1.5
70 0.0374832099002 47 1.5
71 0.0369895075579 47 1.5
72 0.0365019716542 47 1.5
73 0.0360205395943 47 1.5
74 0.0355451488722 47 1.5
75 0.0350757370946 47 1.5
76 0.0346122420044 47 1.5
77 0.0341546015032 47 1.5
78 0.0337027536716 47 1.5
79 0.0332566367902 47 1.5
80 0.0328161893579 47 1.5
81 0.0323813501103 47 1.5
82 0.031952058037 47 1.5
83 0.0315282523974 47 1.5
84 0.0311098727363 47 1.5
85 0.0306968588987 47 1.5
86 0.0302891510432 47 1.5
87 0.029886689655 47 1.5
88 0.0294894155584 47 1.5
89 0.0290972699281 47 1.5
90 0.0287101942999 47 1.5
91 0.0283281305814 47 1.5
92 0.0279510210611 47 1.5
93 0.0275788084174 47 1.5
94 0.0272114357269 47 1.5
95 0.0268488464725 47 1.5
96 0.0264909845503 47 1.5
97 0.0261377942765 47 1.5
98 0.0257892203937 47 1.5
99 0.0254452080762 47 1.5
100 0.025105702936 47 1.5
101 0.024770651027 47 1.5
102 0.0244399988499 47 1.5
103 0.0241136933557 47 1.5
104 0.0237916819499 47 1.5
105 0.0234739124955 47 1.5
106 0.0231603333157 47 1.5
107 0.0228508931968 47 1.5
108 0.0225455413902 47 1.5
109 0.0222442276143 47 1.5
110 0.0219469020563 47 1.5
111 0.0216535153734 47 1.5
112 0.0213640186939 47 1.5
113 0.0210783636178 47 1.5
114 0.0207965022177 47 1.5
115 0.0205183870385 47 1.5
116 0.0202439710984 47 1.5
117 0.0199732078876 47 1.5
118 0.0197060513689 47 1.5
119 0.0194424559766 47 1.5
120 0.0191823766159 47 1.5
121 0.0189257686621 47 1.5
122 0.0186725879591 47 1.5
123 0.0184227908186 47 1.5
124 0.0181973881816 47 1.5
125 0.0179959090377 47 1.5
126 0.0177964002052 47 1.5
127 0.0175988494191 47 1.5
128 0.0174032442912 47 1.5
129 0.0172095723176 47 1.5
130 0.017017820886 47 1.5
131 0.0168279772821 47 1.5
132 0.0166400286967 47 1.5
133 0.0164539622321 47 1.5
134 0.0162697649086 47 1.5
135 0.0160874236706 47 1.5
136 0.0159069253929 47 1.5
137 0.015728256886 47 1.5
138 0.0155514049023 47 1.5
139 0.0153763561414 47 1.5
140 0.0152030972557 47 1.5
141 0.0150316148551 47 1.5
142 0.0148618955128 47 1.5
143 0.0146939257697 47 1.5
144 0.014527692139 47 1.5
145 0.0143631811115 47 1.5
146 0.0142003791596 47 1.5
147 0.0140392727415 47 1.5
148 0.0138798483059 47 1.5
149 0.0137220922957 47 1.5
150 0.013565991152 47 1.5
151 0.0134115313179 47 1.5
152 0.0132586992425 47 1.5
153 0.013107481384 47 1.5
154 0.0129578642135 47 1.5
155 0.0128098342181 47 1.5
156 0.0126633779042 47 1.5
157 0.0125184818007 47 1.5
158 0.012375132462 47 1.5
159 0.0122333164708 47 1.5
160 0.0120930204408 47 1.5
161 0.0119542310196 47 1.5
162 0.0118169348913 47 1.5
163 0.0116811187786 47 1.5
164 0.011546769446 47 1.5
165 0.0114138737011 47 1.5
166 0.0112824183977 47 1.5
167 0.0111523904374 47 1.5
168 0.011023776772 47 1.5
169 0.0108965644051 47 1.5
170 0.0107707403942 47 1.5
171 0.0106462918527 47 1.5
172 0.0105232059513 47 1.5
173 0.0104014699196 47 1.5
174 0.0102810710483 47 1.5
175 0.0101619966899 47 1.5
176 0.0100442342607 47 1.5
177 0.00992777124199 47 1.5
178 0.00981259518143 47 1.5
179 0.00969869369423 47 1.5
180 0.00958605446435 47 1.5
181 0.0094746652457 47 1.5
182 0.00936451386312 47 1.5
183 0.00925558821347 47 1.5
184 0.00914787626655 47 1.5
185 0.00904136606602 47 1.5
186 0.00893604573024 47 1.5
187 0.00883190345309 47 1.5
188 0.00872892750474 47 1.5
189 0.0086271062323 47 1.5
190 0.00852642806152 47 1.5
191 0.00842688149578 47 1.5
192 0.00832845511557 47 1.5
193 0.00823113758211 47 1.5
194 0.00813491763646 47 1.5
195 0.00803978410001 47 1.5
196 0.00794572587481 47 1.5
197 0.00785273194404 47 1.5
198 0.00776079137228 47 1.5
199 0.00766989330583 47 1.5
200 0.00758002697301 47 1.5
201 0.00749118168436 47 1.5
202 0.00740334683284 47 1.5
203 0.00731651189403 47 1.5
204 0.00723066642628 47 1.5
205 0.00714580007076 47 1.5
206 0.00706190255165 47 1.5
207 0.00697896367609 47 1.5
208 0.00689697333432 47 1.5
209 0.00681592149958 47 1.5
210 0.0067357982282 47 1.5
211 0.00665659365948 47 1.5
212 0.00657829801567 47 1.5
213 0.00650090160187 47 1.5
214 0.00642439480594 47 1.5
215 0.00634876809836 47 1.5
216 0.00627401203208 47 1.5
217 0.00620011724239 47 1.5
218 0.0061270744467 47 1.5
219 0.00605487444435 47 1.5
220 0.00598350811641 47 1.5
221 0.00591296642545 47 1.5
222 0.00584324041525 47 1.5
223 0.00577432121059 47 1.5
224 0.00570620001694 47 1.5
225 0.00563886812018 47 1.5
226 0.0055723168863 47 1.5
227 0.00550653776106 47 1.5
228 0.0054415222697 47 1.5
229 0.00537726201657 47 1.5
230 0.00531374868479 47 1.5
231 0.00525097403586 47 1.5
232 0.00518892990934 47 1.5
233 0.00512760822243 47 1.5
234 0.00506700096959 47 1.5
235 0.00500710022213 47 1.5
236 0.0049478981278 47 1.5
237 0.00488938691041 47 1.5
238 0.00483155886936 47 1.5
239 0.00477440637922 47 1.5
240 0.00471792188931 47 1.5
241 0.00466209792323 47 1.5
242 0.00460692707846 47 1.5
243 0.00455240202582 47 1.5
244 0.00449851550907 47 1.5
245 0.00444526034445 47 1.5
246 0.00439262942017 47 1.5
247 0.00434061569593 47 1.5
248 0.0042892122025 47 1.5
249 0.00423841204118 47 1.5
250 0.00418820838331 47 1.5
251 0.00413859446982 47 1.5
252 0.00408956361071 47 1.5
253 0.00404110918455 47 1.5
254 0.003993224638 47 1.5
255 0.00394590348528 47 1.5
256 0.0038991393077 47 1.5
257 0.00385292575311 47 1.5
258 0.00380725653545 47 1.5
259 0.00376212543418 47 1.5
260 0.00371752629384 47 1.5
261 0.00367345302345 47 1.5
262 0.0036298995961 47 1.5
263 0.00358686004833 47 1.5
264 0.00354432847972 47 1.5
265 0.0035022990523 47 1.5
266 0.00346076599007 47 1.5
267 0.00341972357849 47 1.5
268 0.00337916616395 47 1.5
269 0.00333908815326 47 1.5
270 0.00329948401317 47 1.5
271 0.00326034826978 47 1.5
272 0.00322167550813 47 1.5
273 0.0031834603716 47 1.5
274 0.00314569756146 47 1.5
275 0.00310838183632 47 1.5
276 0.00307150801167 47 1.5
277 0.00303507095931 47 1.5
278 0.00299906560691 47 1.5
279 0.00296348693746 47 1.5
280 0.00292832998881 47 1.5
281 0.00289358985311 47 1.5
282 0.00285926167637 47 1.5
283 0.00282534065793 47 1.5
284 0.00279182205 47 1.5
285 0.00275870115712 47 1.5
286 0.0027259733357 47 1.5
287 0.00269363399353 47 1.5
288 0.00266167858929 47 1.5
289 0.00263010263205 47 1.5
290 0.00259890168082 47 1.5
291 0.00256807134406 47 1.5
292 0.00253760727918 47 1.5
293 0.00250750519211 47 1.5
294 0.00247793821066 47 1.5
295 0.0024505687238 47 1.5
296 0.00242350337354 47 1.5
297 0.00239673872644 47 1.5
298 0.00237027138857 47 1.5
299 0.002344098005 47 1.5
300 0.0023182152594 47 1.5
301 0.00229261987351 47 1.5
302 0.00226730860681 47 1.5
303 0.00224227825596 47 1.5
304 0.00221752565449 47 1.5
305 0.00219304767228 47 1.5
306 0.00216892834759 47 1.5
307 0.00214526032424 47 1.5
308 0.00212184570559 47 1.5
309 0.00209868190442 47 1.5
310 0.00207576635681 47 1.5
311 0.00205309652204 47 1.5
312 0.0020306698824 47 1.5
313 0.00200848394313 47 1.5
314 0.00198653623221 47 1.5
315 0.00196482430026 47 1.5
316 0.0019433457204 47 1.5
317 0.00192209808812 47 1.5
318 0.00190107902109 47 1.5
319 0.0018802861591 47 1.5
320 0.00185971716382 47 1.5
321 0.00183936971875 47 1.5
322 0.00181943004757 47 1.5
323 0.00180159763127 47 1.5
324 0.00178392984215 47 1.5
325 0.00176642531299 47 1.5
326 0.00174908268545 47 1.5
327 0.0017319006101 47 1.5
328 0.00171487774634 47 1.5
329 0.00169801276242 47 1.5
330 0.00168130433544 47 1.5
331 0.00166475115129 47 1.5
332 0.00164835190465 47 1.5
333 0.00163210529896 47 1.5
334 0.00161601004645 47 1.5
335 0.00160006486803 47 1.5
336 0.00158426849334 47 1.5
337 0.00156861966071 47 1.5
338 0.00155311711711 47 1.5
339 0.00153775961815 47 1.5
340 0.00152254592807 47 1.5
341 0.00150747481966 47 1.5
342 0.0014925450743 47 1.5
343 0.00147775548189 47 1.5
344 0.00146310484083 47 1.5
345 0.001448591958 47 1.5
346 0.00143421564872 47 1.5
347 0.00141997473676 47 1.5
348 0.00140586805424 47 1.5
349 0.00139189444167 47 1.5
350 0.00137805274788 47 1.5
351 0.00136434182998 47 1.5
352 0.00135076055338 47 1.5
353 0.0013373077917 47 1.5
354 0.00132398242677 47 1.5
355 0.0013107833486 47 1.5
356 0.00129770945532 47 1.5
357 0.00128475965319 47 1.5
358 0.00127193285651 47 1.5
359 0.00125922798763 47 1.5
360 0.00124664397691 47 1.5
361 0.00123417976265 47 1.5
362 0.00122183429112 47 1.5
363 0.00120960651644 47 1.5
364 0.00119749540064 47 1.5
365 0.00118549991353 47 1.5
366 0.00117361903273 47 1.5
367 0.00116185174361 47 1.5
368 0.00115019703924 47 1.5
369 0.00113865392038 47 1.5
370 0.00112722139543 47 1.5
371 0.00111589848038 47 1.5
372 0.0011046841988 47 1.5
373 0.00109357758177 47 1.5
374 0.00108257766788 47 1.5
375 0.00107168350313 47 1.5
376 0.00106089414097 47 1.5
377 0.00105020864221 47 1.5
378 0.00103962607498 47 1.5
379 0.00102914551472 47 1.5
380 0.00101876604412 47 1.5
381 0.00100848675308 47 1.5
382 0.000998306738694 47 1.5
383 0.000988225105169 47 1.5
384 0.000978240963827 47 1.5
385 0.000968353433039 47 1.5
386 0.000958561638196 47 1.5
387 0.000948864711667 47 1.5
388 0.000939261792761 47 1.5
389 0.000929752027681 47 1.5
390 0.000920334569492 47 1.5
391 0.000911008578076 47 1.5
392 0.000901773220088 47 1.5
393 0.000892627668925 47 1.5
394 0.000883571104684 47 1.5
395 0.00087460271411 47 1.5
396 0.000865721690574 47 1.5
397 0.000856927234018 47 1.5
398 0.000848218550924 47 1.5
399 0.000839594854267 47 1.5
400 0.000831055363479 47 1.5
401 0.000822599304407 47 1.5
402 0.000814225909275 47 1.5
403 0.000805934416642 47 1.5
404 0.000797724071356 47 1.5
405 0.000789594124531 47 1.5
406 0.000781543833485 47 1.5
407 0.000773572461717 47 1.5
408 0.000765679278859 47 1.5
409 0.000757863560635 47 1.5
410 0.000750124588831 47 1.5
411 0.000742461651239 47 1.5
412 0.000734874041634 47 1.5
413 0.000727361059722 47 1.5
414 0.000719922011105 47 1.5
415 0.000712556207247 47 1.5
416 0.00070526296542 47 1.5
417 0.00069804160868 47 1.5
418 0.000690891465822 47 1.5
419 0.000683811871336 47 1.5
420 0.000676802165373 47 1.5
421 0.00066986169371 47 1.5
422 0.000662989807699 47 1.5
423 0.000656185864242 47 1.5
424 0.000649449225742 47 1.5
425 0.000642779260069 47 1.5
426 0.000636175340521 47 1.5
427 0.000629636845788 47 1.5
428 0.000623163159909 47 1.5
429 0.000616753672236 47 1.5
430 0.000610407777397 47 1.5
431 0.00060412487526 47 1.5
432 0.000597904370891 47 1.5
433 0.000591745674521 47 1.5
434 0.000585648201495 47 1.5
435 0.000579611372266 47 1.5
436 0.000573634612321 47 1.5
437 0.000567717352165 47 1.5
438 0.000561859027286 47 1.5
439 0.000556059078106 47 1.5
440 0.000550316949954 47 1.5
441 0.000544632093023 47 1.5
442 0.000539003962342 47 1.5
443 0.000533432017732 47 1.5
444 0.000527915723774 47 1.5
445 0.000522454549776 47 1.5
446 0.000517047969725 47 1.5
447 0.000511695462276 47 1.5
448 0.000506396510683 47 1.5
449 0.000501150602799 47 1.5
450 0.000495957231013 47 1.5
451 0.00049081589223 47 1.5
452 0.000485726087836 47 1.5
453 0.000480687323657 47 1.5
454 0.000475699109932 47 1.5
455 0.000470760961272 47 1.5
456 0.00046587239663 47 1.5
457 0.00046103293927 47 1.5
458 0.000456242116724 47 1.5
459 0.000451499460772 47 1.5
460 0.000446804507394 47 1.5
461 0.000442156796755 47 1.5
462 0.000437555873149 47 1.5
463 0.000433001284989 47 1.5
464 0.00042849258476 47 1.5
465 0.000424029328993 47 1.5
466 0.000419611078229 47 1.5
467 0.000415237396994 47 1.5
468 0.000410907853756 47 1.5
469 0.000406622020904 47 1.5
470 0.000402379474709 47 1.5
471 0.000398179795301 47 1.5
472 0.000394022566631 47 1.5
473 0.000389907376441 47 1.5
474 0.000385833816232 47 1.5
475 0.000381801481244 47 1.5
476 0.000377809970411 47 1.5
477 0.00037385888634 47 1.5
478 0.000369947835279 47 1.5
479 0.000366076427086 47 1.5
480 0.0003622442752 47 1.5
481 0.000358450996612 47 1.5
482 0.000354696211838 47 1.5
483 0.000350979544885 47 1.5
484 0.000347300623224 47 1.5
485 0.000343659077765 47 1.5
486 0.000340054542823 47 1.5
487 0.000336486656096 47 1.5
488 0.000332955058626 47 1.5
489 0.000329459394787 47 1.5
490 0.000325999312243 47 1.5
491 0.000322574461927 47 1.5
492 0.000319184498012 47 1.5
493 0.000315829077885 47 1.5
494 0.000312507862119 47 1.5
495 0.000309220514449 47 1.5
496 0.000305966701735 47 1.5
497 0.000302746093953 47 1.5
498 0.00029955836415 47 1.5
499 0.000296403188434 47 1.5
500 0.000293280245935 47 1.5
501 0.000290189218791 47 1.5
502 0.00028712979211 47 1.5
503 0.000284101653952 47 1.5
504 0.000281104495309 47 1.5
505 0.000278138010066 47 1.5
506 0.000275201894988 47 1.5
507 0.000272295849689 47 1.5
508 0.00026941957661 47 1.5
509 0.000266572780995 47 1.5
510 0.000263755170864 47 1.5
511 0.000260966456993 47 1.5
512 0.000258206352887 47 1.5
513 0.000255474574755 47 1.5
514 0.000252770841493 47 1.5
515 0.000250094874654 47 1.5
516 0.000247446398427 47 1.5
517 0.000244825139613 47 1.5
518 0.000242230827609 47 1.5
519 0.000239663194372 47 1.5
520 0.000237121974411 47 1.5
521 0.000234606904754 47 1.5
522 0.000232117724931 47 1.5
523 0.000229654176949 47 1.5
524 0.000227216005277 47 1.5
525 0.00022480295681 47 1.5
526 0.000222414780868 47 1.5
527 0.000220051229154 47 1.5
528 0.000217712055748 47 1.5
529 0.000215397017075 47 1.5
530 0.000213105871896 47 1.5
531 0.000210838381275 47 1.5
532 0.000208594308565 47 1.5
533 0.00020637341939 47 1.5
534 0.000204175481617 47 1.5
535 0.000202000265343 47 1.5
536 0.00019984754287 47 1.5
537 0.000197717088692 47 1.5
538 0.000195608679466 47 1.5
539 0.000193522094 47 1.5
540 0.000191457113235 47 1.5
541 0.000189413520212 47 1.5
542 0.000187391100072 47 1.5
543 0.000185389640027 47 1.5
544 0.000183408929338 47 1.5
545 0.000181448759308 47 1.5
546 0.00017950892325 47 1.5
547 0.000177589216477 47 1.5
548 0.000175689436285 47 1.5
549 0.00017380938193 47 1.5
550 0.000171948854613 47 1.5
551 0.000170107657459 47 1.5
552 0.000168285595507 47 1.5
553 0.000166482475685 47 1.5
554 0.000164698106795 47 1.5
555 0.000162932299496 47 1.5
556 0.00016118486629 47 1.5
557 0.000159455621502 47 1.5
558 0.00015774438126 47 1.5
559 0.000156050963489 47 1.5
560 0.000154375187879 47 1.5
561 0.000152716875888 47 1.5
562 0.000151075850705 47 1.5
563 0.000149451937253 47 1.5
564 0.000147844962158 47 1.5
565 0.000146254753744 47 1.5
566 0.00014468114201 47 1.5
567 0.00014312395862 47 1.5
568 0.000141583036885 47 1.5
569 0.000140058211743 47 1.5
570 0.00013854931976 47 1.5
571 0.000137056199089 47 1.5
572 0.000135578689482 47 1.5
573 0.000134116632257 47 1.5
574 0.000132669870292 47 1.5
575 0.000131238248007 47 1.5
576 0.000129821611352 47 1.5
577 0.000128419807789 47 1.5
578 0.000127032686282 47 1.5
579 0.000125660097282 47 1.5
580 0.000124301892714 47 1.5
581 0.000122957925951 47 1.5
582 0.000121628051827 47 1.5
583 0.000120312126597 47 1.5
584 0.000119402095991 47 1.5
585 0.000118545332806 47 1.5
586 0.000117695088136 47 1.5
587 0.000116851310516 47 1.5
588 0.000116013948888 47 1.5
589 0.000115182952594 47 1.5
590 0.000114358271384 47 1.5
591 0.0001135398554 47 1.5
592 0.000112727655182 47 1.5
593 0.000111921621658 47 1.5
594 0.000111121706148 47 1.5
595 0.000110327860358 47 1.5
596 0.000109540036373 47 1.5
597 0.000108758186662 47 1.5
598 0.000107982264072 47 1.5
599 0.000107212221817 47 1.5
600 0.000106448013496 47 1.5
601 0.000105689593059 47 1.5
602 0.00010493691484 47 1.5
603 0.000104189933523 47 1.5
604 0.000103448604157 47 1.5
605 0.00010271288215 47 1.5
606 0.000101982723263 47 1.5
607 0.000101258083609 47 1.5
608 0.000100538919649 47 1.5
609 9.98251881972e-05 47 1.5
610 9.91168464051e-05 47 1.5
611 9.8413851769e-05 47 1.5
612 9.77161621249e-05 47 1.5
613 9.70237356388e-05 47 1.5
614 9.63365308203e-05 47 1.5
615 9.56545065052e-05 47 1.5
616 9.4977621857e-05 47 1.5
617 9.43058363633e-05 47 1.5
618 9.36391098424e-05 47 1.5
619 9.29774024264e-05 47 1.5
620 9.23206745709e-05 47 1.5
621 9.16688870457e-05 47 1.5
622 9.10220009356e-05 47 1.5
623 9.03799776328e-05 47 1.5
624 8.97427788428e-05 47 1.5
625 8.91103665758e-05 47 1.5
626 8.84827031483e-05 47 1.5
627 8.7859751171e-05 47 1.5
628 8.72414735651e-05 47 1.5
629 8.66278335412e-05 47 1.5
630 8.60187946039e-05 47 1.5
631 8.54143205562e-05 47 1.5
632 8.48143754872e-05 47 1.5
633 8.4218923774e-05 47 1.5
634 8.36279300805e-05 47 1.5
635 8.30413593523e-05 47 1.5
636 8.2459176821e-05 47 1.5
637 8.18813479888e-05 47 1.5
638 8.13078386435e-05 47 1.5
639 8.07386148416e-05 47 1.5
640 8.01736429122e-05 47 1.5
641 7.96128894593e-05 47 1.5
642 7.90563213508e-05 47 1.5
643 7.85039057246e-05 47 1.5
644 7.79556099774e-05 47 1.5
645 7.74114017711e-05 47 1.5
646 7.68712490269e-05 47 1.5
647 7.6335119927e-05 47 1.5
648 7.58029829017e-05 47 1.5
649 7.52748066419e-05 47 1.5
650 7.47505600876e-05 47 1.5
651 7.42302124303e-05 47 1.5
652 7.37137331047e-05 47 1.5
653 7.32010917968e-05 47 1.5
654 7.26922584343e-05 47 1.5
655 7.21872031851e-05 47 1.5
656 7.16858964601e-05 47 1.5
657 7.11883089054e-05 47 1.5
658 7.06944114062e-05 47 1.5
659 7.02041750788e-05 47 1.5
660 6.97175712765e-05 47 1.5
661 6.9234571578e-05 47 1.5
662 6.87551477939e-05 47 1.5
663 6.82792719632e-05 47 1.5
664 6.78069163451e-05 47 1.5
665 6.73380534274e-05 47 1.5
666 6.68726559147e-05 47 1.5
667 6.64106967355e-05 47 1.5
668 6.59521490331e-05 47 1.5
669 6.54969861708e-05 47 1.5
670 6.50451817238e-05 47 1.5
671 6.45967094784e-05 47 1.5
672 6.4151543437e-05 47 1.5
673 6.37096578065e-05 47 1.5
674 6.32710270073e-05 47 1.5
675 6.28356256602e-05 47 1.5
676 6.24034285914e-05 47 1.5
677 6.19744108319e-05 47 1.5
678 6.15485476148e-05 47 1.5
679 6.11258143711e-05 47 1.5
680 6.07061867296e-05 47 1.5
681 6.0289640514e-05 47 1.5
682 5.98761517457e-05 47 1.5
683 5.94656966378e-05 47 1.5
684 5.90582515959e-05 47 1.5
685 5.86537932157e-05 47 1.5
686 5.825229828e-05 47 1.5
687 5.78537437615e-05 47 1.5
688 5.7458106814e-05 47 1.5
689 5.70653647807e-05 47 1.5
690 5.66754951822e-05 47 1.5
691 5.62884757239e-05 47 1.5
692 5.590428429e-05 47 1.5
693 5.55228989429e-05 47 1.5
694 5.51442979195e-05 47 1.5
695 5.47684596371e-05 47 1.5
696 5.43953626803e-05 47 1.5
697 5.40249858129e-05 47 1.5
698 5.36573079622e-05 47 1.5
699 5.32923082337e-05 47 1.5
700 5.29299658948e-05 47 1.5
701 5.25702603842e-05 47 1.5
702 5.22131713009e-05 47 1.5
703 5.18586784146e-05 47 1.5
704 5.15067616532e-05 47 1.5
705 5.1157401107e-05 47 1.5
706 5.081057703e-05 47 1.5
707 5.04662698308e-05 47 1.5
708 5.01244600776e-05 47 1.5
709 4.9785128494e-05 47 1.5
710 4.94482559629e-05 47 1.5
711 4.91138235134e-05 47 1.5
712 4.87818123363e-05 47 1.5
713 4.84522037646e-05 47 1.5
714 4.81249792914e-05 47 1.5
715 4.78001205467e-05 47 1.5
716 4.74776093225e-05 47 1.5
717 4.71574275459e-05 47 1.5
718 4.68395572912e-05 47 1.5
719 4.65239807823e-05 47 1.5
720 4.62106803826e-05 47 1.5
721 4.58996385962e-05 47 1.5
722 4.55908380675e-05 47 1.5
723 4.52842615846e-05 47 1.5
724 4.49798920716e-05 47 1.5
725 4.4677712588e-05 47 1.5
726 4.43777063301e-05 47 1.5
727 4.40798566319e-05 47 1.5
728 4.37841469583e-05 47 1.5
729 4.34905609107e-05 47 1.5
730 4.31990822169e-05 47 1.5
731 4.2909694739e-05 47 1.5
732 4.26223824678e-05 47 1.5
733 4.23371295245e-05 47 1.5
734 4.20539201526e-05 47 1.5
735 4.17727387297e-05 47 1.5
736 4.14935697496e-05 47 1.5
737 4.1216397839e-05 47 1.5
738 4.09412077422e-05 47 1.5
739 4.06679843298e-05 47 1.5
740 4.03967125897e-05 47 1.5
741 4.0127377634e-05 47 1.5
742 3.98599646942e-05 47 1.5
743 3.95944591133e-05 47 1.5
744 3.93308463617e-05 47 1.5
745 3.90691120186e-05 47 1.5
746 3.88092417823e-05 47 1.5
747 3.85512214664e-05 47 1.5
748 3.82950369948e-05 47 1.5
749 3.80406744074e-05 47 1.5
750 3.77881198516e-05 47 1.5
751 3.75373595927e-05 47 1.5
752 3.7288379998e-05 47 1.5
753 3.70411675485e-05 47 1.5
754 3.67957088326e-05 47 1.5
755 3.65519905451e-05 47 1.5
756 3.6309999489e-05 47 1.5
757 3.60697225716e-05 47 1.5
758 3.58311468015e-05 47 1.5
759 3.55942592961e-05 47 1.5
760 3.53590472749e-05 47 1.5
761 3.51254980598e-05 47 1.5
762 3.48935990724e-05 47 1.5
763 3.46633378317e-05 47 1.5
764 3.44347019582e-05 47 1.5
765 3.42076791804e-05 47 1.5
766 3.39822573093e-05 47 1.5
767 3.37584242645e-05 47 1.5
768 3.35361680577e-05 47 1.5
769 3.3315476795e-05 47 1.5
770 3.30963386816e-05 47 1.5
771 3.287874201e-05 47 1.5
772 3.26626751727e-05 47 1.5
773 3.24481266503e-05 47 1.5
774 3.22350850188e-05 47 1.5
775 3.20235389411e-05 47 1.5
776 3.18134771739e-05 47 1.5
777 3.16048885566e-05 47 1.5
778 3.1397762029e-05 47 1.5
779 3.11920866088e-05 47 1.5
780 3.09878514058e-05 47 1.5
781 3.07850456142e-05 47 1.5
782 3.0583658515e-05 47 1.5
783 3.03836794732e-05 47 1.5
784 3.01850979411e-05 47 1.5
785 2.99879034528e-05 47 1.5
786 2.97920856237e-05 47 1.5
787 2.95976341554e-05 47 1.5
788 2.94045388265e-05 47 1.5
789 2.92127895024e-05 47 1.5
790 2.90223761236e-05 47 1.5
791 2.88332887145e-05 47 1.5
792 2.86455173752e-05 47 1.5
793 2.84590522863e-05 47 1.5
794 2.82738837047e-05 47 1.5
795 2.8090001967e-05 47 1.5
796 2.7907397482e-05 47 1.5
797 2.77260607359e-05 47 1.5
798 2.75459822954e-05 47 1.5
799 2.7367152796e-05 47 1.5
800 2.71895629455e-05 47 1.5
801 2.70132035322e-05 47 1.5
802 2.68380654099e-05 47 1.5
803 2.66641395115e-05 47 1.5
804 2.64914168347e-05 47 1.5
805 2.63198884524e-05 47 1.5
806 2.61495455084e-05 47 1.5
807 2.59803792153e-05 47 1.5
808 2.58123808515e-05 47 1.5
809 2.56455417687e-05 47 1.5
810 2.54798533875e-05 47 1.5
811 2.531530719e-05 47 1.5
812 2.5151894732e-05 47 1.5
813 2.49896076333e-05 47 1.5
814 2.48284375771e-05 47 1.5
815 2.46683763173e-05 47 1.5
816 2.45094156659e-05 47 1.5
817 2.43515475064e-05 47 1.5
818 2.41947637817e-05 47 1.5
819 2.40390564961e-05 47 1.5
820 2.38844177224e-05 47 1.5
821 2.3730839592e-05 47 1.5
822 2.35783143007e-05 47 1.5
823 2.34268341001e-05 47 1.5
824 2.32763913084e-05 47 1.5
825 2.31269783012e-05 47 1.5
826 2.29785875132e-05 47 1.5
827 2.28312114418e-05 47 1.5
828 2.26848426368e-05 47 1.5
829 2.25394737151e-05 47 1.5
830 2.23950973423e-05 47 1.5
831 2.22517062487e-05 47 1.5
832 2.21092932184e-05 47 1.5
833 2.1967851089e-05 47 1.5
834 2.1827372759e-05 47 1.5
835 2.16878511815e-05 47 1.5
836 2.15492793606e-05 47 1.5
837 2.14116503591e-05 47 1.5
838 2.12749572947e-05 47 1.5
839 2.11391933316e-05 47 1.5
840 2.10043516978e-05 47 1.5
841 2.08704256659e-05 47 1.5
842 2.07374085625e-05 47 1.5
843 2.06052937716e-05 47 1.5
844 2.04740747195e-05 47 1.5
845 2.03437448902e-05 47 1.5
846 2.02142978178e-05 47 1.5
847 2.00857270829e-05 47 1.5
848 1.99580263234e-05 47 1.5
849 1.98311892192e-05 47 1.5
850 1.97052095008e-05 47 1.5
851 1.95800809485e-05 47 1.5
852 1.94557973943e-05 47 1.5
853 1.93323527098e-05 47 1.5
854 1.92097408233e-05 47 1.5
855 1.90879557023e-05 47 1.5
856 1.89669913663e-05 47 1.5
857 1.88468418786e-05 47 1.5
858 1.87275013508e-05 47 1.5
859 1.86089639357e-05 47 1.5
860 1.84912238361e-05 47 1.5
861 1.83742752952e-05 47 1.5
862 1.82581126048e-05 47 1.5
863 1.81427301e-05 47 1.5
864 1.80281221566e-05 47 1.5
865 1.79142831964e-05 47 1.5
866 1.78012076842e-05 47 1.5
867 1.76888901265e-05 47 1.5
868 1.75773250713e-05 47 1.5
869 1.74665071125e-05 47 1.5
870 1.73564308799e-05 47 1.5
871 1.72470910503e-05 47 1.5
872 1.71384823376e-05 47 1.5
873 1.70305994965e-05 47 1.5
874 1.69234373257e-05 47 1.5
875 1.68169906621e-05 47 1.5
876 1.67112543768e-05 47 1.5
877 1.66062233883e-05 47 1.5
878 1.65018926503e-05 47 1.5
879 1.6398257156e-05 47 1.5
880 1.62953119361e-05 47 1.5
881 1.61930520585e-05 47 1.5
882 1.60914726343e-05 47 1.5
883 1.59905688028e-05 47 1.5
884 1.58903357494e-05 47 1.5
885 1.57907686914e-05 47 1.5
886 1.56918628835e-05 47 1.5
887 1.55936136178e-05 47 1.5
888 1.54960162219e-05 47 1.5
889 1.53990660586e-05 47 1.5
890 1.53027585282e-05 47 1.5
891 1.5207089059e-05 47 1.5
892 1.51120531246e-05 47 1.5
893 1.50176462248e-05 47 1.5
894 1.49238638991e-05 47 1.5
895 1.48307017157e-05 47 1.5
896 1.47381552832e-05 47 1.5
897 1.46462202366e-05 47 1.5
898 1.45548922491e-05 47 1.5
899 1.4464167025e-05 47 1.5
900 1.43740403014e-05 47 1.5
901 1.42845078462e-05 47 1.5
902 1.4195565462e-05 47 1.5
903 1.41072089827e-05 47 1.5
904 1.40194342725e-05 47 1.5
905 1.39322372273e-05 47 1.5
906 1.38456137748e-05 47 1.5
907 1.37595598734e-05 47 1.5
908 1.36740715133e-05 47 1.5
909 1.35891447112e-05 47 1.5
910 1.3504775518e-05 47 1.5
911 1.34209600109e-05 47 1.5
912 1.33376942995e-05 47 1.5
913 1.32549745241e-05 47 1.5
914 1.31727968499e-05 47 1.5
915 1.30911574723e-05 47 1.5
916 1.30100526185e-05 47 1.5
917 1.29294785389e-05 47 1.5
918 1.2849431518e-05 47 1.5
919 1.27699078633e-05 47 1.5
920 1.26909039134e-05 47 1.5
921 1.26124160312e-05 47 1.5
922 1.25344406114e-05 47 1.5
923 1.24569740703e-05 47 1.5
924 1.23800128581e-05 47 1.5
925 1.23035534441e-05 47 1.5
926 1.22275923304e-05 47 1.5
927 1.21521260389e-05 47 1.5
928 1.20771511241e-05 47 1.5
929 1.20026641619e-05 47 1.5
930 1.19286617572e-05 47 1.5
931 1.18551405364e-05 47 1.5
932 1.17820971549e-05 47 1.5
933 1.17095282908e-05 47 1.5
934 1.16374306482e-05 47 1.5
935 1.15658009545e-05 47 1.5
936 1.14946359603e-05 47 1.5
937 1.14239324469e-05 47 1.5
938 1.1353687212e-05 47 1.5
939 1.12838970825e-05 47 1.5
940 1.12145589039e-05 47 1.5
941 1.11456695513e-05 47 1.5
942 1.10772259171e-05 47 1.5
943 1.10092249206e-05 47 1.5
944 1.09416635024e-05 47 1.5
945 1.08745386273e-05 47 1.5
946 1.08078472817e-05 47 1.5
947 1.07415864739e-05 47 1.5
948 1.06757532375e-05 47 1.5
949 1.06103446189e-05 47 1.5
950 1.05453576994e-05 47 1.5
951 1.04807895737e-05 47 1.5
952 1.04166373588e-05 47 1.5
953 1.03528981963e-05 47 1.5
954 1.02895692424e-05 47 1.5
955 1.02266476816e-05 47 1.5
956 1.01641307186e-05 47 1.5
957 1.01020155706e-05 47 1.5
958 1.0040299486e-05 47 1.5
959 9.97897972776e-06 47 1.5
960 9.91805357733e-06 47 1.5
961 9.85751834132e-06 47 1.5
962 9.7973713431e-06 47 1.5
963 9.73760992434e-06 47 1.5
964 9.67823145256e-06 47 1.5
965 9.61923330681e-06 47 1.5
966 9.56061288854e-06 47 1.5
967 9.50236762157e-06 47 1.5
968 9.44449494308e-06 47 1.5
969 9.38699231162e-06 47 1.5
970 9.329857207e-06 47 1.5
971 9.27308712295e-06 47 1.5
972 9.21667957282e-06 47 1.5
973 9.16063209208e-06 47 1.5
974 9.10494222747e-06 47 1.5
975 9.04960754888e-06 47 1.5
976 8.99462564474e-06 47 1.5
977 8.93999411455e-06 47 1.5
978 8.88571058294e-06 47 1.5
979 8.83177268593e-06 47 1.5
980 8.77817807993e-06 47 1.5
981 8.72492444065e-06 47 1.5
982 8.67200945515e-06 47 1.5
983 8.61943083008e-06 47 1.5
984 8.56718629003e-06 47 1.5
985 8.51527357287e-06 47 1.5
986 8.46369043978e-06 47 1.5
987 8.41243465907e-06 47 1.5
988 8.36150402064e-06 47 1.5
989 8.31089632897e-06 47 1.5
990 8.26060940709e-06 47 1.5
991 8.21064109063e-06 47 1.5
992 8.16098923162e-06 47 1.5
993 8.11165169809e-06 47 1.5
994 8.06262637415e-06 47 1.5
995 8.01391115762e-06 47 1.5
996 7.96550396329e-06 47 1.5
997 7.91740271847e-06 47 1.5
998 7.86960537047e-06 47 1.5
999 7.82210987349e-06 47 1.5
1000 7.77491420603e-06 47 1.5
1001 7.72801635199e-06 47 1.5
1002 7.68141431881e-06 47 1.5
1003 7.63510611856e-06 47 1.5
1004 7.5890897859e-06 47 1.5
1005 7.5433633652e-06 47 1.5
1006 7.49792491594e-06 47 1.5
1007 7.45277251177e-06 47 1.5
1008 7.40790424125e-06 47 1.5
1009 7.36331820353e-06 47 1.5
1010 7.31901251719e-06 47 1.5
1011 7.27498530309e-06 47 1.5
1012 7.23123471116e-06 47 1.5
1013 7.18775889266e-06 47 1.5
1014 7.14455601661e-06 47 1.5
1015 7.1016242634e-06 47 1.5
1016 7.05896182815e-06 47 1.5
1017 7.01656691959e-06 47 1.5
1018 6.97443775619e-06 47 1.5
1019 6.93257257109e-06 47 1.5
1020 6.8909696089e-06 47 1.5
1021 6.84962713085e-06 47 1.5
1022 6.80854340435e-06 47 1.5
1023 6.76771671113e-06 47 1.5
1024 6.72714535171e-06 47 1.5
1025 6.68682762689e-06 47 1.5
1026 6.6467618591e-06 47 1.5
1027 6.60694637988e-06 47 1.5
1028 6.56737952998e-06 47 1.5
1029 6.52805966767e-06 47 1.5
1030 6.48898515573e-06 47 1.5
1031 6.45015437575e-06 47 1.5
1032 6.41156571335e-06 47 1.5
1033 6.37321757471e-06 47 1.5
1034 6.33510836628e-06 47 1.5
1035 6.2972365158e-06 47 1.5
1036 6.25960045825e-06 47 1.5
1037 6.22219863536e-06 47 1.5
1038 6.18502950897e-06 47 1.5
1039 6.14809154359e-06 47 1.5
1040 6.11138321896e-06 47 1.5
1041 6.07490302462e-06 47 1.5
1042 6.03864945972e-06 47 1.5
1043 6.0026210334e-06 47 1.5
1044 5.9668162706e-06 47 1.5
1045 5.93123369858e-06 47 1.5
1046 5.8958718635e-06 47 1.5
1047 5.86072931305e-06 47 1.5
1048 5.82580461178e-06 47 1.5
1049 5.79109633184e-06 47 1.5
1050 5.75660305588e-06 47 1.5
1051 5.72232337565e-06 47 1.5
1052 5.68825589503e-06 47 1.5
1053 5.6543992219e-06 47 1.5
1054 5.62075198243e-06 47 1.5
1055 5.58731280459e-06 47 1.5
1056 5.5540803327e-06 47 1.5
1057 5.521053216e-06 47 1.5
1058 5.48823011132e-06 47 1.5
1059 5.45560969351e-06 47 1.5
1060 5.42319063709e-06 47 1.5
1061 5.39097163182e-06 47 1.5
1062 5.35895137385e-06 47 1.5
1063 5.32712856921e-06 47 1.5
1064 5.29550193232e-06 47 1.5
1065 5.26407019019e-06 47 1.5
1066 5.23283207113e-06 47 1.5
1067 5.2017863208e-06 47 1.5
1068 5.17093168861e-06 47 1.5
1069 5.14026693318e-06 47 1.5
1070 5.10979082341e-06 47 1.5
1071 5.07950213474e-06 47 1.5
1072 5.04939965171e-06 47 1.5
1073 5.01948216852e-06 47 1.5
1074 4.98974848692e-06 47 1.5
1075 4.96019741658e-06 47 1.5
1076 4.93082777603e-06 47 1.5
1077 4.90163839101e-06 47 1.5
1078 4.87262809662e-06 47 1.5
1079 4.84379573365e-06 47 1.5
1080 4.81514015685e-06 47 1.5
1081 4.78666021975e-06 47 1.5
1082 4.75835479233e-06 47 1.5
1083 4.73022274766e-06 47 1.5
1084 4.70226296745e-06 47 1.5
1085 4.6744743418e-06 47 1.5
1086 4.64685577037e-06 47 1.5
1087 4.61940615204e-06 47 1.5
1088 4.59212440543e-06 47 1.5
1089 4.56500944615e-06 47 1.5
1090 4.53806020509e-06 47 1.5
1091 4.51127561518e-06 47 1.5
1092 4.48465461886e-06 47 1.5
1093 4.45819616529e-06 47 1.5
1094 4.4318992104e-06 47 1.5
1095 4.40576272007e-06 47 1.5
1096 4.3797856624e-06 47 1.5
1097 4.35396701773e-06 47 1.5
1098 4.32830576705e-06 47 1.5
1099 4.30280090657e-06 47 1.5
1100 4.27745143367e-06 47 1.5
1101 4.25225635303e-06 47 1.5
1102 4.22721467797e-06 47 1.5
1103 4.20232542572e-06 47 1.5
1104 4.17758762383e-06 47 1.5
1105 4.15300030437e-06 47 1.5
1106 4.12856250553e-06 47 1.5
1107 4.10427327391e-06 47 1.5
1108 4.08013166223e-06 47 1.5
1109 4.05613672685e-06 47 1.5
1110 4.03228753393e-06 47 1.5
1111 4.00858315391e-06 47 1.5
1112 3.98502266602e-06 47 1.5
1113 3.96160515123e-06 47 1.5
1114 3.93832970305e-06 47 1.5
1115 3.91519541354e-06 47 1.5
1116 3.89220139091e-06 47 1.5
1117 3.86934673891e-06 47 1.5
1118 3.84663057371e-06 47 1.5
1119 3.82405201552e-06 47 1.5
1120 3.80161019017e-06 47 1.5
1121 3.77930423009e-06 47 1.5
1122 3.75713327586e-06 47 1.5
1123 3.73509646848e-06 47 1.5
1124 3.71319295867e-06 47 1.5
1125 3.69142190351e-06 47 1.5
1126 3.66978246027e-06 47 1.5
1127 3.64827380051e-06 47 1.5
1128 3.62689509451e-06 47 1.5
1129 3.60564552132e-06 47 1.5
1130 3.58452426089e-06 47 1.5
1131 3.56353050832e-06 47 1.5
1132 3.54266345251e-06 47 1.5
1133 3.52192229633e-06 47 1.5
1134 3.50130624585e-06 47 1.5
1135 3.48081450952e-06 47 1.5
1136 3.46044630448e-06 47 1.5
1137 3.44020085336e-06 47 1.5
1138 3.42007737905e-06 47 1.5
1139 3.40007511668e-06 47 1.5
1140 3.38019330148e-06 47 1.5
1141 3.36043117491e-06 47 1.5
1142 3.34078798461e-06 47 1.5
1143 3.32126298241e-06 47 1.5
1144 3.30185542499e-06 47 1.5
1145 3.28256457541e-06 47 1.5
1146 3.26338970005e-06 47 1.5
1147 3.24433007026e-06 47 1.5
1148 3.22538496192e-06 47 1.5
1149 3.20655365785e-06 47 1.5
1150 3.18783544398e-06 47 1.5
1151 3.16922961183e-06 47 1.5
1152 3.15073545601e-06 47 1.5
1153 3.13235227756e-06 47 1.5
1154 3.11407938053e-06 47 1.5
1155 3.09591607536e-06 47 1.5
1156 3.07786167791e-06 47 1.5
1157 3.05991550392e-06 47 1.5
1158 3.04207687823e-06 47 1.5
1159 3.024345129e-06 47 1.5
1160 3.00671958628e-06 47 1.5
1161 2.98919959132e-06 47 1.5
1162 2.9717844808e-06 47 1.5
1163 2.95447360293e-06 47 1.5
1164 2.93726630574e-06 47 1.5
1165 2.92016194378e-06 47 1.5
1166 2.90315987508e-06 47 1.5
1167 2.88625946326e-06 47 1.5
1168 2.86946007649e-06 47 1.5
1169 2.85276108133e-06 47 1.5
1170 2.83616185529e-06 47 1.5
1171 2.81966177998e-06 47 1.5
1172 2.80326023289e-06 47 1.5
1173 2.78695660672e-06 47 1.5
1174 2.77075029287e-06 47 1.5
1175 2.75464068406e-06 47 1.5
1176 2.73862717884e-06 47 1.5
1177 2.72270918367e-06 47 1.5
1178 2.70688610485e-06 47 1.5
1179 2.69115735238e-06 47 1.5
1180 2.67552234318e-06 47 1.5
1181 2.65998049404e-06 47 1.5
1182 2.64453122836e-06 47 1.5
1183 2.62917397301e-06 47 1.5
1184 2.61390815823e-06 47 1.5
1185 2.59873321903e-06 47 1.5
1186 2.58364859124e-06 47 1.5
1187 2.56865371587e-06 47 1.5
1188 2.55374803979e-06 47 1.5
1189 2.53893101163e-06 47 1.5
1190 2.52420207983e-06 47 1.5
1191 2.50956070535e-06 47 1.5
1192 2.49500634456e-06 47 1.5
1193 2.48053845964e-06 47 1.5
1194 2.46615651983e-06 47 1.5
1195 2.45185999354e-06 47 1.5
1196 2.43764835323e-06 47 1.5
1197 2.4235210758e-06 47 1.5
1198 2.40947764202e-06 47 1.5
1199 2.39551753764e-06 47 1.5
1200 2.38164024491e-06 47 1.5
1201 2.36784525734e-06 47 1.5
1202 2.3541320662e-06 47 1.5
1203 2.34050017073e-06 47 1.5
1204 2.32694906965e-06 47 1.5
1205 2.31347826471e-06 47 1.5
1206 2.30008726615e-06 47 1.5
1207 2.28677558195e-06 47 1.5
1208 2.27354272417e-06 47 1.5
1209 2.26038820939e-06 47 1.5
1210 2.24731155557e-06 47 1.5
1211 2.23431228838e-06 47 1.5
1212 2.22138993095e-06 47 1.5
1213 2.20854401034e-06 47 1.5
1214 2.19577406255e-06 47 1.5
1215 2.18307961664e-06 47 1.5
1216 2.17046021297e-06 47 1.5
1217 2.15791539188e-06 47 1.5
1218 2.1454446987e-06 47 1.5
1219 2.13304767679e-06 47 1.5
1220 2.12072387668e-06 47 1.5
1221 2.10847285076e-06 47 1.5
1222 2.0962941521e-06 47 1.5
1223 2.08418734338e-06 47 1.5
1224 2.07215198067e-06 47 1.5
1225 2.06018763133e-06 47 1.5
1226 2.04829385825e-06 47 1.5
1227 2.03647023314e-06 47 1.5
1228 2.02471632857e-06 47 1.5
1229 2.01303171665e-06 47 1.5
1230 2.00141597648e-06 47 1.5
1231 1.9898686891e-06 47 1.5
1232 1.97838943478e-06 47 1.5
1233 1.96697780144e-06 47 1.5
1234 1.95563337613e-06 47 1.5
1235 1.94435575024e-06 47 1.5
1236 1.9331445171e-06 47 1.5
1237 1.92199927257e-06 47 1.5
1238 1.91091961446e-06 47 1.5
1239 1.89990514571e-06 47 1.5
1240 1.88895546985e-06 47 1.5
1241 1.87807019197e-06 47 1.5
1242 1.86724892068e-06 47 1.5
1243 1.85649126902e-06 47 1.5
1244 1.84579684964e-06 47 1.5
1245 1.83516527935e-06 47 1.5
1246 1.8245961744e-06 47 1.5
1247 1.81408915856e-06 47 1.5
1248 1.80364385532e-06 47 1.5
1249 1.79325989128e-06 47 1.5
1250 1.78293688871e-06 47 1.5
1251 1.77267448573e-06 47 1.5
1252 1.76247231221e-06 47 1.5
1253 1.75233000343e-06 47 1.5
1254 1.74224719521e-06 47 1.5
1255 1.73222353267e-06 47 1.5
1256 1.72225865225e-06 47 1.5
1257 1.71235220287e-06 47 1.5
1258 1.7025038285e-06 47 1.5
1259 1.69271317785e-06 47 1.5
1260 1.68297990447e-06 47 1.5
1261 1.67330366133e-06 47 1.5
1262 1.66368410209e-06 47 1.5
1263 1.65412088476e-06 47 1.5
1264 1.64461367175e-06 47 1.5
1265 1.63516212195e-06 47 1.5
1266 1.62576590132e-06 47 1.5
1267 1.61642467666e-06 47 1.5
1268 1.60713811467e-06 47 1.5
1269 1.59790588783e-06 47 1.5
1270 1.58872766759e-06 47 1.5
1271 1.57960312919e-06 47 1.5
1272 1.57053194888e-06 47 1.5
1273 1.56151380545e-06 47 1.5
1274 1.5525483803e-06 47 1.5
1275 1.5436353539e-06 47 1.5
1276 1.53477441323e-06 47 1.5
1277 1.52596524591e-06 47 1.5
1278 1.51720753891e-06 47 1.5
1279 1.50850098354e-06 47 1.5
1280 1.49984527176e-06 47 1.5
1281 1.49124009749e-06 47 1.5
1282 1.48268515965e-06 47 1.5
1283 1.47418015578e-06 47 1.5
1284 1.46572478493e-06 47 1.5
1285 1.45731875012e-06 47 1.5
1286 1.44896175669e-06 47 1.5
1287 1.44065350835e-06 47 1.5
1288 1.43239371062e-06 47 1.5
1289 1.42418207824e-06 47 1.5
1290 1.41601832027e-06 47 1.5
1291 1.40790214853e-06 47 1.5
1292 1.39983328051e-06 47 1.5
1293 1.39181143119e-06 47 1.5
1294 1.3838363194e-06 47 1.5
1295 1.37590766608e-06 47 1.5
1296 1.36802519263e-06 47 1.5
1297 1.36018862218e-06 47 1.5
1298 1.35239768051e-06 47 1.5
1299 1.34465209634e-06 47 1.5
1300 1.33695159846e-06 47 1.5
1301 1.32929591334e-06 47 1.5
1302 1.32168477679e-06 47 1.5
1303 1.31411792245e-06 47 1.5
1304 1.30659508668e-06 47 1.5
1305 1.29911600463e-06 47 1.5
1306 1.29168041632e-06 47 1.5
1307 1.28428806145e-06 47 1.5
1308 1.27693868224e-06 47 1.5
1309 1.26963202307e-06 47 1.5
1310 1.26236782994e-06 47 1.5
1311 1.25514584629e-06 47 1.5
1312 1.24796582338e-06 47 1.5
1313 1.24082751207e-06 47 1.5
1314 1.23373066119e-06 47 1.5
1315 1.22667502586e-06 47 1.5
1316 1.21966035962e-06 47 1.5
1317 1.21268641787e-06 47 1.5
1318 1.20575295959e-06 47 1.5
1319 1.19885974376e-06 47 1.5
1320 1.19200653026e-06 47 1.5
1321 1.18519308245e-06 47 1.5
1322 1.17841916289e-06 47 1.5
1323 1.1716845372e-06 47 1.5
1324 1.16498897076e-06 47 1.5
1325 1.15833223216e-06 47 1.5
1326 1.15171409026e-06 47 1.5
1327 1.14513431679e-06 47 1.5
1328 1.13859268297e-06 47 1.5
1329 1.13208896427e-06 47 1.5
1330 1.12562293353e-06 47 1.5
1331 1.11919436824e-06 47 1.5
1332 1.11280304502e-06 47 1.5
1333 1.10644874499e-06 47 1.5
1334 1.1001312461e-06 47 1.5
1335 1.09385033301e-06 47 1.5
1336 1.08760578568e-06 47 1.5
1337 1.08139739022e-06 47 1.5
1338 1.07522493312e-06 47 1.5
1339 1.06908820197e-06 47 1.5
1340 1.06298698285e-06 47 1.5
1341 1.05692106886e-06 47 1.5
1342 1.0508902461e-06 47 1.5
1343 1.0448943111e-06 47 1.5
1344 1.03893305795e-06 47 1.5
1345 1.03300627807e-06 47 1.5
1346 1.02711376987e-06 47 1.5
1347 1.02125533061e-06 47 1.5
1348 1.01543075534e-06 47 1.5
1349 1.00963985006e-06 47 1.5
1350 1.00388241064e-06 47 1.5
1351 9.98158242366e-07 47 1.5
1352 9.9246714963e-07 47 1.5
1353 9.86808933262e-07 47 1.5
1354 9.81183402027e-07 47 1.5
1355 9.7559036033e-07 47 1.5
1356 9.7002962185e-07 47 1.5
1357 9.64500990491e-07 47 1.5
1358 9.59004278073e-07 47 1.5
1359 9.53539298354e-07 47 1.5
1360 9.48105862542e-07 47 1.5
1361 9.42703785256e-07 47 1.5
1362 9.37332881507e-07 47 1.5
1363 9.31992967246e-07 47 1.5
1364 9.26683861313e-07 47 1.5
1365 9.2140538091e-07 47 1.5
1366 9.16157345765e-07 47 1.5
1367 9.10939577214e-07 47 1.5
1368 9.05751894764e-07 47 1.5
1369 9.00594124775e-07 47 1.5
1370 8.95466088946e-07 47 1.5
1371 8.90367613915e-07 47 1.5
1372 8.85298524461e-07 47 1.5
1373 8.80258647584e-07 47 1.5
1374 8.75247814003e-07 47 1.5
1375 8.70265849356e-07 47 1.5
1376 8.65312588638e-07 47 1.5
1377 8.60387855961e-07 47 1.5
1378 8.55491490648e-07 47 1.5
1379 8.50623323001e-07 47 1.5
1380 8.45783189096e-07 47 1.5
1381 8.40970924065e-07 47 1.5
1382 8.3618635946e-07 47 1.5
1383 8.3142933982e-07 47 1.5
1384 8.26699699086e-07 47 1.5
1385 8.21997276024e-07 47 1.5
1386 8.17321915203e-07 47 1.5
1387 8.12673453365e-07 47 1.5
1388 8.08051737744e-07 47 1.5
1389 8.03456606191e-07 47 1.5
1390 7.98887905579e-07 47 1.5
1391 7.94345480365e-07 47 1.5
1392 7.89829177589e-07 47 1.5
1393 7.8533884329e-07 47 1.5
1394 7.80874326284e-07 47 1.5
1395 7.76435473915e-07 47 1.5
1396 7.72022135359e-07 47 1.5
1397 7.67634164733e-07 47 1.5
1398 7.63271409993e-07 47 1.5
1399 7.5893372406e-07 47 1.5
1400 7.54620961857e-07 47 1.5
1401 7.50332978056e-07 47 1.5
1402 7.46069625496e-07 47 1.5
1403 7.41830761236e-07 47 1.5
1404 7.37616239893e-07 47 1.5
1405 7.33425923188e-07 47 1.5
1406 7.29259668014e-07 47 1.5
1407 7.25117331568e-07 47 1.5
1408 7.20998777848e-07 47 1.5
1409 7.16903863773e-07 47 1.5
1410 7.12832454897e-07 47 1.5
1411 7.08784410525e-07 47 1.5
1412 7.04759599374e-07 47 1.5
1413 7.00757880723e-07 47 1.5
1414 6.96779121068e-07 47 1.5
1415 6.9282318671e-07 47 1.5
1416 6.88889946115e-07 47 1.5
1417 6.84979264504e-07 47 1.5
1418 6.81091010535e-07 47 1.5
1419 6.77225054896e-07 47 1.5
1420 6.73381267247e-07 47 1.5
1421 6.69559516553e-07 47 1.5
1422 6.65759676999e-07 47 1.5
1423 6.6198161866e-07 47 1.5
1424 6.58225214278e-07 47 1.5
1425 6.54490339647e-07 47 1.5
1426 6.5077687017e-07 47 1.5
1427 6.47084678729e-07 47 1.5
1428 6.43413642254e-07 47 1.5
1429 6.39763635485e-07 47 1.5
1430 6.3613453935e-07 47 1.5
1431 6.3252623006e-07 47 1.5
1432 6.28938587738e-07 47 1.5
1433 6.25371491925e-07 47 1.5
1434 6.21824823382e-07 47 1.5
1435 6.18298461735e-07 47 1.5
1436 6.14792290743e-07 47 1.5
1437 6.11306192388e-07 47 1.5
1438 6.07840048489e-07 47 1.5
1439 6.04393745274e-07 47 1.5
1440 6.00967166475e-07 47 1.5
1441 5.97560196547e-07 47 1.5
1442 5.94172720803e-07 47 1.5
1443 5.90804630357e-07 47 1.5
1444 5.8745580675e-07 47 1.5
1445 5.84126143066e-07 47 1.5
1446 5.80815525481e-07 47 1.5
1447 5.77523843498e-07 47 1.5
1448 5.74250987678e-07 47 1.5
1449 5.70996848248e-07 47 1.5
1450 5.67761316433e-07 47 1.5
1451 5.64544286791e-07 47 1.5
1452 5.61345647604e-07 47 1.5
1453 5.58165295539e-07 47 1.5
1454 5.55003124958e-07 47 1.5
1455 5.5185902556e-07 47 1.5
1456 5.48732898203e-07 47 1.5
1457 5.45624634002e-07 47 1.5
1458 5.4253413484e-07 47 1.5
1459 5.3946129161e-07 47 1.5
1460 5.36406006751e-07 47 1.5
1461 5.33368176403e-07 47 1.5
1462 5.3034769909e-07 47 1.5
1463 5.27344476947e-07 47 1.5
1464 5.24358405835e-07 47 1.5
1465 5.21389389135e-07 47 1.5
1466 5.18437327957e-07 47 1.5
1467 5.15502123266e-07 47 1.5
1468 5.12583678225e-07 47 1.5
1469 5.09681894856e-07 47 1.5
1470 5.06796678179e-07 47 1.5
1471 5.03927930606e-07 47 1.5
1472 5.01075556908e-07 47 1.5
1473 4.98239465074e-07 47 1.5
1474 4.95419557961e-07 47 1.5
1475 4.92615743419e-07 47 1.5
1476 4.89827925942e-07 47 1.5
1477 4.87056017962e-07 47 1.5
1478 4.8429992347e-07 47 1.5
1479 4.81559551152e-07 47 1.5
1480 4.78834811413e-07 47 1.5
1481 4.76125612991e-07 47 1.5
1482 4.73431869152e-07 47 1.5
1483 4.70753485887e-07 47 1.5
1484 4.68090377542e-07 47 1.5
1485 4.65442453884e-07 47 1.5
1486 4.62809629759e-07 47 1.5
1487 4.60191817375e-07 47 1.5
1488 4.57588926334e-07 47 1.5
1489 4.55000873978e-07 47 1.5
1490 4.52427574932e-07 47 1.5
1491 4.49868943125e-07 47 1.5
1492 4.4732489235e-07 47 1.5
1493 4.44795342863e-07 47 1.5
1494 4.4228020632e-07 47 1.5
1495 4.39779401618e-07 47 1.5
1496 4.37292844824e-07 47 1.5
1497 4.34820455836e-07 47 1.5
1498 4.3236215086e-07 47 1.5
1499 4.29917850236e-07 47 1.5
1500 4.27487473031e-07 47 1.5
1501 4.25070938059e-07 47 1.5
1502 4.22668166133e-07 47 1.5
1503 4.20279077706e-07 47 1.5
1504 4.1790359423e-07 47 1.5
1505 4.15541636878e-07 47 1.5
1506 4.13193128185e-07 47 1.5
1507 4.10857991157e-07 47 1.5
1508 4.08536147217e-07 47 1.5
1509 4.06227521399e-07 47 1.5
1510 4.03932035542e-07 47 1.5
1511 4.01649615983e-07 47 1.5
1512 3.99380186672e-07 47 1.5
1513 3.97123672641e-07 47 1.5
1514 3.94880000754e-07 47 1.5
1515 3.92649094683e-07 47 1.5
1516 3.90430883401e-07 47 1.5
1517 3.88225291359e-07 47 1.5
1518 3.86032248056e-07 47 1.5
1519 3.83851683244e-07 47 1.5
1520 3.81683520456e-07 47 1.5
1521 3.79527689054e-07 47 1.5
1522 3.77384122618e-07 47 1.5
1523 3.75252744628e-07 47 1.5
1524 3.73133489801e-07 47 1.5
1525 3.71026285445e-07 47 1.5
1526 3.68931064171e-07 47 1.5
1527 3.66847755839e-07 47 1.5
1528 3.64776292339e-07 47 1.5
1529 3.62716605667e-07 47 1.5
1530 3.60668628685e-07 47 1.5
1531 3.58632293529e-07 47 1.5
1532 3.56607532559e-07 47 1.5
1533 3.54594281632e-07 47 1.5
1534 3.52592471053e-07 47 1.5
1535 3.50602037957e-07 47 1.5
1536 3.48622916896e-07 47 1.5
1537 3.46655042088e-07 47 1.5
1538 3.44698349031e-07 47 1.5
1539 3.42752773802e-07 47 1.5
1540 3.40818250011e-07 47 1.5
1541 3.38894719037e-07 47 1.5
1542 3.36982113602e-07 47 1.5
1543 3.35080373948e-07 47 1.5
1544 3.33189437846e-07 47 1.5
1545 3.3130924007e-07 47 1.5
1546 3.29439721419e-07 47 1.5
1547 3.27580820331e-07 47 1.5
1548 3.2573247416e-07 47 1.5
1549 3.23894626758e-07 47 1.5
1550 3.22067213898e-07 47 1.5
1551 3.20250175823e-07 47 1.5
1552 3.18443454939e-07 47 1.5
1553 3.16646991433e-07 47 1.5
1554 3.14860725936e-07 47 1.5
1555 3.13084599357e-07 47 1.5
1556 3.11318556323e-07 47 1.5
1557 3.09562536605e-07 47 1.5
1558 3.07816482747e-07 47 1.5
1559 3.06080341295e-07 47 1.5
1560 3.04354050462e-07 47 1.5
1561 3.0263755707e-07 47 1.5
1562 3.00930801833e-07 47 1.5
1563 2.99233732654e-07 47 1.5
1564 2.97546293215e-07 47 1.5
1565 2.95868425676e-07 47 1.5
1566 2.94200076634e-07 47 1.5
1567 2.92541194685e-07 47 1.5
1568 2.90891720267e-07 47 1.5
1569 2.89251604335e-07 47 1.5
1570 2.87620790712e-07 47 1.5
1571 2.8599922744e-07 47 1.5
1572 2.84386859284e-07 47 1.5
1573 2.8278363623e-07 47 1.5
1574 2.81189503848e-07 47 1.5
1575 2.79604412068e-07 47 1.5
1576 2.78028308848e-07 47 1.5
1577 2.76461139759e-07 47 1.5
1578 2.74902859559e-07 47 1.5
1579 2.73353412267e-07 47 1.5
1580 2.71812747921e-07 47 1.5
1581 2.70280819531e-07 47 1.5
1582 2.68757573835e-07 47 1.5
1583 2.67242962787e-07 47 1.5
1584 2.65736936927e-07 47 1.5
1585 2.64239446573e-07 47 1.5
1586 2.62750443208e-07 47 1.5
1587 2.61269879231e-07 47 1.5
1588 2.59797704794e-07 47 1.5
1589 2.58333873016e-07 47 1.5
1590 2.56878336158e-07 47 1.5
1591 2.55431045482e-07 47 1.5
1592 2.53991955912e-07 47 1.5
1593 2.52561019265e-07 47 1.5
1594 2.51138191104e-07 47 1.5
1595 2.49723421414e-07 47 1.5
1596 2.48316666035e-07 47 1.5
1597 2.46917879698e-07 47 1.5
1598 2.45527016635e-07 47 1.5
1599 2.44144033601e-07 47 1.5
1600 2.42768880138e-07 47 1.5
1601 2.41401517248e-07 47 1.5
1602 2.40041897415e-07 47 1.5
1603 2.38689976534e-07 47 1.5
1604 2.37345712417e-07 47 1.5
1605 2.36009059851e-07 47 1.5
1606 2.34679975397e-07 47 1.5
1607 2.33358417201e-07 47 1.5
1608 2.32044337994e-07 47 1.5
1609 2.30737702334e-07 47 1.5
1610 2.29438461508e-07 47 1.5
1611 2.28146576214e-07 47 1.5
1612 2.26862006403e-07 47 1.5
1613 2.25584705998e-07 47 1.5
1614 2.24314633562e-07 47 1.5
1615 2.23051752402e-07 47 1.5
1616 2.21796019356e-07 47 1.5
1617 2.20547391433e-07 47 1.5
1618 2.1930582958e-07 47 1.5
1619 2.18071295133e-07 47 1.5
1620 2.16843745682e-07 47 1.5
1621 2.15623142424e-07 47 1.5
1622 2.14409447391e-07 47 1.5
1623 2.1320261917e-07 47 1.5
1624 2.12002617656e-07 47 1.5
1625 2.10809407375e-07 47 1.5
1626 2.09622945196e-07 47 1.5
1627 2.08443196564e-07 47 1.5
1628 2.072701204e-07 47 1.5
1629 2.06103682981e-07 47 1.5
1630 2.04943841869e-07 47 1.5
1631 2.03790559428e-07 47 1.5
1632 2.02643802572e-07 47 1.5
1633 2.01503530473e-07 47 1.5
1634 2.00369706049e-07 47 1.5
1635 1.99242296162e-07 47 1.5
1636 1.98121260758e-07 47 1.5
1637 1.97006565006e-07 47 1.5
1638 1.95898174099e-07 47 1.5
1639 1.9479604868e-07 47 1.5
1640 1.93700155249e-07 47 1.5
1641 1.926104575e-07 47 1.5
1642 1.9152692135e-07 47 1.5
1643 1.90449509191e-07 47 1.5
1644 1.89378191517e-07 47 1.5
1645 1.88312927751e-07 47 1.5
1646 1.87253687361e-07 47 1.5
1647 1.8620043446e-07 47 1.5
1648 1.85153134658e-07 47 1.5
1649 1.84111754564e-07 47 1.5
1650 1.83076260818e-07 47 1.5
1651 1.82046620389e-07 47 1.5
1652 1.81022798112e-07 47 1.5
1653 1.80004761985e-07 47 1.5
1654 1.78992479283e-07 47 1.5
1655 1.77985917393e-07 47 1.5
1656 1.76985042816e-07 47 1.5
1657 1.75989823437e-07 47 1.5
1658 1.75000228669e-07 47 1.5
1659 1.7401622493e-07 47 1.5
1660 1.73037781631e-07 47 1.5
1661 1.72064866466e-07 47 1.5
1662 1.71097446572e-07 47 1.5
1663 1.70135493999e-07 47 1.5
1664 1.6917897433e-07 47 1.5
1665 1.68227858782e-07 47 1.5
1666 1.67282115326e-07 47 1.5
1667 1.66341715402e-07 47 1.5
1668 1.65406625868e-07 47 1.5
1669 1.64476819248e-07 47 1.5
1670 1.63552263649e-07 47 1.5
1671 1.62632930401e-07 47 1.5
1672 1.61718788888e-07 47 1.5
1673 1.60809810246e-07 47 1.5
1674 1.59905964803e-07 47 1.5
1675 1.59007224526e-07 47 1.5
1676 1.58113558218e-07 47 1.5
1677 1.57224938957e-07 47 1.5
1678 1.563413356e-07 47 1.5
1679 1.55462722418e-07 47 1.5
1680 1.54589071766e-07 47 1.5
1681 1.53720352697e-07 47 1.5
1682 1.52856538288e-07 47 1.5
1683 1.51997601172e-07 47 1.5
1684 1.51143511706e-07 47 1.5
1685 1.50294245438e-07 47 1.5
1686 1.49449773446e-07 47 1.5
1687 1.48610067696e-07 47 1.5
1688 1.47775101156e-07 47 1.5
1689 1.46944850038e-07 47 1.5
1690 1.46119284811e-07 47 1.5
1691 1.45298377746e-07 47 1.5
1692 1.44482104225e-07 47 1.5
1693 1.43670438074e-07 47 1.5
1694 1.4286335398e-07 47 1.5
1695 1.42060822939e-07 47 1.5
1696 1.41262821246e-07 47 1.5
1697 1.40469323368e-07 47 1.5
1698 1.3968030449e-07 47 1.5
1699 1.38895735469e-07 47 1.5
1700 1.38115596127e-07 47 1.5
1701 1.37339855766e-07 47 1.5
1702 1.36568494985e-07 47 1.5
1703 1.35801485224e-07 47 1.5
1704 1.35038802668e-07 47 1.5
1705 1.34280423503e-07 47 1.5
1706 1.33526323887e-07 47 1.5
1707 1.32776476286e-07 47 1.5
1708 1.32030860994e-07 47 1.5
1709 1.31289450506e-07 47 1.5
1710 1.30552224253e-07 47 1.5
1711 1.29819154787e-07 47 1.5
1712 1.29090221068e-07 47 1.5
1713 1.28365399671e-07 47 1.5
1714 1.27644665227e-07 47 1.5
1715 1.26927996003e-07 47 1.5
1716 1.26215369628e-07 47 1.5
1717 1.25506761622e-07 47 1.5
1718 1.24802151141e-07 47 1.5
1719 1.24101514509e-07 47 1.5
1720 1.23404827995e-07 47 1.5
1721 1.22712070949e-07 47 1.5
1722 1.22023220278e-07 47 1.5
1723 1.21338254666e-07 47 1.5
1724 1.20657149744e-07 47 1.5
1725 1.19979886387e-07 47 1.5
1726 1.19306442864e-07 47 1.5
1727 1.18636794916e-07 47 1.5
1728 1.17970922558e-07 47 1.5
1729 1.17308805836e-07 47 1.5
1730 1.16650422266e-07 47 1.5
1731 1.15995749922e-07 47 1.5
1732 1.15344766266e-07 47 1.5
1733 1.1469745545e-07 47 1.5
1734 1.1405379241e-07 47 1.5
1735 1.13413758246e-07 47 1.5
1736 1.12777331418e-07 47 1.5
1737 1.12144493469e-07 47 1.5
1738 1.11515220502e-07 47 1.5
1739 1.10889496363e-07 47 1.5
1740 1.10267299014e-07 47 1.5
1741 1.09648607638e-07 47 1.5
1742 1.09033403861e-07 47 1.5
1743 1.08421667616e-07 47 1.5
1744 1.07813378364e-07 47 1.5
1745 1.07208519617e-07 47 1.5
1746 1.06607066869e-07 47 1.5
1747 1.06009005574e-07 47 1.5
1748 1.05414312418e-07 47 1.5
1749 1.04822971941e-07 47 1.5
1750 1.04234962855e-07 47 1.5
1751 1.03650267008e-07 47 1.5
1752 1.03068864998e-07 47 1.5
1753 1.02490741699e-07 47 1.5
1754 1.01915875156e-07 47 1.5
1755 1.01344246828e-07 47 1.5
1756 1.00775837952e-07 47 1.5
1757 1.00210634041e-07 47 1.5
1758 9.96486126115e-08 47 1.5
1759 9.90897596476e-08 47 1.5
1760 9.85340531112e-08 47 1.5
1761 9.79814788471e-08 47 1.5
1762 9.74320153724e-08 47 1.5
1763 9.68856481709e-08 47 1.5
1764 9.63423604783e-08 47 1.5
1765 9.58021300901e-08 47 1.5
1766 9.52649446828e-08 47 1.5
1767 9.47307843002e-08 47 1.5
1768 9.41996335102e-08 47 1.5
1769 9.36714739663e-08 47 1.5
1770 9.3146289265e-08 47 1.5
1771 9.26240623922e-08 47 1.5
1772 9.21047772773e-08 47 1.5
1773 9.1588417267e-08 47 1.5
1774 9.10749640148e-08 47 1.5
1775 9.05644021998e-08 47 1.5
1776 9.00567158346e-08 47 1.5
1777 8.95518912913e-08 47 1.5
1778 8.90499078643e-08 47 1.5
1779 8.85507498993e-08 47 1.5
1780 8.80544043791e-08 47 1.5
1781 8.75608533457e-08 47 1.5
1782 8.70700798683e-08 47 1.5
1783 8.65820707352e-08 47 1.5
1784 8.60968097094e-08 47 1.5
1785 8.56142815531e-08 47 1.5
1786 8.51344690578e-08 47 1.5
1787 8.46573603719e-08 47 1.5
1788 8.41829368159e-08 47 1.5
1789 8.37111829854e-08 47 1.5
1790 8.32420864461e-08 47 1.5
1791 8.27756303223e-08 47 1.5
1792 8.23118005699e-08 47 1.5
1793 8.18505825895e-08 47 1.5
1794 8.13919588949e-08 47 1.5
1795 8.09359178566e-08 47 1.5
1796 8.04824443756e-08 47 1.5
1797 8.0031523686e-08 47 1.5
1798 7.95831414102e-08 47 1.5
1799 7.91372830045e-08 47 1.5
1800 7.86939339248e-08 47 1.5
1801 7.82530788501e-08 47 1.5
1802 7.78147066227e-08 47 1.5
1803 7.73788016439e-08 47 1.5
1804 7.69453504523e-08 47 1.5
1805 7.6514338615e-08 47 1.5
1806 7.60857531978e-08 47 1.5
1807 7.56595776863e-08 47 1.5
1808 7.52358027267e-08 47 1.5
1809 7.48144123319e-08 47 1.5
1810 7.43953924853e-08 47 1.5
1811 7.39787308079e-08 47 1.5
1812 7.35644146432e-08 47 1.5
1813 7.31524286701e-08 47 1.5
1814 7.27427622305e-08 47 1.5
1815 7.23354019738e-08 47 1.5
1816 7.19303328567e-08 47 1.5
1817 7.15275418894e-08 47 1.5
1818 7.1127018747e-08 47 1.5
1819 7.07287493296e-08 47 1.5
1820 7.03327206752e-08 47 1.5
1821 6.99389191283e-08 47 1.5
1822 6.95473338086e-08 47 1.5
1823 6.91579524481e-08 47 1.5
1824 6.87707604197e-08 47 1.5
1825 6.83857474815e-08 47 1.5
1826 6.80029012545e-08 47 1.5
1827 6.76222071949e-08 47 1.5
1828 6.72436561155e-08 47 1.5
1829 6.68672357207e-08 47 1.5
1830 6.64929303285e-08 47 1.5
1831 6.61207330832e-08 47 1.5
1832 6.5750625805e-08 47 1.5
1833 6.53826044139e-08 47 1.5
1834 6.50166507854e-08 47 1.5
1835 6.46527580639e-08 47 1.5
1836 6.42909093462e-08 47 1.5
1837 6.39310978878e-08 47 1.5
1838 6.35733092003e-08 47 1.5
1839 6.32175339021e-08 47 1.5
1840 6.28637588096e-08 47 1.5
1841 6.25119729591e-08 47 1.5
1842 6.21621670527e-08 47 1.5
1843 6.18143282671e-08 47 1.5
1844 6.14684449729e-08 47 1.5
1845 6.11245085658e-08 47 1.5
1846 6.07825036969e-08 47 1.5
1847 6.0442424954e-08 47 1.5
1848 6.01042570436e-08 47 1.5
1849 5.9767992916e-08 47 1.5
1850 5.94336191373e-08 47 1.5
1851 5.91011228845e-08 47 1.5
1852 5.87704978017e-08 47 1.5
1853 5.84417339244e-08 47 1.5
1854 5.81148170697e-08 47 1.5
1855 5.77897383003e-08 47 1.5
1856 5.74664884012e-08 47 1.5
1857 5.71450553821e-08 47 1.5
1858 5.68254303335e-08 47 1.5
1859 5.65076016534e-08 47 1.5
1860 5.61915599329e-08 47 1.5
1861 5.58772955961e-08 47 1.5
1862 5.55647980127e-08 47 1.5
1863 5.5254057274e-08 47 1.5
1864 5.49450642484e-08 47 1.5
1865 5.46378075561e-08 47 1.5
1866 5.43322788149e-08 47 1.5
1867 5.40284676165e-08 47 1.5
1868 5.37263646905e-08 47 1.5
1869 5.34259597118e-08 47 1.5
1870 5.31272436322e-08 47 1.5
1871 5.28302065705e-08 47 1.5
1872 5.25348393121e-08 47 1.5
1873 5.2241131171e-08 47 1.5
1874 5.19490774287e-08 47 1.5
1875 5.16586621258e-08 47 1.5
1876 5.13698815707e-08 47 1.5
1877 5.10827223854e-08 47 1.5
1878 5.07971780472e-08 47 1.5
1879 5.05132386475e-08 47 1.5
1880 5.02308954986e-08 47 1.5
1881 4.99501399687e-08 47 1.5
1882 4.96709610109e-08 47 1.5
1883 4.93933520751e-08 47 1.5
1884 4.91173041128e-08 47 1.5
1885 4.88428055778e-08 47 1.5
1886 4.85698533337e-08 47 1.5
1887 4.8298431865e-08 47 1.5
1888 4.8028535371e-08 47 1.5
1889 4.77601584392e-08 47 1.5
1890 4.74932879135e-08 47 1.5
1891 4.72279170494e-08 47 1.5
1892 4.69640384082e-08 47 1.5
1893 4.67016426919e-08 47 1.5
1894 4.64407200473e-08 47 1.5
1895 4.61812658115e-08 47 1.5
1896 4.59232675498e-08 47 1.5
1897 4.56667194615e-08 47 1.5
1898 4.54116132753e-08 47 1.5
1899 4.51579407201e-08 47 1.5
1900 4.49056940521e-08 47 1.5
1901 4.46548639454e-08 47 1.5
1902 4.44054431004e-08 47 1.5
1903 4.4157423329e-08 47 1.5
1904 4.39107979144e-08 47 1.5
1905 4.36655591407e-08 47 1.5
1906 4.34216965439e-08 47 1.5
1907 4.31792051836e-08 47 1.5
1908 4.29380754285e-08 47 1.5
1909 4.26983018387e-08 47 1.5
1910 4.24598748383e-08 47 1.5
1911 4.22227857122e-08 47 1.5
1912 4.19870305746e-08 47 1.5
1913 4.17525979901e-08 47 1.5
1914 4.15194841563e-08 47 1.5
1915 4.12876794975e-08 47 1.5
1916 4.10571761311e-08 47 1.5
1917 4.0827969533e-08 47 1.5
1918 4.06000486008e-08 47 1.5
1919 4.03734080057e-08 47 1.5
1920 4.01480416967e-08 47 1.5
1921 3.99239399596e-08 47 1.5
1922 3.97010997133e-08 47 1.5
1923 3.94795092451e-08 47 1.5
1924 3.92591616993e-08 47 1.5
1925 3.90400556327e-08 47 1.5
1926 3.8822178916e-08 47 1.5
1927 3.86055242219e-08 47 1.5
1928 3.83900890799e-08 47 1.5
1929 3.81758627765e-08 47 1.5
1930 3.79628385394e-08 47 1.5
1931 3.77510118721e-08 47 1.5
1932 3.7540375003e-08 47 1.5
1933 3.73309201052e-08 47 1.5
1934 3.71226444862e-08 47 1.5
1935 3.691553499e-08 47 1.5
1936 3.67095907838e-08 47 1.5
1937 3.65048011541e-08 47 1.5
1938 3.6301164491e-08 47 1.5
1939 3.60986708303e-08 47 1.5
1940 3.58973129277e-08 47 1.5
1941 3.56970863424e-08 47 1.5
1942 3.54979837747e-08 47 1.5
1943 3.53000008391e-08 47 1.5
1944 3.51031289592e-08 47 1.5
1945 3.49073607797e-08 47 1.5
1946 3.47126938027e-08 47 1.5
1947 3.45191205342e-08 47 1.5
1948 3.43266325087e-08 47 1.5
1949 3.41352262845e-08 47 1.5
1950 3.39448936459e-08 47 1.5
1951 3.37556312624e-08 47 1.5
1952 3.35674312235e-08 47 1.5
1953 3.33802868402e-08 47 1.5
1954 3.31941953924e-08 47 1.5
1955 3.30091476097e-08 47 1.5
1956 3.28251383019e-08 47 1.5
1957 3.26421636665e-08 47 1.5
1958 3.24602143775e-08 47 1.5
1959 3.22792872154e-08 47 1.5
1960 3.20993765457e-08 47 1.5
1961 3.19204743471e-08 47 1.5
1962 3.17425773166e-08 47 1.5
1963 3.15656796812e-08 47 1.5
1964 3.13897750015e-08 47 1.5
1965 3.12148581705e-08 47 1.5
1966 3.10409225823e-08 47 1.5
1967 3.08679637684e-08 47 1.5
1968 3.06959750118e-08 47 1.5
1969 3.05249529819e-08 47 1.5
1970 3.03548901848e-08 47 1.5
1971 3.01857827067e-08 47 1.5
1972 3.00176239143e-08 47 1.5
1973 2.98504089502e-08 47 1.5
1974 2.96841329572e-08 47 1.5
1975 2.95187900234e-08 47 1.5
1976 2.93543765961e-08 47 1.5
1977 2.91908832384e-08 47 1.5
1978 2.90283106441e-08 47 1.5
1979 2.8866648627e-08 47 1.5
1980 2.8705894578e-08 47 1.5
1981 2.85460424743e-08 47 1.5
1982 2.83870864037e-08 47 1.5
1983 2.82290248399e-08 47 1.5
1984 2.80718494006e-08 47 1.5
1985 2.79155566996e-08 47 1.5
1986 2.77601406307e-08 47 1.5
1987 2.76055968362e-08 47 1.5
1988 2.7451921486e-08 47 1.5
1989 2.72991070027e-08 47 1.5
1990 2.71471500279e-08 47 1.5
1991 2.6996046204e-08 47 1.5
1992 2.68457920338e-08 47 1.5
1993 2.6696378469e-08 47 1.5
1994 2.65478039829e-08 47 1.5
1995 2.64000637462e-08 47 1.5
1996 2.62531526518e-08 47 1.5
1997 2.61070670637e-08 47 1.5
1998 2.5961801986e-08 47 1.5
1999 2.58173484535e-08 47 1.5
2000 2.56737075488e-08 47 1.5
2001 2.55308731101e-08 47 1.5
2002 2.53888390311e-08 47 1.5
2003 2.52476023699e-08 47 1.5
2004 2.51071586854e-08 47 1.5
2005 2.49675029262e-08 47 1.5
2006 2.48286293192e-08 47 1.5
2007 2.46905370871e-08 47 1.5
2008 2.45532179588e-08 47 1.5
2009 2.44166714347e-08 47 1.5
2010 2.42808887163e-08 47 1.5
2011 2.41458690264e-08 47 1.5
2012 2.40116041494e-08 47 1.5
2013 2.38780962225e-08 47 1.5
2014 2.37453356422e-08 47 1.5
2015 2.36133219644e-08 47 1.5
2016 2.34820457246e-08 47 1.5
2017 2.33515083936e-08 47 1.5
2018 2.32217026996e-08 47 1.5
2019 2.30926247013e-08 47 1.5
2020 2.29642707072e-08 47 1.5
2021 2.28366366373e-08 47 1.5
2022 2.27097188554e-08 47 1.5
2023 2.25835144474e-08 47 1.5
2024 2.24580165298e-08 47 1.5
2025 2.23332233817e-08 47 1.5
2026 2.22091318947e-08 47 1.5
2027 2.208573463e-08 47 1.5
2028 2.19630273968e-08 47 1.5
2029 2.1841012221e-08 47 1.5
2030 2.17196783059e-08 47 1.5
2031 2.15990257069e-08 47 1.5
2032 2.14790513708e-08 47 1.5
2033 2.13597491916e-08 47 1.5
2034 2.12411158662e-08 47 1.5
2035 2.11231488412e-08 47 1.5
2036 2.10058411776e-08 47 1.5
2037 2.08891948184e-08 47 1.5
2038 2.07732002988e-08 47 1.5
2039 2.06578577022e-08 47 1.5
2040 2.05431611999e-08 47 1.5
2041 2.04291075445e-08 47 1.5
2042 2.0315696514e-08 47 1.5
2043 2.02029173391e-08 47 1.5
2044 2.00907738224e-08 47 1.5
2045 1.99792570543e-08 47 1.5
2046 1.9868366119e-08 47 1.5
2047 1.97580993511e-08 47 1.5
2048 1.96484477855e-08 47 1.5
2049 1.95394125324e-08 47 1.5
2050 1.94309881241e-08 47 1.5
2051 1.93231729229e-08 47 1.5
2052 1.92159625712e-08 47 1.5
2053 1.91093523783e-08 47 1.5
2054 1.90033399849e-08 47 1.5
2055 1.88979224214e-08 47 1.5
2056 1.8793097134e-08 47 1.5
2057 1.86888571563e-08 47 1.5
2058 1.85852034595e-08 47 1.5
2059 1.8482130687e-08 47 1.5
2060 1.83796357578e-08 47 1.5
2061 1.82777135926e-08 47 1.5
2062 1.81763661344e-08 47 1.5
2063 1.80755849732e-08 47 1.5
2064 1.79753696095e-08 47 1.5
2065 1.78757170455e-08 47 1.5
2066 1.77766204257e-08 47 1.5
2067 1.76780808603e-08 47 1.5
2068 1.75800928259e-08 47 1.5
2069 1.74826563781e-08 47 1.5
2070 1.73857661045e-08 47 1.5
2071 1.72894168149e-08 47 1.5
2072 1.71936090643e-08 47 1.5
2073 1.70983376069e-08 47 1.5
2074 1.7003601499e-08 47 1.5
2075 1.69093959668e-08 47 1.5
2076 1.68157183178e-08 47 1.5
2077 1.67225665815e-08 47 1.5
2078 1.66299353732e-08 47 1.5
2079 1.65378243044e-08 47 1.5
2080 1.64462296004e-08 47 1.5
2081 1.63551489851e-08 47 1.5
2082 1.62645794055e-08 47 1.5
2083 1.61745152827e-08 47 1.5
2084 1.60849586706e-08 47 1.5
2085 1.59959024915e-08 47 1.5
2086 1.59073451078e-08 47 1.5
2087 1.58192842714e-08 47 1.5
2088 1.57317169014e-08 47 1.5
2089 1.56446407218e-08 47 1.5
2090 1.55580521244e-08 47 1.5
2091 1.547195147e-08 47 1.5
2092 1.53863295438e-08 47 1.5
2093 1.53011899817e-08 47 1.5
2094 1.52165272604e-08 47 1.5
2095 1.51323383268e-08 47 1.5
2096 1.50486215988e-08 47 1.5
2097 1.4965374634e-08 47 1.5
2098 1.48825936297e-08 47 1.5
2099 1.48002764488e-08 47 1.5
2100 1.47184205657e-08 47 1.5
2101 1.4637023843e-08 47 1.5
2102 1.45560820897e-08 47 1.5
2103 1.44755948617e-08 47 1.5
2104 1.43955586895e-08 47 1.5
2105 1.43159713528e-08 47 1.5
2106 1.42368294376e-08 47 1.5
2107 1.4158131334e-08 47 1.5
2108 1.40798722958e-08 47 1.5
2109 1.40020553208e-08 47 1.5
2110 1.39246722486e-08 47 1.5
2111 1.38477237177e-08 47 1.5
2112 1.37712056203e-08 47 1.5
2113 1.36951165963e-08 47 1.5
2114 1.36194527045e-08 47 1.5
2115 1.35442144444e-08 47 1.5
2116 1.34693975418e-08 47 1.5
2117 1.3394999776e-08 47 1.5
2118 1.33210183439e-08 47 1.5
2119 1.32474507752e-08 47 1.5
2120 1.31742962373e-08 47 1.5
2121 1.31015532867e-08 47 1.5
2122 1.30292144296e-08 47 1.5
2123 1.29572829133e-08 47 1.5
2124 1.28857535198e-08 47 1.5
2125 1.28146255829e-08 47 1.5
2126 1.27438967157e-08 47 1.5
2127 1.26735621719e-08 47 1.5
2128 1.26036232007e-08 47 1.5
2129 1.25340751944e-08 47 1.5
2130 1.24649169597e-08 47 1.5
2131 1.23961464427e-08 47 1.5
2132 1.23277604513e-08 47 1.5
2133 1.22597576258e-08 47 1.5
2134 1.21921368557e-08 47 1.5
2135 1.21248939777e-08 47 1.5
2136 1.20580273544e-08 47 1.5
2137 1.19915374297e-08 47 1.5
2138 1.1925417237e-08 47 1.5
2139 1.18596691079e-08 47 1.5
2140 1.17942891842e-08 47 1.5
2141 1.17292754953e-08 47 1.5
2142 1.16646226844e-08 47 1.5
2143 1.16003359418e-08 47 1.5
2144 1.15364075515e-08 47 1.5
2145 1.14728375689e-08 47 1.5
2146 1.1409623607e-08 47 1.5
2147 1.13467639451e-08 47 1.5
2148 1.12842552247e-08 47 1.5
2149 1.12220979731e-08 47 1.5
2150 1.11602884989e-08 47 1.5
2151 1.10988240543e-08 47 1.5
2152 1.10377053886e-08 47 1.5
2153 1.09769278389e-08 47 1.5
2154 1.09164917939e-08 47 1.5
2155 1.08563944778e-08 47 1.5
2156 1.0796631672e-08 47 1.5
2157 1.07372045421e-08 47 1.5
2158 1.0678109702e-08 47 1.5
2159 1.0619346541e-08 47 1.5
2160 1.05609120893e-08 47 1.5
2161 1.05028043484e-08 47 1.5
2162 1.0445023263e-08 47 1.5
2163 1.0387565974e-08 47 1.5
2164 1.03304282906e-08 47 1.5
2165 1.02736119889e-08 47 1.5
2166 1.02171118233e-08 47 1.5
2167 1.01609310132e-08 47 1.5
2168 1.01050623702e-08 47 1.5
2169 1.0049507837e-08 47 1.5
2170 9.99426380544e-09 47 1.5
