0.88096 0 0.208324 0 -0.0320646 0 -0.0439452 0 -0.0450118 0 0.230635 0 -0.0127749 0 0.000813887 0 0.00864767 0 0.0150545 0 -0.000194855 0 0.000855319 0 -0.00135749 0 -0.00347467 0 0.00044733 0 -0.000307499 0 0.000162768 0 0.000634886 0 -0.000121041 0 7.20239e-05 0 -6.87677e-06 0 -8.5964e-05 0 -0.0471368 0 -0.0185548 0 0.0123113 0 0.00487471 0 -0.00200276 0 -0.000700647 0 0.000100117 0 5.19676e-06 0 7.26158e-05 0 0.00698127 0 0.00181109 0 -0.00316447 0 -0.00114607 0 0.000904702 0 0.000347403 0 -0.000172747 0 -0.000878999 0 -9.48625e-05 0 0.000611357 0 0.000176878 0 -0.000280263 0 6.78219e-05 0 -2.09871e-05 0 -8.5964e-05 0 0 0 0 0 0 0 0 0 0 0 0 0 0 0 0 0 0 0 0 0 0 0 0 0 0 0 0 0 0 0 0 0 0 0 0 0 0 0 0 0 0 0 0 0 0 0 0 0 0 0 0 0 0 0 0 0 0 0 0 0 0 0 0 0 0 0 0 0 0 0 0 0 0 0 0 0 0 0 0 0 0 0 0 0 0 0 0 0 0 0 0 0 
0.208324 0 0.166909 0 0.204251 0 0.0301522 0 -0.0439452 0 0.0344731 0 0.0293675 0 -0.0142987 0 -0.00951797 0 -0.0138452 0 -0.00203623 0 0.000262263 0 0.0019169 0 0.00481384 0 -0.000323852 0 0.000340869 0 -0.000289929 0 -0.00108326 0 0.000160664 0 -0.000121041 0 2.53082e-05 0 0.000176878 0 0.212951 0 0.0297586 0 -0.0410153 0 -0.00989036 0 0.0076522 0 0.00189374 0 -0.00105497 0 -0.000227177 0 3.61344e-05 0 -0.0186635 0 -0.00242278 0 0.00850961 0 0.00214435 0 -0.00262694 0 -0.000775764 0 0.000602457 0 0.00186978 0 1.13008e-05 0 -0.00141436 0 -0.000289929 0 0.000686074 0 -9.48625e-05 0 6.22658e-05 0 0.000162768 0 0 0 0 0 0 0 0 0 0 0 0 0 0 0 0 0 0 0 0 0 0 0 0 0 0 0 0 0 0 0 0 0 0 0 0 0 0 0 0 0 0 0 0 0 0 0 0 0 0 0 0 0 0 0 0 0 0 0 0 0 0 0 0 0 0 0 0 0 0 0 0 0 0 0 0 0 0 0 0 0 0 0 0 0 0 0 0 0 0 0 0 0 
-0.0320646 0 0.204251 0 0.837812 0 0.204251 0 -0.0320646 0 -0.0455936 0 0.199755 0 -0.0298857 0 -0.0395247 0 -0.0356082 0 -0.0138545 0 0.00151074 0 0.00791616 0 0.0123714 0 0.000261387 0 0.000582729 0 -0.00141436 0 -0.00309334 0 0.000340869 0 -0.000307499 0 0.000215825 0 0.000611357 0 -0.0356082 0 -0.0395247 0 -0.0298857 0 -0.0138545 0 0.0095277 0 0.00425731 0 -0.00185333 0 -0.000778566 0 0.000179038 0 0.0123714 0 0.00791616 0 0.00151074 0 0.000261387 0 -0.00185333 0 -0.000778566 0 0.000722028 0 -0.00309334 0 -0.00141436 0 0.000582729 0 0.000340869 0 0.000179038 0 0.000611357 0 0.000215825 0 -0.000307499 0 0 0 0 0 0 0 0 0 0 0 0 0 0 0 0 0 0 0 0 0 0 0 0 0 0 0 0 0 0 0 0 0 0 0 0 0 0 0 0 0 0 0 0 0 0 0 0 0 0 0 0 0 0 0 0 0 0 0 0 0 0 0 0 0 0 0 0 0 0 0 0 0 0 0 0 0 0 0 0 0 0 0 0 0 0 0 0 0 0 0 0 0 
-0.0439452 0 0.0301522 0 0.204251 0 0.166909 0 0.208324 0 0.0344731 0 0.0293675 0 -0.0410153 0 0.0297586 0 0.212951 0 -0.00989036 0 0.00850961 0 -0.00242278 0 -0.0186635 0 0.00214435 0 -0.00141436 0 1.13008e-05 0 0.00186978 0 -0.000289929 0 0.000162768 0 6.22658e-05 0 -9.48625e-05 0 -0.0138452 0 -0.00951797 0 -0.0142987 0 -0.00203623 0 0.0076522 0 0.00189374 0 -0.00262694 0 -0.000775764 0 0.000686074 0 0.00481384 0 0.0019169 0 0.000262263 0 -0.000323852 0 -0.00105497 0 -0.000227177 0 0.000602457 0 -0.00108326 0 -0.000289929 0 0.000340869 0 0.000160664 0 3.61344e-05 0 0.000176878 0 2.53082e-05 0 -0.000121041 0 0 0 0 0 0 0 0 0 0 0 0 0 0 0 0 0 0 0 0 0 0 0 0 0 0 0 0 0 0 0 0 0 0 0 0 0 0 0 0 0 0 0 0 0 0 0 0 0 0 0 0 0 0 0 0 0 0 0 0 0 0 0 0 0 0 0 0 0 0 0 0 0 0 0 0 0 0 0 0 0 0 0 0 0 0 0 0 0 0 0 0 0 
-0.0450118 0 -0.0439452 0 -0.0320646 0 0.208324 0 0.88096 0 0.230635 0 -0.0127749 0 0.0123113 0 -0.0185548 0 -0.0471368 0 0.00487471 0 -0.00316447 0 0.00181109 0 0.00698127 0 -0.00114607 0 0.000611357 0 -9.48625e-05 0 -0.000878999 0 0.000176878 0 -8.5964e-05 0 -2.09871e-05 0 6.78219e-05 0 0.0150545 0 0.00864767 0 0.000813887 0 -0.000194855 0 -0.00200276 0 -0.000700647 0 0.000904702 0 0.000347403 0 -0.000280263 0 -0.00347467 0 -0.00135749 0 0.000855319 0 0.00044733 0 0.000100117 0 5.19676e-06 0 -0.000172747 0 0.000634886 0 0.000162768 0 -0.000307499 0 -0.000121041 0 7.26158e-05 0 -8.5964e-05 0 -6.87676e-06 0 7.20239e-05 0 0 0 0 0 0 0 0 0 0 0 0 0 0 0 0 0 0 0 0 0 0 0 0 0 0 0 0 0 0 0 0 0 0 0 0 0 0 0 0 0 0 0 0 0 0 0 0 0 0 0 0 0 0 0 0 0 0 0 0 0 0 0 0 0 0 0 0 0 0 0 0 0 0 0 0 0 0 0 0 0 0 0 0 0 0 0 0 0 0 0 0 0 
0.230635 0 0.0344731 0 -0.0455936 0 0.0344731 0 0.230635 0 0.128714 0 -0.0101077 0 0.00965206 0 -0.00336599 0 -0.021871 0 0.00229197 0 -0.00170827 0 6.66582e-05 0 0.00229139 0 -0.000365803 0 0.000215825 0 6.22658e-05 0 -0.000129115 0 2.53082e-05 0 -6.87676e-06 0 -1.91888e-05 0 -2.09871e-05 0 -0.021871 0 -0.00336599 0 0.00965206 0 0.00229197 0 -0.00301806 0 -0.000772738 0 0.000766937 0 0.000211973 0 -0.000153998 0 0.00229139 0 6.66582e-05 0 -0.00170827 0 -0.000365803 0 0.000766937 0 0.000211973 0 -0.000259052 0 -0.000129115 0 6.22658e-05 0 0.000215825 0 2.53082e-05 0 -0.000153998 0 -2.09871e-05 0 -1.91888e-05 0 -6.87676e-06 0 0 0 0 0 0 0 0 0 0 0 0 0 0 0 0 0 0 0 0 0 0 0 0 0 0 0 0 0 0 0 0 0 0 0 0 0 0 0 0 0 0 0 0 0 0 0 0 0 0 0 0 0 0 0 0 0 0 0 0 0 0 0 0 0 0 0 0 0 0 0 0 0 0 0 0 0 0 0 0 0 0 0 0 0 0 0 0 0 0 0 0 0 
-0.0127749 0 0.0293675 0 0.199755 0 0.0293675 0 -0.0127749 0 -0.0101077 0 0.165941 0 0.207031 0 0.0334762 0 -0.0412223 0 0.0319315 0 -0.0147188 0 -0.0101036 0 -0.0143792 0 -0.00230446 0 0.000261387 0 0.00214435 0 0.0051209 0 -0.000323852 0 0.00044733 0 -0.000365803 0 -0.00114607 0 -0.0412223 0 0.0334762 0 0.207031 0 0.0319315 0 -0.0397761 0 -0.00990522 0 0.00775327 0 0.00215523 0 -0.0011255 0 -0.0143792 0 -0.0101036 0 -0.0147188 0 -0.00230446 0 0.00775327 0 0.00215523 0 -0.0025648 0 0.0051209 0 0.00214435 0 0.000261387 0 -0.000323852 0 -0.0011255 0 -0.00114607 0 -0.000365803 0 0.00044733 0 0 0 0 0 0 0 0 0 0 0 0 0 0 0 0 0 0 0 0 0 0 0 0 0 0 0 0 0 0 0 0 0 0 0 0 0 0 0 0 0 0 0 0 0 0 0 0 0 0 0 0 0 0 0 0 0 0 0 0 0 0 0 0 0 0 0 0 0 0 0 0 0 0 0 0 0 0 0 0 0 0 0 0 0 0 0 0 0 0 0 0 0 
0.000813887 0 -0.0142987 0 -0.0298857 0 -0.0410153 0 0.0123113 0 0.00965206 0 0.207031 0 0.829685 0 0.208451 0 -0.0350412 0 0.20502 0 -0.030095 0 -0.0404455 0 -0.0349213 0 -0.0147188 0 0.00151074 0 0.00850961 0 0.0126165 0 0.000262263 0 0.000855319 0 -0.00170827 0 -0.00316447 0 0.0113779 0 -0.0152499 0 -0.0319311 0 -0.039718 0 -0.0307499 0 -0.0140946 0 0.00996404 0 0.00472286 0 -0.00215796 0 0.00216093 0 0.0078742 0 0.00996404 0 0.00775327 0 0.00192736 0 0.000263302 0 -0.00210864 0 -0.00231241 0 -0.00262694 0 -0.00185333 0 -0.00105497 0 0.000476156 0 0.000904702 0 0.000766937 0 0.000100117 0 0 0 0 0 0 0 0 0 0 0 0 0 0 0 0 0 0 0 0 0 0 0 0 0 0 0 0 0 0 0 0 0 0 0 0 0 0 0 0 0 0 0 0 0 0 0 0 0 0 0 0 0 0 0 0 0 0 0 0 0 0 0 0 0 0 0 0 0 0 0 0 0 0 0 0 0 0 0 0 0 0 0 0 0 0 0 0 0 0 0 0 0 
0.00864767 0 -0.00951797 0 -0.0395247 0 0.0297586 0 -0.0185548 0 -0.00336599 0 0.0334762 0 0.208451 0 0.167231 0 0.210128 0 0.0328053 0 -0.0404455 0 0.0269985 0 0.207088 0 -0.0101036 0 0.00791616 0 -0.00242278 0 -0.0179117 0 0.0019169 0 -0.00135749 0 6.66582e-05 0 0.00181109 0 0.00793849 0 -0.00278437 0 -0.0152499 0 -0.0105875 0 -0.0146155 0 -0.00216878 0 0.0078742 0 0.00220744 0 -0.00264467 0 0.000288053 0 0.00220744 0 0.00472286 0 0.00215523 0 0.000263302 0 -0.000356244 0 -0.00109395 0 -0.000875338 0 -0.000775764 0 -0.000778566 0 -0.000227177 0 0.000366334 0 0.000347403 0 0.000211973 0 5.19675e-06 0 0 0 0 0 0 0 0 0 0 0 0 0 0 0 0 0 0 0 0 0 0 0 0 0 0 0 0 0 0 0 0 0 0 0 0 0 0 0 0 0 0 0 0 0 0 0 0 0 0 0 0 0 0 0 0 0 0 0 0 0 0 0 0 0 0 0 0 0 0 0 0 0 0 0 0 0 0 0 0 0 0 0 0 0 0 0 0 0 0 0 0 0 
0.0150545 0 -0.0138452 0 -0.0356082 0 0.212951 0 -0.0471368 0 -0.021871 0 -0.0412223 0 -0.0350412 0 0.210128 0 0.887202 0 -0.014466 0 0.0126165 0 -0.0179117 0 -0.0467972 0 0.0051209 0 -0.00309334 0 0.00186978 0 0.00689746 0 -0.00108326 0 0.000634886 0 -0.000129115 0 -0.000878999 0 0.00167204 0 0.00793849 0 0.0113779 0 0.00795497 0 0.00199297 0 0.000144091 0 -0.00231241 0 -0.000875338 0 0.000993671 0 -0.00236837 0 -0.00264467 0 -0.00215796 0 -0.0011255 0 0.000476156 0 0.000366333 0 0.000216086 0 0.000993671 0 0.000686074 0 0.000179038 0 3.61344e-05 0 -0.000215035 0 -0.000280263 0 -0.000153998 0 7.26158e-05 0 0 0 0 0 0 0 0 0 0 0 0 0 0 0 0 0 0 0 0 0 0 0 0 0 0 0 0 0 0 0 0 0 0 0 0 0 0 0 0 0 0 0 0 0 0 0 0 0 0 0 0 0 0 0 0 0 0 0 0 0 0 0 0 0 0 0 0 0 0 0 0 0 0 0 0 0 0 0 0 0 0 0 0 0 0 0 0 0 0 0 0 0 
-0.000194855 0 -0.00203623 0 -0.0138545 0 -0.00989036 0 0.00487471 0 0.00229197 0 0.0319315 0 0.20502 0 0.0328053 0 -0.014466 0 0.165805 0 0.20502 0 0.0328053 0 -0.0404842 0 0.0319315 0 -0.0138545 0 -0.00989036 0 -0.014466 0 -0.00203623 0 -0.000194855 0 0.00229197 0 0.00487471 0 0.00795498 0 -0.0105875 0 -0.039718 0 0.030222 0 0.203395 0 0.030222 0 -0.039718 0 -0.0105875 0 0.00795497 0 0.007692 0 -0.00216879 0 -0.0140946 0 -0.00990522 0 -0.0140946 0 -0.00216878 0 0.007692 0 0.000144091 0 0.00189374 0 0.00425731 0 0.00189374 0 0.000144091 0 -0.000700647 0 -0.000772738 0 -0.000700647 0 0 0 0 0 0 0 0 0 0 0 0 0 0 0 0 0 0 0 0 0 0 0 0 0 0 0 0 0 0 0 0 0 0 0 0 0 0 0 0 0 0 0 0 0 0 0 0 0 0 0 0 0 0 0 0 0 0 0 0 0 0 0 0 0 0 0 0 0 0 0 0 0 0 0 0 0 0 0 0 0 0 0 0 0 0 0 0 0 0 0 0 0 
0.000855319 0 0.000262263 0 0.00151074 0 0.00850961 0 -0.00316447 0 -0.00170827 0 -0.0147188 0 -0.030095 0 -0.0404455 0 0.0126165 0 0.20502 0 0.829685 0 0.208451 0 -0.0349213 0 0.207031 0 -0.0298857 0 -0.0410153 0 -0.0350412 0 -0.0142987 0 0.000813887 0 0.00965206 0 0.0123113 0 -0.00215796 0 0.00472286 0 0.00996404 0 -0.0140946 0 -0.0307499 0 -0.039718 0 -0.0319311 0 -0.0152499 0 0.0113779 0 -0.00210864 0 0.000263302 0 0.00192736 0 0.00775327 0 0.00996404 0 0.0078742 0 0.00216093 0 0.000476156 0 -0.00105497 0 -0.00185333 0 -0.00262694 0 -0.00231241 0 0.000100117 0 0.000766937 0 0.000904702 0 0 0 0 0 0 0 0 0 0 0 0 0 0 0 0 0 0 0 0 0 0 0 0 0 0 0 0 0 0 0 0 0 0 0 0 0 0 0 0 0 0 0 0 0 0 0 0 0 0 0 0 0 0 0 0 0 0 0 0 0 0 0 0 0 0 0 0 0 0 0 0 0 0 0 0 0 0 0 0 0 0 0 0 0 0 0 0 0 0 0 0 0 
-0.00135749 0 0.0019169 0 0.00791616 0 -0.00242278 0 0.00181109 0 6.66582e-05 0 -0.0101036 0 -0.0404455 0 0.0269985 0 -0.0179117 0 0.0328053 0 0.208451 0 0.167231 0 0.207088 0 0.0334762 0 -0.0395247 0 0.0297586 0 0.210128 0 -0.00951797 0 0.00864767 0 -0.00336599 0 -0.0185548 0 -0.00264467 0 0.00220744 0 0.0078742 0 -0.00216878 0 -0.0146155 0 -0.0105875 0 -0.0152499 0 -0.00278437 0 0.00793849 0 -0.00109395 0 -0.000356244 0 0.000263302 0 0.00215523 0 0.00472286 0 0.00220744 0 0.000288053 0 0.000366333 0 -0.000227177 0 -0.000778566 0 -0.000775764 0 -0.000875338 0 5.19676e-06 0 0.000211973 0 0.000347403 0 0 0 0 0 0 0 0 0 0 0 0 0 0 0 0 0 0 0 0 0 0 0 0 0 0 0 0 0 0 0 0 0 0 0 0 0 0 0 0 0 0 0 0 0 0 0 0 0 0 0 0 0 0 0 0 0 0 0 0 0 0 0 0 0 0 0 0 0 0 0 0 0 0 0 0 0 0 0 0 0 0 0 0 0 0 0 0 0 0 0 0 0 
-0.00347467 0 0.00481384 0 0.0123714 0 -0.0186635 0 0.00698127 0 0.00229139 0 -0.0143792 0 -0.0349213 0 0.207088 0 -0.0467972 0 -0.0404842 0 -0.0349213 0 0.207088 0 0.892301 0 -0.0143792 0 0.0123714 0 -0.0186635 0 -0.0467972 0 0.00481384 0 -0.00347467 0 0.00229139 0 0.00698127 0 -0.00236837 0 0.000288053 0 0.00216093 0 0.007692 0 0.0108635 0 0.007692 0 0.00216093 0 0.000288053 0 -0.00236837 0 0.000487829 0 -0.00109395 0 -0.00210864 0 -0.0025648 0 -0.00210864 0 -0.00109395 0 0.000487829 0 0.000216087 0 0.000602457 0 0.000722028 0 0.000602457 0 0.000216086 0 -0.000172747 0 -0.000259052 0 -0.000172747 0 0 0 0 0 0 0 0 0 0 0 0 0 0 0 0 0 0 0 0 0 0 0 0 0 0 0 0 0 0 0 0 0 0 0 0 0 0 0 0 0 0 0 0 0 0 0 0 0 0 0 0 0 0 0 0 0 0 0 0 0 0 0 0 0 0 0 0 0 0 0 0 0 0 0 0 0 0 0 0 0 0 0 0 0 0 0 0 0 0 0 0 0 
0.00044733 0 -0.000323852 0 0.000261387 0 0.00214435 0 -0.00114607 0 -0.000365803 0 -0.00230446 0 -0.0147188 0 -0.0101036 0 0.0051209 0 0.0319315 0 0.207031 0 0.0334762 0 -0.0143792 0 0.165941 0 0.199755 0 0.0293675 0 -0.0412223 0 0.0293675 0 -0.0127749 0 -0.0101077 0 -0.0127749 0 -0.0011255 0 0.00215523 0 0.00775327 0 -0.00990522 0 -0.0397761 0 0.0319315 0 0.207031 0 0.0334762 0 -0.0412223 0 -0.0025648 0 0.00215523 0 0.00775327 0 -0.00230446 0 -0.0147188 0 -0.0101036 0 -0.0143792 0 -0.0011255 0 -0.000323852 0 0.000261386 0 0.00214435 0 0.0051209 0 0.00044733 0 -0.000365803 0 -0.00114607 0 0 0 0 0 0 0 0 0 0 0 0 0 0 0 0 0 0 0 0 0 0 0 0 0 0 0 0 0 0 0 0 0 0 0 0 0 0 0 0 0 0 0 0 0 0 0 0 0 0 0 0 0 0 0 0 0 0 0 0 0 0 0 0 0 0 0 0 0 0 0 0 0 0 0 0 0 0 0 0 0 0 0 0 0 0 0 0 0 0 0 0 0 
-0.000307499 0 0.000340869 0 0.000582729 0 -0.00141436 0 0.000611357 0 0.000215825 0 0.000261387 0 0.00151074 0 0.00791616 0 -0.00309334 0 -0.0138545 0 -0.0298857 0 -0.0395247 0 0.0123714 0 0.199755 0 0.837812 0 0.204251 0 -0.0356082 0 0.204251 0 -0.0320646 0 -0.0455936 0 -0.0320646 0 0.000179038 0 -0.000778566 0 -0.00185333 0 0.00425731 0 0.0095277 0 -0.0138545 0 -0.0298857 0 -0.0395247 0 -0.0356082 0 0.000722028 0 -0.000778566 0 -0.00185333 0 0.000261387 0 0.00151074 0 0.00791616 0 0.0123714 0 0.000179038 0 0.000340869 0 0.000582729 0 -0.00141436 0 -0.00309334 0 -0.000307499 0 0.000215825 0 0.000611357 0 0 0 0 0 0 0 0 0 0 0 0 0 0 0 0 0 0 0 0 0 0 0 0 0 0 0 0 0 0 0 0 0 0 0 0 0 0 0 0 0 0 0 0 0 0 0 0 0 0 0 0 0 0 0 0 0 0 0 0 0 0 0 0 0 0 0 0 0 0 0 0 0 0 0 0 0 0 0 0 0 0 0 0 0 0 0 0 0 0 0 0 0 
0.000162768 0 -0.000289929 0 -0.00141436 0 1.13008e-05 0 -9.48625e-05 0 6.22658e-05 0 0.00214435 0 0.00850961 0 -0.00242278 0 0.00186978 0 -0.00989036 0 -0.0410153 0 0.0297586 0 -0.0186635 0 0.0293675 0 0.204251 0 0.166909 0 0.212951 0 0.0301522 0 -0.0439452 0 0.0344731 0 0.208324 0 0.000686074 0 -0.000775764 0 -0.00262694 0 0.00189374 0 0.0076522 0 -0.00203623 0 -0.0142987 0 -0.00951797 0 -0.0138452 0 0.000602457 0 -0.000227177 0 -0.00105497 0 -0.000323852 0 0.000262263 0 0.0019169 0 0.00481384 0 3.61344e-05 0 0.000160664 0 0.000340869 0 -0.000289929 0 -0.00108326 0 -0.000121041 0 2.53082e-05 0 0.000176878 0 0 0 0 0 0 0 0 0 0 0 0 0 0 0 0 0 0 0 0 0 0 0 0 0 0 0 0 0 0 0 0 0 0 0 0 0 0 0 0 0 0 0 0 0 0 0 0 0 0 0 0 0 0 0 0 0 0 0 0 0 0 0 0 0 0 0 0 0 0 0 0 0 0 0 0 0 0 0 0 0 0 0 0 0 0 0 0 0 0 0 0 0 
0.000634886 0 -0.00108326 0 -0.00309334 0 0.00186978 0 -0.000878999 0 -0.000129115 0 0.0051209 0 0.0126165 0 -0.0179117 0 0.00689746 0 -0.014466 0 -0.0350412 0 0.210128 0 -0.0467972 0 -0.0412223 0 -0.0356082 0 0.212951 0 0.887202 0 -0.0138452 0 0.0150545 0 -0.021871 0 -0.0471368 0 0.000993671 0 -0.000875338 0 -0.00231241 0 0.000144091 0 0.00199297 0 0.00795497 0 0.0113779 0 0.00793849 0 0.00167204 0 0.000216086 0 0.000366333 0 0.000476156 0 -0.0011255 0 -0.00215796 0 -0.00264467 0 -0.00236837 0 -0.000215035 0 3.61344e-05 0 0.000179038 0 0.000686074 0 0.000993671 0 7.26158e-05 0 -0.000153998 0 -0.000280263 0 0 0 0 0 0 0 0 0 0 0 0 0 0 0 0 0 0 0 0 0 0 0 0 0 0 0 0 0 0 0 0 0 0 0 0 0 0 0 0 0 0 0 0 0 0 0 0 0 0 0 0 0 0 0 0 0 0 0 0 0 0 0 0 0 0 0 0 0 0 0 0 0 0 0 0 0 0 0 0 0 0 0 0 0 0 0 0 0 0 0 0 0 
-0.000121041 0 0.000160664 0 0.000340869 0 -0.000289929 0 0.000176878 0 2.53082e-05 0 -0.000323852 0 0.000262263 0 0.0019169 0 -0.00108326 0 -0.00203623 0 -0.0142987 0 -0.00951797 0 0.00481384 0 0.0293675 0 0.204251 0 0.0301522 0 -0.0138452 0 0.166909 0 0.208324 0 0.0344731 0 -0.0439452 0 3.61344e-05 0 -0.000227177 0 -0.00105497 0 0.00189374 0 0.0076522 0 -0.00989036 0 -0.0410153 0 0.0297586 0 0.212951 0 0.000602457 0 -0.000775764 0 -0.00262694 0 0.00214435 0 0.00850961 0 -0.00242278 0 -0.0186635 0 0.000686074 0 -0.000289929 0 -0.00141436 0 1.13008e-05 0 0.00186978 0 0.000162768 0 6.22658e-05 0 -9.48625e-05 0 0 0 0 0 0 0 0 0 0 0 0 0 0 0 0 0 0 0 0 0 0 0 0 0 0 0 0 0 0 0 0 0 0 0 0 0 0 0 0 0 0 0 0 0 0 0 0 0 0 0 0 0 0 0 0 0 0 0 0 0 0 0 0 0 0 0 0 0 0 0 0 0 0 0 0 0 0 0 0 0 0 0 0 0 0 0 0 0 0 0 0 0 
7.20239e-05 0 -0.000121041 0 -0.000307499 0 0.000162768 0 -8.5964e-05 0 -6.87676e-06 0 0.00044733 0 0.000855319 0 -0.00135749 0 0.000634886 0 -0.000194855 0 0.000813887 0 0.00864767 0 -0.00347467 0 -0.0127749 0 -0.0320646 0 -0.0439452 0 0.0150545 0 0.208324 0 0.88096 0 0.230635 0 -0.0450118 0 7.26158e-05 0 5.19676e-06 0 0.000100117 0 -0.000700647 0 -0.00200276 0 0.00487471 0 0.0123113 0 -0.0185548 0 -0.0471368 0 -0.000172747 0 0.000347403 0 0.000904702 0 -0.00114607 0 -0.00316447 0 0.00181109 0 0.00698127 0 -0.000280263 0 0.000176878 0 0.000611357 0 -9.48625e-05 0 -0.000878999 0 -8.5964e-05 0 -2.09871e-05 0 6.78219e-05 0 0 0 0 0 0 0 0 0 0 0 0 0 0 0 0 0 0 0 0 0 0 0 0 0 0 0 0 0 0 0 0 0 0 0 0 0 0 0 0 0 0 0 0 0 0 0 0 0 0 0 0 0 0 0 0 0 0 0 0 0 0 0 0 0 0 0 0 0 0 0 0 0 0 0 0 0 0 0 0 0 0 0 0 0 0 0 0 0 0 0 0 0 
-6.87677e-06 0 2.53082e-05 0 0.000215825 0 6.22658e-05 0 -2.09871e-05 0 -1.91888e-05 0 -0.000365803 0 -0.00170827 0 6.66582e-05 0 -0.000129115 0 0.00229197 0 0.00965206 0 -0.00336599 0 0.00229139 0 -0.0101077 0 -0.0455936 0 0.0344731 0 -0.021871 0 0.0344731 0 0.230635 0 0.128714 0 0.230635 0 -0.000153998 0 0.000211973 0 0.000766937 0 -0.000772738 0 -0.00301806 0 0.00229197 0 0.00965206 0 -0.00336599 0 -0.021871 0 -0.000259052 0 0.000211973 0 0.000766937 0 -0.000365803 0 -0.00170827 0 6.66581e-05 0 0.00229139 0 -0.000153998 0 2.53082e-05 0 0.000215825 0 6.22658e-05 0 -0.000129115 0 -6.87676e-06 0 -1.91888e-05 0 -2.09871e-05 0 0 0 0 0 0 0 0 0 0 0 0 0 0 0 0 0 0 0 0 0 0 0 0 0 0 0 0 0 0 0 0 0 0 0 0 0 0 0 0 0 0 0 0 0 0 0 0 0 0 0 0 0 0 0 0 0 0 0 0 0 0 0 0 0 0 0 0 0 0 0 0 0 0 0 0 0 0 0 0 0 0 0 0 0 0 0 0 0 0 0 0 0 
-8.5964e-05 0 0.000176878 0 0.000611357 0 -9.48625e-05 0 6.78219e-05 0 -2.09871e-05 0 -0.00114607 0 -0.00316447 0 0.00181109 0 -0.000878999 0 0.00487471 0 0.0123113 0 -0.0185548 0 0.00698127 0 -0.0127749 0 -0.0320646 0 0.208324 0 -0.0471368 0 -0.0439452 0 -0.0450118 0 0.230635 0 0.88096 0 -0.000280263 0 0.000347403 0 0.000904702 0 -0.000700647 0 -0.00200276 0 -0.000194855 0 0.000813887 0 0.00864767 0 0.0150545 0 -0.000172747 0 5.19676e-06 0 0.000100117 0 0.00044733 0 0.000855319 0 -0.00135749 0 -0.00347467 0 7.26158e-05 0 -0.000121041 0 -0.000307499 0 0.000162768 0 0.000634886 0 7.20239e-05 0 -6.87677e-06 0 -8.5964e-05 0 0 0 0 0 0 0 0 0 0 0 0 0 0 0 0 0 0 0 0 0 0 0 0 0 0 0 0 0 0 0 0 0 0 0 0 0 0 0 0 0 0 0 0 0 0 0 0 0 0 0 0 0 0 0 0 0 0 0 0 0 0 0 0 0 0 0 0 0 0 0 0 0 0 0 0 0 0 0 0 0 0 0 0 0 0 0 0 0 0 0 0 0 
-0.0471368 0 0.212951 0 -0.0356082 0 -0.0138452 0 0.0150545 0 -0.021871 0 -0.0412223 0 0.0113779 0 0.00793849 0 0.00167204 0 0.00795498 0 -0.00215796 0 -0.00264467 0 -0.00236837 0 -0.0011255 0 0.000179038 0 0.000686074 0 0.000993671 0 3.61344e-05 0 7.26158e-05 0 -0.000153998 0 -0.000280263 0 0.887202 0 0.210128 0 -0.0350412 0 -0.014466 0 0.00199297 0 0.000144091 0 0.000476156 0 0.000366333 0 -0.000215035 0 -0.0467972 0 -0.0179117 0 0.0126165 0 0.0051209 0 -0.00231241 0 -0.000875338 0 0.000216086 0 0.00689746 0 0.00186978 0 -0.00309334 0 -0.00108326 0 0.000993671 0 -0.000878999 0 -0.000129115 0 0.000634886 0 0 0 0 0 0 0 0 0 0 0 0 0 0 0 0 0 0 0 0 0 0 0 0 0 0 0 0 0 0 0 0 0 0 0 0 0 0 0 0 0 0 0 0 0 0 0 0 0 0 0 0 0 0 0 0 0 0 0 0 0 0 0 0 0 0 0 0 0 0 0 0 0 0 0 0 0 0 0 0 0 0 0 0 0 0 0 0 0 0 0 0 0 
-0.0185548 0 0.0297586 0 -0.0395247 0 -0.00951797 0 0.00864767 0 -0.00336599 0 0.0334762 0 -0.0152499 0 -0.00278437 0 0.00793849 0 -0.0105875 0 0.00472286 0 0.00220744 0 0.000288053 0 0.00215523 0 -0.000778566 0 -0.000775764 0 -0.000875338 0 -0.000227177 0 5.19676e-06 0 0.000211973 0 0.000347403 0 0.210128 0 0.167231 0 0.208451 0 0.0328053 0 -0.0146155 0 -0.00216878 0 0.000263302 0 -0.000356244 0 0.000366333 0 0.207088 0 0.0269985 0 -0.0404455 0 -0.0101036 0 0.0078742 0 0.00220744 0 -0.00109395 0 -0.0179117 0 -0.00242278 0 0.00791616 0 0.0019169 0 -0.00264467 0 0.00181109 0 6.66582e-05 0 -0.00135749 0 0 0 0 0 0 0 0 0 0 0 0 0 0 0 0 0 0 0 0 0 0 0 0 0 0 0 0 0 0 0 0 0 0 0 0 0 0 0 0 0 0 0 0 0 0 0 0 0 0 0 0 0 0 0 0 0 0 0 0 0 0 0 0 0 0 0 0 0 0 0 0 0 0 0 0 0 0 0 0 0 0 0 0 0 0 0 0 0 0 0 0 0 
0.0123113 0 -0.0410153 0 -0.0298857 0 -0.0142987 0 0.000813887 0 0.00965206 0 0.207031 0 -0.0319311 0 -0.0152499 0 0.0113779 0 -0.039718 0 0.00996404 0 0.0078742 0 0.00216093 0 0.00775327 0 -0.00185333 0 -0.00262694 0 -0.00231241 0 -0.00105497 0 0.000100117 0 0.000766937 0 0.000904702 0 -0.0350412 0 0.208451 0 0.829685 0 0.20502 0 -0.0307499 0 -0.0140946 0 0.00192736 0 0.000263302 0 0.000476156 0 -0.0349213 0 -0.0404455 0 -0.030095 0 -0.0147188 0 0.00996404 0 0.00472286 0 -0.00210864 0 0.0126165 0 0.00850961 0 0.00151074 0 0.000262263 0 -0.00215796 0 -0.00316447 0 -0.00170827 0 0.000855319 0 0 0 0 0 0 0 0 0 0 0 0 0 0 0 0 0 0 0 0 0 0 0 0 0 0 0 0 0 0 0 0 0 0 0 0 0 0 0 0 0 0 0 0 0 0 0 0 0 0 0 0 0 0 0 0 0 0 0 0 0 0 0 0 0 0 0 0 0 0 0 0 0 0 0 0 0 0 0 0 0 0 0 0 0 0 0 0 0 0 0 0 0 
0.00487471 0 -0.00989036 0 -0.0138545 0 -0.00203623 0 -0.000194855 0 0.00229197 0 0.0319315 0 -0.039718 0 -0.0105875 0 0.00795497 0 0.030222 0 -0.0140946 0 -0.00216878 0 0.007692 0 -0.00990522 0 0.00425731 0 0.00189374 0 0.000144091 0 0.00189374 0 -0.000700647 0 -0.000772738 0 -0.000700647 0 -0.014466 0 0.0328053 0 0.20502 0 0.165805 0 0.203395 0 0.030222 0 -0.0140946 0 -0.00216879 0 0.000144091 0 -0.0404842 0 0.0328053 0 0.20502 0 0.0319315 0 -0.039718 0 -0.0105875 0 0.007692 0 -0.014466 0 -0.00989036 0 -0.0138545 0 -0.00203623 0 0.00795498 0 0.00487471 0 0.00229197 0 -0.000194855 0 0 0 0 0 0 0 0 0 0 0 0 0 0 0 0 0 0 0 0 0 0 0 0 0 0 0 0 0 0 0 0 0 0 0 0 0 0 0 0 0 0 0 0 0 0 0 0 0 0 0 0 0 0 0 0 0 0 0 0 0 0 0 0 0 0 0 0 0 0 0 0 0 0 0 0 0 0 0 0 0 0 0 0 0 0 0 0 0 0 0 0 0 
-0.00200276 0 0.0076522 0 0.0095277 0 0.0076522 0 -0.00200276 0 -0.00301806 0 -0.0397761 0 -0.0307499 0 -0.0146155 0 0.00199297 0 0.203395 0 -0.0307499 0 -0.0146155 0 0.0108635 0 -0.0397761 0 0.0095277 0 0.0076522 0 0.00199297 0 0.0076522 0 -0.00200276 0 -0.00301806 0 -0.00200276 0 0.00199297 0 -0.0146155 0 -0.0307499 0 0.203395 0 0.836358 0 0.203395 0 -0.0307499 0 -0.0146155 0 0.00199297 0 0.0108635 0 -0.0146155 0 -0.0307499 0 -0.0397761 0 -0.0307499 0 -0.0146155 0 0.0108635 0 0.00199297 0 0.0076522 0 0.0095277 0 0.0076522 0 0.00199297 0 -0.00200276 0 -0.00301806 0 -0.00200276 0 0 0 0 0 0 0 0 0 0 0 0 0 0 0 0 0 0 0 0 0 0 0 0 0 0 0 0 0 0 0 0 0 0 0 0 0 0 0 0 0 0 0 0 0 0 0 0 0 0 0 0 0 0 0 0 0 0 0 0 0 0 0 0 0 0 0 0 0 0 0 0 0 0 0 0 0 0 0 0 0 0 0 0 0 0 0 0 0 0 0 0 0 
-0.000700647 0 0.00189374 0 0.00425731 0 0.00189374 0 -0.000700647 0 -0.000772738 0 -0.00990522 0 -0.0140946 0 -0.00216878 0 0.000144091 0 0.030222 0 -0.039718 0 -0.0105875 0 0.007692 0 0.0319315 0 -0.0138545 0 -0.00203623 0 0.00795497 0 -0.00989036 0 0.00487471 0 0.00229197 0 -0.000194855 0 0.000144091 0 -0.00216878 0 -0.0140946 0 0.030222 0 0.203395 0 0.165805 0 0.20502 0 0.0328053 0 -0.014466 0 0.007692 0 -0.0105875 0 -0.039718 0 0.0319315 0 0.20502 0 0.0328053 0 -0.0404842 0 0.00795497 0 -0.00203623 0 -0.0138545 0 -0.00989036 0 -0.014466 0 -0.000194855 0 0.00229197 0 0.00487471 0 0 0 0 0 0 0 0 0 0 0 0 0 0 0 0 0 0 0 0 0 0 0 0 0 0 0 0 0 0 0 0 0 0 0 0 0 0 0 0 0 0 0 0 0 0 0 0 0 0 0 0 0 0 0 0 0 0 0 0 0 0 0 0 0 0 0 0 0 0 0 0 0 0 0 0 0 0 0 0 0 0 0 0 0 0 0 0 0 0 0 0 0 
0.000100117 0 -0.00105497 0 -0.00185333 0 -0.00262694 0 0.000904702 0 0.000766937 0 0.00775327 0 0.00996404 0 0.0078742 0 -0.00231241 0 -0.039718 0 -0.0319311 0 -0.0152499 0 0.00216093 0 0.207031 0 -0.0298857 0 -0.0142987 0 0.0113779 0 -0.0410153 0 0.0123113 0 0.00965206 0 0.000813887 0 0.000476156 0 0.000263302 0 0.00192736 0 -0.0140946 0 -0.0307499 0 0.20502 0 0.829685 0 0.208451 0 -0.0350412 0 -0.00210864 0 0.00472286 0 0.00996404 0 -0.0147188 0 -0.030095 0 -0.0404455 0 -0.0349213 0 -0.00215796 0 0.000262263 0 0.00151074 0 0.00850961 0 0.0126165 0 0.000855319 0 -0.00170827 0 -0.00316447 0 0 0 0 0 0 0 0 0 0 0 0 0 0 0 0 0 0 0 0 0 0 0 0 0 0 0 0 0 0 0 0 0 0 0 0 0 0 0 0 0 0 0 0 0 0 0 0 0 0 0 0 0 0 0 0 0 0 0 0 0 0 0 0 0 0 0 0 0 0 0 0 0 0 0 0 0 0 0 0 0 0 0 0 0 0 0 0 0 0 0 0 0 
5.19676e-06 0 -0.000227177 0 -0.000778566 0 -0.000775764 0 0.000347403 0 0.000211973 0 0.00215523 0 0.00472286 0 0.00220744 0 -0.000875338 0 -0.0105875 0 -0.0152499 0 -0.00278437 0 0.000288053 0 0.0334762 0 -0.0395247 0 -0.00951797 0 0.00793849 0 0.0297586 0 -0.0185548 0 -0.00336599 0 0.00864767 0 0.000366333 0 -0.000356244 0 0.000263302 0 -0.00216879 0 -0.0146155 0 0.0328053 0 0.208451 0 0.167231 0 0.210128 0 -0.00109395 0 0.00220744 0 0.0078742 0 -0.0101036 0 -0.0404455 0 0.0269985 0 0.207088 0 -0.00264467 0 0.0019169 0 0.00791616 0 -0.00242278 0 -0.0179117 0 -0.00135749 0 6.66583e-05 0 0.00181109 0 0 0 0 0 0 0 0 0 0 0 0 0 0 0 0 0 0 0 0 0 0 0 0 0 0 0 0 0 0 0 0 0 0 0 0 0 0 0 0 0 0 0 0 0 0 0 0 0 0 0 0 0 0 0 0 0 0 0 0 0 0 0 0 0 0 0 0 0 0 0 0 0 0 0 0 0 0 0 0 0 0 0 0 0 0 0 0 0 0 0 0 0 
7.26158e-05 0 3.61344e-05 0 0.000179038 0 0.000686074 0 -0.000280263 0 -0.000153998 0 -0.0011255 0 -0.00215796 0 -0.00264467 0 0.000993671 0 0.00795497 0 0.0113779 0 0.00793849 0 -0.00236837 0 -0.0412223 0 -0.0356082 0 -0.0138452 0 0.00167204 0 0.212951 0 -0.0471368 0 -0.021871 0 0.0150545 0 -0.000215035 0 0.000366333 0 0.000476156 0 0.000144091 0 0.00199297 0 -0.014466 0 -0.0350412 0 0.210128 0 0.887202 0 0.000216086 0 -0.000875338 0 -0.00231241 0 0.0051209 0 0.0126165 0 -0.0179117 0 -0.0467972 0 0.000993671 0 -0.00108326 0 -0.00309334 0 0.00186978 0 0.00689746 0 0.000634886 0 -0.000129115 0 -0.000878999 0 0 0 0 0 0 0 0 0 0 0 0 0 0 0 0 0 0 0 0 0 0 0 0 0 0 0 0 0 0 0 0 0 0 0 0 0 0 0 0 0 0 0 0 0 0 0 0 0 0 0 0 0 0 0 0 0 0 0 0 0 0 0 0 0 0 0 0 0 0 0 0 0 0 0 0 0 0 0 0 0 0 0 0 0 0 0 0 0 0 0 0 0 
0.00698127 0 -0.0186635 0 0.0123714 0 0.00481384 0 -0.00347467 0 0.00229139 0 -0.0143792 0 0.00216093 0 0.000288053 0 -0.00236837 0 0.007692 0 -0.00210864 0 -0.00109395 0 0.000487829 0 -0.0025648 0 0.000722028 0 0.000602457 0 0.000216086 0 0.000602457 0 -0.000172747 0 -0.000259052 0 -0.000172747 0 -0.0467972 0 0.207088 0 -0.0349213 0 -0.0404842 0 0.0108635 0 0.007692 0 -0.00210864 0 -0.00109395 0 0.000216086 0 0.892301 0 0.207088 0 -0.0349213 0 -0.0143792 0 0.00216093 0 0.000288053 0 0.000487829 0 -0.0467972 0 -0.0186635 0 0.0123714 0 0.00481384 0 -0.00236837 0 0.00698127 0 0.00229139 0 -0.00347467 0 0 0 0 0 0 0 0 0 0 0 0 0 0 0 0 0 0 0 0 0 0 0 0 0 0 0 0 0 0 0 0 0 0 0 0 0 0 0 0 0 0 0 0 0 0 0 0 0 0 0 0 0 0 0 0 0 0 0 0 0 0 0 0 0 0 0 0 0 0 0 0 0 0 0 0 0 0 0 0 0 0 0 0 0 0 0 0 0 0 0 0 0 
0.00181109 0 -0.00242278 0 0.00791616 0 0.0019169 0 -0.00135749 0 6.66582e-05 0 -0.0101036 0 0.0078742 0 0.00220744 0 -0.00264467 0 -0.00216879 0 0.000263302 0 -0.000356244 0 -0.00109395 0 0.00215523 0 -0.000778566 0 -0.000227177 0 0.000366333 0 -0.000775764 0 0.000347403 0 0.000211973 0 5.19676e-06 0 -0.0179117 0 0.0269985 0 -0.0404455 0 0.0328053 0 -0.0146155 0 -0.0105875 0 0.00472286 0 0.00220744 0 -0.000875338 0 0.207088 0 0.167231 0 0.208451 0 0.0334762 0 -0.0152499 0 -0.00278437 0 0.000288053 0 0.210128 0 0.0297586 0 -0.0395247 0 -0.00951797 0 0.00793849 0 -0.0185548 0 -0.00336599 0 0.00864767 0 0 0 0 0 0 0 0 0 0 0 0 0 0 0 0 0 0 0 0 0 0 0 0 0 0 0 0 0 0 0 0 0 0 0 0 0 0 0 0 0 0 0 0 0 0 0 0 0 0 0 0 0 0 0 0 0 0 0 0 0 0 0 0 0 0 0 0 0 0 0 0 0 0 0 0 0 0 0 0 0 0 0 0 0 0 0 0 0 0 0 0 0 
-0.00316447 0 0.00850961 0 0.00151074 0 0.000262263 0 0.000855319 0 -0.00170827 0 -0.0147188 0 0.00996404 0 0.00472286 0 -0.00215796 0 -0.0140946 0 0.00192736 0 0.000263302 0 -0.00210864 0 0.00775327 0 -0.00185333 0 -0.00105497 0 0.000476156 0 -0.00262694 0 0.000904702 0 0.000766937 0 0.000100117 0 0.0126165 0 -0.0404455 0 -0.030095 0 0.20502 0 -0.0307499 0 -0.039718 0 0.00996404 0 0.0078742 0 -0.00231241 0 -0.0349213 0 0.208451 0 0.829685 0 0.207031 0 -0.0319311 0 -0.0152499 0 0.00216093 0 -0.0350412 0 -0.0410153 0 -0.0298857 0 -0.0142987 0 0.0113779 0 0.0123113 0 0.00965206 0 0.000813887 0 0 0 0 0 0 0 0 0 0 0 0 0 0 0 0 0 0 0 0 0 0 0 0 0 0 0 0 0 0 0 0 0 0 0 0 0 0 0 0 0 0 0 0 0 0 0 0 0 0 0 0 0 0 0 0 0 0 0 0 0 0 0 0 0 0 0 0 0 0 0 0 0 0 0 0 0 0 0 0 0 0 0 0 0 0 0 0 0 0 0 0 0 
-0.00114607 0 0.00214435 0 0.000261387 0 -0.000323852 0 0.00044733 0 -0.000365803 0 -0.00230446 0 0.00775327 0 0.00215523 0 -0.0011255 0 -0.00990522 0 0.00775327 0 0.00215523 0 -0.0025648 0 -0.00230446 0 0.000261387 0 -0.000323852 0 -0.0011255 0 0.00214435 0 -0.00114607 0 -0.000365803 0 0.00044733 0 0.0051209 0 -0.0101036 0 -0.0147188 0 0.0319315 0 -0.0397761 0 0.0319315 0 -0.0147188 0 -0.0101036 0 0.0051209 0 -0.0143792 0 0.0334762 0 0.207031 0 0.165941 0 0.207031 0 0.0334762 0 -0.0143792 0 -0.0412223 0 0.0293675 0 0.199755 0 0.0293675 0 -0.0412223 0 -0.0127749 0 -0.0101077 0 -0.0127749 0 0 0 0 0 0 0 0 0 0 0 0 0 0 0 0 0 0 0 0 0 0 0 0 0 0 0 0 0 0 0 0 0 0 0 0 0 0 0 0 0 0 0 0 0 0 0 0 0 0 0 0 0 0 0 0 0 0 0 0 0 0 0 0 0 0 0 0 0 0 0 0 0 0 0 0 0 0 0 0 0 0 0 0 0 0 0 0 0 0 0 0 0 
0.000904702 0 -0.00262694 0 -0.00185333 0 -0.00105497 0 0.000100117 0 0.000766937 0 0.00775327 0 0.00192736 0 0.000263302 0 0.000476156 0 -0.0140946 0 0.00996404 0 0.00472286 0 -0.00210864 0 -0.0147188 0 0.00151074 0 0.000262263 0 -0.00215796 0 0.00850961 0 -0.00316447 0 -0.00170827 0 0.000855319 0 -0.00231241 0 0.0078742 0 0.00996404 0 -0.039718 0 -0.0307499 0 0.20502 0 -0.030095 0 -0.0404455 0 0.0126165 0 0.00216093 0 -0.0152499 0 -0.0319311 0 0.207031 0 0.829685 0 0.208451 0 -0.0349213 0 0.0113779 0 -0.0142987 0 -0.0298857 0 -0.0410153 0 -0.0350412 0 0.000813887 0 0.00965206 0 0.0123113 0 0 0 0 0 0 0 0 0 0 0 0 0 0 0 0 0 0 0 0 0 0 0 0 0 0 0 0 0 0 0 0 0 0 0 0 0 0 0 0 0 0 0 0 0 0 0 0 0 0 0 0 0 0 0 0 0 0 0 0 0 0 0 0 0 0 0 0 0 0 0 0 0 0 0 0 0 0 0 0 0 0 0 0 0 0 0 0 0 0 0 0 0 
0.000347403 0 -0.000775764 0 -0.000778566 0 -0.000227177 0 5.19676e-06 0 0.000211973 0 0.00215523 0 0.000263302 0 -0.000356244 0 0.000366333 0 -0.00216878 0 0.0078742 0 0.00220744 0 -0.00109395 0 -0.0101036 0 0.00791616 0 0.0019169 0 -0.00264467 0 -0.00242278 0 0.00181109 0 6.66581e-05 0 -0.00135749 0 -0.000875338 0 0.00220744 0 0.00472286 0 -0.0105875 0 -0.0146155 0 0.0328053 0 -0.0404455 0 0.0269985 0 -0.0179117 0 0.000288053 0 -0.00278437 0 -0.0152499 0 0.0334762 0 0.208451 0 0.167231 0 0.207088 0 0.00793849 0 -0.00951797 0 -0.0395247 0 0.0297586 0 0.210128 0 0.00864767 0 -0.00336599 0 -0.0185548 0 0 0 0 0 0 0 0 0 0 0 0 0 0 0 0 0 0 0 0 0 0 0 0 0 0 0 0 0 0 0 0 0 0 0 0 0 0 0 0 0 0 0 0 0 0 0 0 0 0 0 0 0 0 0 0 0 0 0 0 0 0 0 0 0 0 0 0 0 0 0 0 0 0 0 0 0 0 0 0 0 0 0 0 0 0 0 0 0 0 0 0 0 
-0.000172747 0 0.000602457 0 0.000722028 0 0.000602457 0 -0.000172747 0 -0.000259052 0 -0.0025648 0 -0.00210864 0 -0.00109395 0 0.000216086 0 0.007692 0 0.00216093 0 0.000288053 0 0.000487829 0 -0.0143792 0 0.0123714 0 0.00481384 0 -0.00236837 0 -0.0186635 0 0.00698127 0 0.00229139 0 -0.00347467 0 0.000216086 0 -0.00109395 0 -0.00210864 0 0.007692 0 0.0108635 0 -0.0404842 0 -0.0349213 0 0.207088 0 -0.0467972 0 0.000487829 0 0.000288053 0 0.00216093 0 -0.0143792 0 -0.0349213 0 0.207088 0 0.892301 0 -0.00236837 0 0.00481384 0 0.0123714 0 -0.0186635 0 -0.0467972 0 -0.00347467 0 0.00229139 0 0.00698127 0 0 0 0 0 0 0 0 0 0 0 0 0 0 0 0 0 0 0 0 0 0 0 0 0 0 0 0 0 0 0 0 0 0 0 0 0 0 0 0 0 0 0 0 0 0 0 0 0 0 0 0 0 0 0 0 0 0 0 0 0 0 0 0 0 0 0 0 0 0 0 0 0 0 0 0 0 0 0 0 0 0 0 0 0 0 0 0 0 0 0 0 0 
-0.000878999 0 0.00186978 0 -0.00309334 0 -0.00108326 0 0.000634886 0 -0.000129115 0 0.0051209 0 -0.00231241 0 -0.000875338 0 0.000993671 0 0.000144091 0 0.000476156 0 0.000366333 0 0.000216087 0 -0.0011255 0 0.000179038 0 3.61344e-05 0 -0.000215035 0 0.000686074 0 -0.000280263 0 -0.000153998 0 7.26158e-05 0 0.00689746 0 -0.0179117 0 0.0126165 0 -0.014466 0 0.00199297 0 0.00795497 0 -0.00215796 0 -0.00264467 0 0.000993671 0 -0.0467972 0 0.210128 0 -0.0350412 0 -0.0412223 0 0.0113779 0 0.00793849 0 -0.00236837 0 0.887202 0 0.212951 0 -0.0356082 0 -0.0138452 0 0.00167204 0 -0.0471368 0 -0.021871 0 0.0150545 0 0 0 0 0 0 0 0 0 0 0 0 0 0 0 0 0 0 0 0 0 0 0 0 0 0 0 0 0 0 0 0 0 0 0 0 0 0 0 0 0 0 0 0 0 0 0 0 0 0 0 0 0 0 0 0 0 0 0 0 0 0 0 0 0 0 0 0 0 0 0 0 0 0 0 0 0 0 0 0 0 0 0 0 0 0 0 0 0 0 0 0 0 
-9.48625e-05 0 1.13008e-05 0 -0.00141436 0 -0.000289929 0 0.000162768 0 6.22658e-05 0 0.00214435 0 -0.00262694 0 -0.000775764 0 0.000686074 0 0.00189374 0 -0.00105497 0 -0.000227177 0 0.000602457 0 -0.000323852 0 0.000340869 0 0.000160664 0 3.61344e-05 0 -0.000289929 0 0.000176878 0 2.53082e-05 0 -0.000121041 0 0.00186978 0 -0.00242278 0 0.00850961 0 -0.00989036 0 0.0076522 0 -0.00203623 0 0.000262263 0 0.0019169 0 -0.00108326 0 -0.0186635 0 0.0297586 0 -0.0410153 0 0.0293675 0 -0.0142987 0 -0.00951797 0 0.00481384 0 0.212951 0 0.166909 0 0.204251 0 0.0301522 0 -0.0138452 0 0.208324 0 0.0344731 0 -0.0439452 0 0 0 0 0 0 0 0 0 0 0 0 0 0 0 0 0 0 0 0 0 0 0 0 0 0 0 0 0 0 0 0 0 0 0 0 0 0 0 0 0 0 0 0 0 0 0 0 0 0 0 0 0 0 0 0 0 0 0 0 0 0 0 0 0 0 0 0 0 0 0 0 0 0 0 0 0 0 0 0 0 0 0 0 0 0 0 0 0 0 0 0 0 
0.000611357 0 -0.00141436 0 0.000582729 0 0.000340869 0 -0.000307499 0 0.000215825 0 0.000261387 0 -0.00185333 0 -0.000778566 0 0.000179038 0 0.00425731 0 -0.00185333 0 -0.000778566 0 0.000722028 0 0.000261386 0 0.000582729 0 0.000340869 0 0.000179038 0 -0.00141436 0 0.000611357 0 0.000215825 0 -0.000307499 0 -0.00309334 0 0.00791616 0 0.00151074 0 -0.0138545 0 0.0095277 0 -0.0138545 0 0.00151074 0 0.00791616 0 -0.00309334 0 0.0123714 0 -0.0395247 0 -0.0298857 0 0.199755 0 -0.0298857 0 -0.0395247 0 0.0123714 0 -0.0356082 0 0.204251 0 0.837812 0 0.204251 0 -0.0356082 0 -0.0320646 0 -0.0455936 0 -0.0320646 0 0 0 0 0 0 0 0 0 0 0 0 0 0 0 0 0 0 0 0 0 0 0 0 0 0 0 0 0 0 0 0 0 0 0 0 0 0 0 0 0 0 0 0 0 0 0 0 0 0 0 0 0 0 0 0 0 0 0 0 0 0 0 0 0 0 0 0 0 0 0 0 0 0 0 0 0 0 0 0 0 0 0 0 0 0 0 0 0 0 0 0 0 
0.000176878 0 -0.000289929 0 0.000340869 0 0.000160664 0 -0.000121041 0 2.53082e-05 0 -0.000323852 0 -0.00105497 0 -0.000227177 0 3.61344e-05 0 0.00189374 0 -0.00262694 0 -0.000775764 0 0.000602457 0 0.00214435 0 -0.00141436 0 -0.000289929 0 0.000686074 0 1.13008e-05 0 -9.48625e-05 0 6.22658e-05 0 0.000162768 0 -0.00108326 0 0.0019169 0 0.000262263 0 -0.00203623 0 0.0076522 0 -0.00989036 0 0.00850961 0 -0.00242278 0 0.00186978 0 0.00481384 0 -0.00951797 0 -0.0142987 0 0.0293675 0 -0.0410153 0 0.0297586 0 -0.0186635 0 -0.0138452 0 0.0301522 0 0.204251 0 0.166909 0 0.212951 0 -0.0439452 0 0.0344731 0 0.208324 0 0 0 0 0 0 0 0 0 0 0 0 0 0 0 0 0 0 0 0 0 0 0 0 0 0 0 0 0 0 0 0 0 0 0 0 0 0 0 0 0 0 0 0 0 0 0 0 0 0 0 0 0 0 0 0 0 0 0 0 0 0 0 0 0 0 0 0 0 0 0 0 0 0 0 0 0 0 0 0 0 0 0 0 0 0 0 0 0 0 0 0 0 
-0.000280263 0 0.000686074 0 0.000179038 0 3.61344e-05 0 7.26158e-05 0 -0.000153998 0 -0.0011255 0 0.000476156 0 0.000366334 0 -0.000215035 0 0.000144091 0 -0.00231241 0 -0.000875338 0 0.000216086 0 0.0051209 0 -0.00309334 0 -0.00108326 0 0.000993671 0 0.00186978 0 -0.000878999 0 -0.000129115 0 0.000634886 0 0.000993671 0 -0.00264467 0 -0.00215796 0 0.00795498 0 0.00199297 0 -0.014466 0 0.0126165 0 -0.0179117 0 0.00689746 0 -0.00236837 0 0.00793849 0 0.0113779 0 -0.0412223 0 -0.0350412 0 0.210128 0 -0.0467972 0 0.00167204 0 -0.0138452 0 -0.0356082 0 0.212951 0 0.887202 0 0.0150545 0 -0.021871 0 -0.0471368 0 0 0 0 0 0 0 0 0 0 0 0 0 0 0 0 0 0 0 0 0 0 0 0 0 0 0 0 0 0 0 0 0 0 0 0 0 0 0 0 0 0 0 0 0 0 0 0 0 0 0 0 0 0 0 0 0 0 0 0 0 0 0 0 0 0 0 0 0 0 0 0 0 0 0 0 0 0 0 0 0 0 0 0 0 0 0 0 0 0 0 0 0 
6.78219e-05 0 -9.48625e-05 0 0.000611357 0 0.000176878 0 -8.5964e-05 0 -2.09871e-05 0 -0.00114607 0 0.000904702 0 0.000347403 0 -0.000280263 0 -0.000700647 0 0.000100117 0 5.19676e-06 0 -0.000172747 0 0.00044733 0 -0.000307499 0 -0.000121041 0 7.26158e-05 0 0.000162768 0 -8.5964e-05 0 -6.87676e-06 0 7.20239e-05 0 -0.000878999 0 0.00181109 0 -0.00316447 0 0.00487471 0 -0.00200276 0 -0.000194855 0 0.000855319 0 -0.00135749 0 0.000634886 0 0.00698127 0 -0.0185548 0 0.0123113 0 -0.0127749 0 0.000813887 0 0.00864767 0 -0.00347467 0 -0.0471368 0 0.208324 0 -0.0320646 0 -0.0439452 0 0.0150545 0 0.88096 0 0.230635 0 -0.0450118 0 0 0 0 0 0 0 0 0 0 0 0 0 0 0 0 0 0 0 0 0 0 0 0 0 0 0 0 0 0 0 0 0 0 0 0 0 0 0 0 0 0 0 0 0 0 0 0 0 0 0 0 0 0 0 0 0 0 0 0 0 0 0 0 0 0 0 0 0 0 0 0 0 0 0 0 0 0 0 0 0 0 0 0 0 0 0 0 0 0 0 0 0 
-2.09871e-05 0 6.22658e-05 0 0.000215825 0 2.53082e-05 0 -6.87676e-06 0 -1.91888e-05 0 -0.000365803 0 0.000766937 0 0.000211973 0 -0.000153998 0 -0.000772738 0 0.000766937 0 0.000211973 0 -0.000259052 0 -0.000365803 0 0.000215825 0 2.53082e-05 0 -0.000153998 0 6.22658e-05 0 -2.09871e-05 0 -1.91888e-05 0 -6.87677e-06 0 -0.000129115 0 6.66582e-05 0 -0.00170827 0 0.00229197 0 -0.00301806 0 0.00229197 0 -0.00170827 0 6.66583e-05 0 -0.000129115 0 0.00229139 0 -0.00336599 0 0.00965206 0 -0.0101077 0 0.00965206 0 -0.00336599 0 0.00229139 0 -0.021871 0 0.0344731 0 -0.0455936 0 0.0344731 0 -0.021871 0 0.230635 0 0.128714 0 0.230635 0 0 0 0 0 0 0 0 0 0 0 0 0 0 0 0 0 0 0 0 0 0 0 0 0 0 0 0 0 0 0 0 0 0 0 0 0 0 0 0 0 0 0 0 0 0 0 0 0 0 0 0 0 0 0 0 0 0 0 0 0 0 0 0 0 0 0 0 0 0 0 0 0 0 0 0 0 0 0 0 0 0 0 0 0 0 0 0 0 0 0 0 0 
-8.5964e-05 0 0.000162768 0 -0.000307499 0 -0.000121041 0 7.20239e-05 0 -6.87676e-06 0 0.00044733 0 0.000100117 0 5.19675e-06 0 7.26158e-05 0 -0.000700647 0 0.000904702 0 0.000347403 0 -0.000172747 0 -0.00114607 0 0.000611357 0 0.000176878 0 -0.000280263 0 -9.48625e-05 0 6.78219e-05 0 -2.09871e-05 0 -8.5964e-05 0 0.000634886 0 -0.00135749 0 0.000855319 0 -0.000194855 0 -0.00200276 0 0.00487471 0 -0.00316447 0 0.00181109 0 -0.000878999 0 -0.00347467 0 0.00864767 0 0.000813887 0 -0.0127749 0 0.0123113 0 -0.0185548 0 0.00698127 0 0.0150545 0 -0.0439452 0 -0.0320646 0 0.208324 0 -0.0471368 0 -0.0450118 0 0.230635 0 0.88096 0 0 0 0 0 0 0 0 0 0 0 0 0 0 0 0 0 0 0 0 0 0 0 0 0 0 0 0 0 0 0 0 0 0 0 0 0 0 0 0 0 0 0 0 0 0 0 0 0 0 0 0 0 0 0 0 0 0 0 0 0 0 0 0 0 0 0 0 0 0 0 0 0 0 0 0 0 0 0 0 0 0 0 0 0 0 0 0 0 0 0 0 0 
0 0 0 0 0 0 0 0 0 0 0 0 0 0 0 0 0 0 0 0 0 0 0 0 0 0 0 0 0 0 0 0 0 0 0 0 0 0 0 0 0 0 0 0 0 0 0 0 0 0 0 0 0 0 0 0 0 0 0 0 0 0 0 0 0 0 0 0 0 0 0 0 0 0 0 0 0 0 0 0 0 0 0 0 0 0 0 0 0 0 0 0 0.192547 0 0.223204 0 0.0344569 0 -0.0475708 0 -0.0168393 0 0.233839 0 -0.0150117 0 -0.0600833 0 0.0132406 0 0.036705 0 -0.000463656 0 0.057869 0 -0.00405802 0 0.00452002 0 0.000682578 0 0.000473509 0 -0.00203564 0 -0.0546009 0 0.00211689 0 -0.0595111 0 -1.59865e-05 0 0.0595367 0 -0.000582282 0 -0.0257573 0 0.0442886 0 0.00672961 0 0.00261244 0 -0.000918126 0 -0.0591471 0 0.00215372 0 0.053517 0 -0.00910576 0 0.0047716 0 -0.0546778 0 -0.00172124 0 0.0576767 0 -0.00167931 0 0.000264447 0 0.0549697 0 0.00210794 0 -0.000950036 0 -0.00202998 0 -0.0531811 0 -0.0595055 0 -2.1653e-05 0 0.0595367 0 
0 0 0 0 0 0 0 0 0 0 0 0 0 0 0 0 0 0 0 0 0 0 0 0 0 0 0 0 0 0 0 0 0 0 0 0 0 0 0 0 0 0 0 0 0 0 0 0 0 0 0 0 0 0 0 0 0 0 0 0 0 0 0 0 0 0 0 0 0 0 0 0 0 0 0 0 0 0 0 0 0 0 0 0 0 0 0 0 0 0 0 0 0.223204 0 0.817524 0 0.201562 0 -0.0245194 0 -0.0475708 0 -0.0388567 0 -0.0282793 0 -0.0125068 0 0.008776 0 -0.0145936 0 0.0021537 0 -0.00186972 0 -0.00186666 0 0.00495773 0 0.000308973 0 0.000389588 0 0.000424047 0 0.000769742 0 -0.000241963 0 0.00211689 0 -4.10743e-05 0 -0.00202998 0 0.221716 0 -0.0328058 0 -0.0444864 0 0.010789 0 0.00802606 0 -0.0018707 0 0.00108415 0 0.00012599 0 -0.00202245 0 -0.0212877 0 0.00304988 0 0.011938 0 -0.00254162 0 -0.00534853 0 0.000910243 0 0.000728409 0 0.000421994 0 -0.0002191 0 -0.00180438 0 0.000424048 0 0.00296938 0 0.00210794 0 -5.12998e-05 0 -0.00203564 0 
0 0 0 0 0 0 0 0 0 0 0 0 0 0 0 0 0 0 0 0 0 0 0 0 0 0 0 0 0 0 0 0 0 0 0 0 0 0 0 0 0 0 0 0 0 0 0 0 0 0 0 0 0 0 0 0 0 0 0 0 0 0 0 0 0 0 0 0 0 0 0 0 0 0 0 0 0 0 0 0 0 0 0 0 0 0 0 0 0 0 0 0 0.0344569 0 0.201562 0 0.166959 0 0.201562 0 0.0344568 0 -0.0460995 0 0.209401 0 0.0332692 0 -0.0423656 0 0.0344322 0 -0.0162091 0 -0.00226398 0 0.00924817 0 -0.0138445 0 0.000397449 0 -0.000711517 0 -0.00180438 0 0.0040594 0 0.00038959 0 0.000473473 0 0.000303339 0 -0.000950039 0 0.0344321 0 -0.0423656 0 0.0332692 0 -0.0162091 0 -0.0114497 0 0.00505552 0 0.00253648 0 -0.000941713 0 -0.000293142 0 -0.0138445 0 0.00924817 0 -0.00226401 0 0.000397449 0 0.00253652 0 -0.000941714 0 -0.00102236 0 0.00405943 0 -0.00180438 0 -0.000711517 0 0.000389589 0 -0.000293172 0 -0.000950072 0 0.000303339 0 0.000473506 0 
0 0 0 0 0 0 0 0 0 0 0 0 0 0 0 0 0 0 0 0 0 0 0 0 0 0 0 0 0 0 0 0 0 0 0 0 0 0 0 0 0 0 0 0 0 0 0 0 0 0 0 0 0 0 0 0 0 0 0 0 0 0 0 0 0 0 0 0 0 0 0 0 0 0 0 0 0 0 0 0 0 0 0 0 0 0 0 0 0 0 0 0 -0.0475708 0 -0.0245194 0 0.201562 0 0.817524 0 0.223204 0 -0.0388567 0 -0.0282793 0 -0.0444864 0 -0.0328058 0 0.221716 0 0.010789 0 0.011938 0 0.00304988 0 -0.0212877 0 -0.00254162 0 -0.00180438 0 -0.0002191 0 0.000421994 0 0.000424047 0 -0.00203564 0 -5.12998e-05 0 0.00210794 0 -0.0145936 0 0.008776 0 -0.0125068 0 0.0021537 0 0.00802607 0 -0.0018707 0 -0.00534853 0 0.000910243 0 0.00296938 0 0.00495773 0 -0.00186665 0 -0.00186972 0 0.000308974 0 0.00108415 0 0.00012599 0 0.000728412 0 0.000769741 0 0.000424047 0 0.00038959 0 -0.000241963 0 -0.00202246 0 -0.00202998 0 -4.10742e-05 0 0.00211688 0 
0 0 0 0 0 0 0 0 0 0 0 0 0 0 0 0 0 0 0 0 0 0 0 0 0 0 0 0 0 0 0 0 0 0 0 0 0 0 0 0 0 0 0 0 0 0 0 0 0 0 0 0 0 0 0 0 0 0 0 0 0 0 0 0 0 0 0 0 0 0 0 0 0 0 0 0 0 0 0 0 0 0 0 0 0 0 0 0 0 0 0 0 -0.0168393 0 -0.0475708 0 0.0344568 0 0.223204 0 0.192547 0 0.233839 0 -0.0150117 0 0.0442886 0 -0.0257573 0 -0.000582268 0 0.00672961 0 -0.0546777 0 0.0047716 0 -0.0091058 0 -0.00172124 0 -0.000950075 0 0.00210793 0 0.0549698 0 -0.00202998 0 0.0595367 0 -2.16532e-05 0 -0.0595055 0 0.036705 0 0.0132406 0 -0.0600833 0 -0.000463658 0 0.0026124 0 -0.00091813 0 0.0576767 0 -0.00167932 0 -0.0531811 0 0.00451998 0 -0.00405803 0 0.057869 0 0.000682576 0 -0.0591471 0 0.00215371 0 0.000264386 0 -0.0546009 0 -0.00203565 0 0.000473471 0 0.00211689 0 0.053517 0 0.0595367 0 -1.59867e-05 0 -0.0595111 0 
0 0 0 0 0 0 0 0 0 0 0 0 0 0 0 0 0 0 0 0 0 0 0 0 0 0 0 0 0 0 0 0 0 0 0 0 0 0 0 0 0 0 0 0 0 0 0 0 0 0 0 0 0 0 0 0 0 0 0 0 0 0 0 0 0 0 0 0 0 0 0 0 0 0 0 0 0 0 0 0 0 0 0 0 0 0 0 0 0 0 0 0 0.233839 0 -0.0388567 0 -0.0460995 0 -0.0388567 0 0.233839 0 0.865896 0 0.0113201 0 0.0103728 0 0.00463389 0 -0.024199 0 -0.00283914 0 -0.00206639 0 -0.000234914 0 0.0029235 0 0.000506141 0 0.000303339 0 -5.12999e-05 0 -0.000225362 0 -4.10741e-05 0 -1.59898e-05 0 2.21409e-05 0 -2.16499e-05 0 -0.024199 0 0.00463389 0 0.0103728 0 -0.00283914 0 -0.0033137 0 0.00086713 0 0.00093316 0 -0.000242889 0 -0.000213225 0 0.0029235 0 -0.000234914 0 -0.00206639 0 0.000506141 0 0.000933165 0 -0.000242889 0 -0.000330139 0 -0.000225357 0 -5.12997e-05 0 0.000303339 0 -4.10743e-05 0 -0.00021323 0 -2.16558e-05 0 2.21409e-05 0 -1.59839e-05 0 
0 0 0 0 0 0 0 0 0 0 0 0 0 0 0 0 0 0 0 0 0 0 0 0 0 0 0 0 0 0 0 0 0 0 0 0 0 0 0 0 0 0 0 0 0 0 0 0 0 0 0 0 0 0 0 0 0 0 0 0 0 0 0 0 0 0 0 0 0 0 0 0 0 0 0 0 0 0 0 0 0 0 0 0 0 0 0 0 0 0 0 0 -0.0150117 0 -0.0282793 0 0.209401 0 -0.0282793 0 -0.0150117 0 0.0113201 0 0.818296 0 0.212745 0 -0.0317044 0 -0.0469571 0 -0.0336935 0 -0.016967 0 0.0106908 0 -0.0148744 0 0.00279625 0 0.000397449 0 -0.00254162 0 0.00636629 0 0.000308974 0 0.000682574 0 0.000506141 0 -0.00172124 0 -0.0469571 0 -0.0317044 0 0.212745 0 -0.0336935 0 -0.042344 0 0.00993592 0 0.00915114 0 -0.00225126 0 -0.0015073 0 -0.0148744 0 0.0106907 0 -0.016967 0 0.00279625 0 0.00915115 0 -0.00225126 0 -0.00319898 0 0.0063663 0 -0.00254162 0 0.000397449 0 0.000308973 0 -0.0015073 0 -0.00172124 0 0.000506141 0 0.00068258 0 
0 0 0 0 0 0 0 0 0 0 0 0 0 0 0 0 0 0 0 0 0 0 0 0 0 0 0 0 0 0 0 0 0 0 0 0 0 0 0 0 0 0 0 0 0 0 0 0 0 0 0 0 0 0 0 0 0 0 0 0 0 0 0 0 0 0 0 0 0 0 0 0 0 0 0 0 0 0 0 0 0 0 0 0 0 0 0 0 0 0 0 0 -0.0600833 0 -0.0125068 0 0.0332692 0 -0.0444864 0 0.0442886 0 0.0103728 0 0.212745 0 0.240523 0 0.204164 0 -0.0177119 0 0.215096 0 -0.0242827 0 -0.0405181 0 0.0340888 0 -0.016967 0 -0.00226401 0 0.011938 0 0.0386822 0 -0.00186972 0 0.057869 0 -0.00206639 0 -0.0546778 0 0.0404297 0 -0.0129195 0 -0.026074 0 -0.0442407 0 0.0323884 0 -0.0147274 0 0.0466296 0 0.00308556 0 -0.0503798 0 -0.00167998 0 0.00648078 0 0.0466296 0 0.00915115 0 -0.0604153 0 0.00215655 0 0.00251581 0 -0.0504731 0 -0.00534853 0 0.00253648 0 0.00108415 0 0.0524907 0 0.0576767 0 0.000933163 0 -0.0591471 0 
0 0 0 0 0 0 0 0 0 0 0 0 0 0 0 0 0 0 0 0 0 0 0 0 0 0 0 0 0 0 0 0 0 0 0 0 0 0 0 0 0 0 0 0 0 0 0 0 0 0 0 0 0 0 0 0 0 0 0 0 0 0 0 0 0 0 0 0 0 0 0 0 0 0 0 0 0 0 0 0 0 0 0 0 0 0 0 0 0 0 0 0 0.0132406 0 0.008776 0 -0.0423656 0 -0.0328058 0 -0.0257573 0 0.00463389 0 -0.0317044 0 0.204164 0 0.818852 0 0.225282 0 -0.032343 0 -0.0405181 0 -0.0286728 0 0.214862 0 0.0106907 0 0.00924817 0 0.00304988 0 -0.0230606 0 -0.00186665 0 -0.00405803 0 -0.000234914 0 0.0047716 0 0.00665669 0 0.00222689 0 -0.0129195 0 0.0106459 0 -0.0144107 0 0.00169493 0 0.00648079 0 -0.00210406 0 -0.00126312 0 1.33301e-05 0 -0.00210406 0 0.00308557 0 -0.00225126 0 0.00215656 0 0.000406778 0 -0.00118225 0 0.000936515 0 0.000910243 0 -0.000941712 0 0.00012599 0 -0.00142658 0 -0.00167932 0 -0.000242889 0 0.00215372 0 
0 0 0 0 0 0 0 0 0 0 0 0 0 0 0 0 0 0 0 0 0 0 0 0 0 0 0 0 0 0 0 0 0 0 0 0 0 0 0 0 0 0 0 0 0 0 0 0 0 0 0 0 0 0 0 0 0 0 0 0 0 0 0 0 0 0 0 0 0 0 0 0 0 0 0 0 0 0 0 0 0 0 0 0 0 0 0 0 0 0 0 0 0.036705 0 -0.0145936 0 0.0344322 0 0.221716 0 -0.000582268 0 -0.024199 0 -0.0469571 0 -0.0177119 0 0.225282 0 0.175348 0 -0.0165237 0 0.0386822 0 -0.0230606 0 0.0519926 0 0.00636629 0 0.00405944 0 0.000421996 0 -0.0572938 0 0.000769742 0 -0.0546009 0 -0.000225359 0 0.0549697 0 -0.0489992 0 0.00665669 0 0.0404297 0 0.0100267 0 -0.00190093 0 -0.000118939 0 -0.0504731 0 0.000936516 0 0.0471007 0 0.00254025 0 -0.00126312 0 -0.0503798 0 -0.0015073 0 0.0524906 0 -0.00142657 0 -0.000217728 0 0.0471008 0 0.00296938 0 -0.000293139 0 -0.00202245 0 -0.04809 0 -0.0531811 0 -0.000213228 0 0.053517 0 
0 0 0 0 0 0 0 0 0 0 0 0 0 0 0 0 0 0 0 0 0 0 0 0 0 0 0 0 0 0 0 0 0 0 0 0 0 0 0 0 0 0 0 0 0 0 0 0 0 0 0 0 0 0 0 0 0 0 0 0 0 0 0 0 0 0 0 0 0 0 0 0 0 0 0 0 0 0 0 0 0 0 0 0 0 0 0 0 0 0 0 0 -0.000463656 0 0.0021537 0 -0.0162091 0 0.010789 0 0.00672961 0 -0.00283914 0 -0.0336935 0 0.215096 0 -0.032343 0 -0.0165237 0 0.817689 0 0.215096 0 -0.032343 0 -0.046098 0 -0.0336935 0 -0.0162091 0 0.010789 0 -0.0165237 0 0.0021537 0 -0.000463659 0 -0.00283914 0 0.00672961 0 0.0100267 0 0.0106459 0 -0.0442407 0 -0.0274696 0 0.205059 0 -0.0274696 0 -0.0442407 0 0.0106459 0 0.0100267 0 0.00890325 0 0.00169493 0 -0.0147274 0 0.00993592 0 -0.0147274 0 0.00169493 0 0.00890325 0 -0.00011894 0 -0.0018707 0 0.00505552 0 -0.0018707 0 -0.000118942 0 -0.000918129 0 0.00086713 0 -0.000918127 0 
0 0 0 0 0 0 0 0 0 0 0 0 0 0 0 0 0 0 0 0 0 0 0 0 0 0 0 0 0 0 0 0 0 0 0 0 0 0 0 0 0 0 0 0 0 0 0 0 0 0 0 0 0 0 0 0 0 0 0 0 0 0 0 0 0 0 0 0 0 0 0 0 0 0 0 0 0 0 0 0 0 0 0 0 0 0 0 0 0 0 0 0 0.057869 0 -0.00186972 0 -0.00226398 0 0.011938 0 -0.0546777 0 -0.00206639 0 -0.016967 0 -0.0242827 0 -0.0405181 0 0.0386822 0 0.215096 0 0.240523 0 0.204164 0 0.0340888 0 0.212745 0 0.0332692 0 -0.0444864 0 -0.0177119 0 -0.0125068 0 -0.0600833 0 0.0103728 0 0.0442886 0 -0.0503798 0 0.00308557 0 0.0466296 0 -0.0147274 0 0.0323885 0 -0.0442407 0 -0.026074 0 -0.0129195 0 0.0404297 0 0.00251586 0 0.00215656 0 -0.0604153 0 0.00915115 0 0.0466296 0 0.00648079 0 -0.00167993 0 0.0524906 0 0.00108415 0 0.00253652 0 -0.00534853 0 -0.0504731 0 -0.0591471 0 0.000933162 0 0.0576767 0 
0 0 0 0 0 0 0 0 0 0 0 0 0 0 0 0 0 0 0 0 0 0 0 0 0 0 0 0 0 0 0 0 0 0 0 0 0 0 0 0 0 0 0 0 0 0 0 0 0 0 0 0 0 0 0 0 0 0 0 0 0 0 0 0 0 0 0 0 0 0 0 0 0 0 0 0 0 0 0 0 0 0 0 0 0 0 0 0 0 0 0 0 -0.00405802 0 -0.00186666 0 0.00924817 0 0.00304988 0 0.0047716 0 -0.000234914 0 0.0106908 0 -0.0405181 0 -0.0286728 0 -0.0230606 0 -0.032343 0 0.204164 0 0.818852 0 0.214862 0 -0.0317044 0 -0.0423656 0 -0.0328058 0 0.225282 0 0.00877601 0 0.0132406 0 0.00463389 0 -0.0257573 0 -0.00126313 0 -0.00210407 0 0.00648079 0 0.00169493 0 -0.0144107 0 0.0106459 0 -0.0129195 0 0.00222689 0 0.00665669 0 -0.00118225 0 0.000406778 0 0.00215655 0 -0.00225126 0 0.00308557 0 -0.00210407 0 1.33285e-05 0 -0.00142657 0 0.00012599 0 -0.000941714 0 0.000910243 0 0.000936512 0 0.00215371 0 -0.000242889 0 -0.00167931 0 
0 0 0 0 0 0 0 0 0 0 0 0 0 0 0 0 0 0 0 0 0 0 0 0 0 0 0 0 0 0 0 0 0 0 0 0 0 0 0 0 0 0 0 0 0 0 0 0 0 0 0 0 0 0 0 0 0 0 0 0 0 0 0 0 0 0 0 0 0 0 0 0 0 0 0 0 0 0 0 0 0 0 0 0 0 0 0 0 0 0 0 0 0.00452002 0 0.00495773 0 -0.0138445 0 -0.0212877 0 -0.0091058 0 0.0029235 0 -0.0148744 0 0.0340888 0 0.214862 0 0.0519926 0 -0.046098 0 0.0340888 0 0.214862 0 0.118606 0 -0.0148744 0 -0.0138445 0 -0.0212877 0 0.0519926 0 0.00495773 0 0.00451998 0 0.0029235 0 -0.00910576 0 0.00254022 0 1.3329e-05 0 -0.00167994 0 0.00890325 0 -0.0118645 0 0.00890325 0 -0.00167998 0 1.33301e-05 0 0.00254025 0 -0.000773768 0 -0.00118225 0 0.00251582 0 -0.00319898 0 0.00251586 0 -0.00118225 0 -0.000773768 0 -0.00021774 0 0.000728411 0 -0.00102236 0 0.00072841 0 -0.000217772 0 0.000264399 0 -0.000330139 0 0.000264435 0 
0 0 0 0 0 0 0 0 0 0 0 0 0 0 0 0 0 0 0 0 0 0 0 0 0 0 0 0 0 0 0 0 0 0 0 0 0 0 0 0 0 0 0 0 0 0 0 0 0 0 0 0 0 0 0 0 0 0 0 0 0 0 0 0 0 0 0 0 0 0 0 0 0 0 0 0 0 0 0 0 0 0 0 0 0 0 0 0 0 0 0 0 0.000682578 0 0.000308973 0 0.000397449 0 -0.00254162 0 -0.00172124 0 0.000506141 0 0.00279625 0 -0.016967 0 0.0106907 0 0.00636629 0 -0.0336935 0 0.212745 0 -0.0317044 0 -0.0148744 0 0.818296 0 0.209401 0 -0.0282793 0 -0.0469571 0 -0.0282793 0 -0.0150117 0 0.0113201 0 -0.0150117 0 -0.0015073 0 -0.00225126 0 0.00915115 0 0.00993592 0 -0.042344 0 -0.0336935 0 0.212745 0 -0.0317044 0 -0.0469571 0 -0.00319898 0 -0.00225126 0 0.00915115 0 0.00279625 0 -0.016967 0 0.0106908 0 -0.0148744 0 -0.0015073 0 0.000308974 0 0.000397449 0 -0.00254162 0 0.00636629 0 0.000682576 0 0.000506141 0 -0.00172124 0 
0 0 0 0 0 0 0 0 0 0 0 0 0 0 0 0 0 0 0 0 0 0 0 0 0 0 0 0 0 0 0 0 0 0 0 0 0 0 0 0 0 0 0 0 0 0 0 0 0 0 0 0 0 0 0 0 0 0 0 0 0 0 0 0 0 0 0 0 0 0 0 0 0 0 0 0 0 0 0 0 0 0 0 0 0 0 0 0 0 0 0 0 0.000473509 0 0.000389588 0 -0.000711517 0 -0.00180438 0 -0.000950075 0 0.000303339 0 0.000397449 0 -0.00226401 0 0.00924817 0 0.00405944 0 -0.0162091 0 0.0332692 0 -0.0423656 0 -0.0138445 0 0.209401 0 0.166959 0 0.201562 0 0.0344321 0 0.201562 0 0.0344568 0 -0.0460995 0 0.0344569 0 -0.000293174 0 -0.000941714 0 0.00253652 0 0.00505552 0 -0.0114497 0 -0.0162091 0 0.0332692 0 -0.0423656 0 0.0344322 0 -0.00102236 0 -0.000941712 0 0.00253648 0 0.00039745 0 -0.00226397 0 0.00924817 0 -0.0138445 0 -0.000293139 0 0.00038959 0 -0.000711517 0 -0.00180438 0 0.0040594 0 0.00047347 0 0.000303339 0 -0.000950036 0 
0 0 0 0 0 0 0 0 0 0 0 0 0 0 0 0 0 0 0 0 0 0 0 0 0 0 0 0 0 0 0 0 0 0 0 0 0 0 0 0 0 0 0 0 0 0 0 0 0 0 0 0 0 0 0 0 0 0 0 0 0 0 0 0 0 0 0 0 0 0 0 0 0 0 0 0 0 0 0 0 0 0 0 0 0 0 0 0 0 0 0 0 -0.00203564 0 0.000424047 0 -0.00180438 0 -0.0002191 0 0.00210793 0 -5.12999e-05 0 -0.00254162 0 0.011938 0 0.00304988 0 0.000421996 0 0.010789 0 -0.0444864 0 -0.0328058 0 -0.0212877 0 -0.0282793 0 0.201562 0 0.817524 0 0.221716 0 -0.0245194 0 -0.0475708 0 -0.0388567 0 0.223204 0 0.00296938 0 0.000910243 0 -0.00534853 0 -0.0018707 0 0.00802606 0 0.0021537 0 -0.0125068 0 0.008776 0 -0.0145936 0 0.00072841 0 0.00012599 0 0.00108415 0 0.000308973 0 -0.00186972 0 -0.00186666 0 0.00495773 0 -0.00202245 0 -0.000241963 0 0.000389588 0 0.000424047 0 0.000769742 0 0.00211688 0 -4.10742e-05 0 -0.00202998 0 
0 0 0 0 0 0 0 0 0 0 0 0 0 0 0 0 0 0 0 0 0 0 0 0 0 0 0 0 0 0 0 0 0 0 0 0 0 0 0 0 0 0 0 0 0 0 0 0 0 0 0 0 0 0 0 0 0 0 0 0 0 0 0 0 0 0 0 0 0 0 0 0 0 0 0 0 0 0 0 0 0 0 0 0 0 0 0 0 0 0 0 0 -0.0546009 0 0.000769742 0 0.0040594 0 0.000421994 0 0.0549698 0 -0.000225362 0 0.00636629 0 0.0386822 0 -0.0230606 0 -0.0572938 0 -0.0165237 0 -0.0177119 0 0.225282 0 0.0519926 0 -0.0469571 0 0.0344321 0 0.221716 0 0.175348 0 -0.0145936 0 0.036705 0 -0.024199 0 -0.00058228 0 0.0471008 0 0.000936512 0 -0.0504731 0 -0.000118942 0 -0.00190096 0 0.0100267 0 0.0404297 0 0.00665669 0 -0.0489992 0 -0.000217772 0 -0.00142658 0 0.0524907 0 -0.0015073 0 -0.0503798 0 -0.00126313 0 0.0025402 0 -0.04809 0 -0.00202246 0 -0.000293174 0 0.00296938 0 0.0471008 0 0.053517 0 -0.000213228 0 -0.0531811 0 
0 0 0 0 0 0 0 0 0 0 0 0 0 0 0 0 0 0 0 0 0 0 0 0 0 0 0 0 0 0 0 0 0 0 0 0 0 0 0 0 0 0 0 0 0 0 0 0 0 0 0 0 0 0 0 0 0 0 0 0 0 0 0 0 0 0 0 0 0 0 0 0 0 0 0 0 0 0 0 0 0 0 0 0 0 0 0 0 0 0 0 0 0.00211689 0 -0.000241963 0 0.00038959 0 0.000424047 0 -0.00202998 0 -4.10741e-05 0 0.000308974 0 -0.00186972 0 -0.00186665 0 0.000769742 0 0.0021537 0 -0.0125068 0 0.00877601 0 0.00495773 0 -0.0282793 0 0.201562 0 -0.0245194 0 -0.0145936 0 0.817524 0 0.223204 0 -0.0388567 0 -0.0475708 0 -0.00202246 0 0.00012599 0 0.00108415 0 -0.0018707 0 0.00802607 0 0.010789 0 -0.0444864 0 -0.0328058 0 0.221716 0 0.000728411 0 0.000910243 0 -0.00534853 0 -0.00254162 0 0.011938 0 0.00304988 0 -0.0212877 0 0.00296938 0 0.000424048 0 -0.00180438 0 -0.0002191 0 0.000421992 0 -0.00203564 0 -5.12998e-05 0 0.00210794 0 
0 0 0 0 0 0 0 0 0 0 0 0 0 0 0 0 0 0 0 0 0 0 0 0 0 0 0 0 0 0 0 0 0 0 0 0 0 0 0 0 0 0 0 0 0 0 0 0 0 0 0 0 0 0 0 0 0 0 0 0 0 0 0 0 0 0 0 0 0 0 0 0 0 0 0 0 0 0 0 0 0 0 0 0 0 0 0 0 0 0 0 0 -0.0595111 0 0.00211689 0 0.000473473 0 -0.00203564 0 0.0595367 0 -1.59898e-05 0 0.000682574 0 0.057869 0 -0.00405803 0 -0.0546009 0 -0.000463659 0 -0.0600833 0 0.0132406 0 0.00451998 0 -0.0150117 0 0.0344568 0 -0.0475708 0 0.036705 0 0.223204 0 0.192547 0 0.233839 0 -0.0168393 0 0.053517 0 0.00215371 0 -0.0591471 0 -0.000918129 0 0.0026124 0 0.0067296 0 0.0442886 0 -0.0257573 0 -0.000582242 0 0.000264399 0 -0.00167932 0 0.0576767 0 -0.00172124 0 -0.0546777 0 0.00477159 0 -0.00910581 0 -0.0531811 0 -0.00202998 0 -0.000950075 0 0.00210794 0 0.0549698 0 0.0595367 0 -2.16526e-05 0 -0.0595055 0 
0 0 0 0 0 0 0 0 0 0 0 0 0 0 0 0 0 0 0 0 0 0 0 0 0 0 0 0 0 0 0 0 0 0 0 0 0 0 0 0 0 0 0 0 0 0 0 0 0 0 0 0 0 0 0 0 0 0 0 0 0 0 0 0 0 0 0 0 0 0 0 0 0 0 0 0 0 0 0 0 0 0 0 0 0 0 0 0 0 0 0 0 -1.59865e-05 0 -4.10743e-05 0 0.000303339 0 -5.12998e-05 0 -2.16532e-05 0 2.21409e-05 0 0.000506141 0 -0.00206639 0 -0.000234914 0 -0.000225359 0 -0.00283914 0 0.0103728 0 0.00463389 0 0.0029235 0 0.0113201 0 -0.0460995 0 -0.0388567 0 -0.024199 0 -0.0388567 0 0.233839 0 0.865896 0 0.233839 0 -0.000213228 0 -0.000242889 0 0.000933163 0 0.00086713 0 -0.0033137 0 -0.00283914 0 0.0103728 0 0.00463389 0 -0.024199 0 -0.000330139 0 -0.000242889 0 0.000933162 0 0.000506141 0 -0.00206639 0 -0.000234913 0 0.0029235 0 -0.000213227 0 -4.10742e-05 0 0.000303339 0 -5.12998e-05 0 -0.00022536 0 -1.59872e-05 0 2.21409e-05 0 -2.16525e-05 0 
0 0 0 0 0 0 0 0 0 0 0 0 0 0 0 0 0 0 0 0 0 0 0 0 0 0 0 0 0 0 0 0 0 0 0 0 0 0 0 0 0 0 0 0 0 0 0 0 0 0 0 0 0 0 0 0 0 0 0 0 0 0 0 0 0 0 0 0 0 0 0 0 0 0 0 0 0 0 0 0 0 0 0 0 0 0 0 0 0 0 0 0 0.0595367 0 -0.00202998 0 -0.000950039 0 0.00210794 0 -0.0595055 0 -2.16499e-05 0 -0.00172124 0 -0.0546778 0 0.0047716 0 0.0549697 0 0.00672961 0 0.0442886 0 -0.0257573 0 -0.00910576 0 -0.0150117 0 0.0344569 0 0.223204 0 -0.00058228 0 -0.0475708 0 -0.0168393 0 0.233839 0 0.192547 0 -0.0531811 0 -0.00167931 0 0.0576767 0 -0.000918127 0 0.00261244 0 -0.000463655 0 -0.0600833 0 0.0132406 0 0.036705 0 0.000264435 0 0.00215372 0 -0.0591471 0 0.000682578 0 0.057869 0 -0.00405802 0 0.00452003 0 0.053517 0 0.00211689 0 0.000473509 0 -0.00203564 0 -0.0546009 0 -0.0595111 0 -1.59871e-05 0 0.0595367 0 
0 0 0 0 0 0 0 0 0 0 0 0 0 0 0 0 0 0 0 0 0 0 0 0 0 0 0 0 0 0 0 0 0 0 0 0 0 0 0 0 0 0 0 0 0 0 0 0 0 0 0 0 0 0 0 0 0 0 0 0 0 0 0 0 0 0 0 0 0 0 0 0 0 0 0 0 0 0 0 0 0 0 0 0 0 0 0 0 0 0 0 0 -0.000582282 0 0.221716 0 0.0344321 0 -0.0145936 0 0.036705 0 -0.024199 0 -0.0469571 0 0.0404297 0 0.00665669 0 -0.0489992 0 0.0100267 0 -0.0503798 0 -0.00126313 0 0.00254022 0 -0.0015073 0 -0.000293174 0 0.00296938 0 0.0471008 0 -0.00202246 0 0.053517 0 -0.000213228 0 -0.0531811 0 0.175348 0 0.225282 0 -0.0177119 0 -0.0165237 0 -0.00190096 0 -0.000118943 0 0.0524907 0 -0.00142658 0 -0.04809 0 0.0519926 0 -0.0230606 0 0.0386822 0 0.00636629 0 -0.0504731 0 0.00093651 0 -0.000217783 0 -0.0572938 0 0.000421992 0 0.0040594 0 0.000769742 0 0.0471008 0 0.0549698 0 -0.000225359 0 -0.0546009 0 
0 0 0 0 0 0 0 0 0 0 0 0 0 0 0 0 0 0 0 0 0 0 0 0 0 0 0 0 0 0 0 0 0 0 0 0 0 0 0 0 0 0 0 0 0 0 0 0 0 0 0 0 0 0 0 0 0 0 0 0 0 0 0 0 0 0 0 0 0 0 0 0 0 0 0 0 0 0 0 0 0 0 0 0 0 0 0 0 0 0 0 0 -0.0257573 0 -0.0328058 0 -0.0423656 0 0.008776 0 0.0132406 0 0.00463389 0 -0.0317044 0 -0.0129195 0 0.00222689 0 0.00665669 0 0.0106459 0 0.00308557 0 -0.00210407 0 1.3329e-05 0 -0.00225126 0 -0.000941714 0 0.000910243 0 0.000936512 0 0.00012599 0 0.00215371 0 -0.000242889 0 -0.00167931 0 0.225282 0 0.818852 0 0.204164 0 -0.032343 0 -0.0144107 0 0.00169493 0 0.00215655 0 0.000406778 0 -0.00142657 0 0.214862 0 -0.0286728 0 -0.0405181 0 0.0106908 0 0.00648079 0 -0.00210407 0 -0.00118225 0 -0.0230606 0 0.00304988 0 0.00924817 0 -0.00186666 0 -0.00126313 0 0.0047716 0 -0.000234914 0 -0.00405802 0 
0 0 0 0 0 0 0 0 0 0 0 0 0 0 0 0 0 0 0 0 0 0 0 0 0 0 0 0 0 0 0 0 0 0 0 0 0 0 0 0 0 0 0 0 0 0 0 0 0 0 0 0 0 0 0 0 0 0 0 0 0 0 0 0 0 0 0 0 0 0 0 0 0 0 0 0 0 0 0 0 0 0 0 0 0 0 0 0 0 0 0 0 0.0442886 0 -0.0444864 0 0.0332692 0 -0.0125068 0 -0.0600833 0 0.0103728 0 0.212745 0 -0.026074 0 -0.0129195 0 0.0404297 0 -0.0442407 0 0.0466296 0 0.00648079 0 -0.00167994 0 0.00915115 0 0.00253652 0 -0.00534853 0 -0.0504731 0 0.00108415 0 -0.0591471 0 0.000933163 0 0.0576767 0 -0.0177119 0 0.204164 0 0.240523 0 0.215096 0 0.0323885 0 -0.0147274 0 -0.0604153 0 0.00215656 0 0.0524906 0 0.0340888 0 -0.0405181 0 -0.0242827 0 -0.016967 0 0.0466296 0 0.00308557 0 0.00251587 0 0.0386822 0 0.011938 0 -0.00226397 0 -0.00186972 0 -0.0503799 0 -0.0546777 0 -0.00206639 0 0.057869 0 
0 0 0 0 0 0 0 0 0 0 0 0 0 0 0 0 0 0 0 0 0 0 0 0 0 0 0 0 0 0 0 0 0 0 0 0 0 0 0 0 0 0 0 0 0 0 0 0 0 0 0 0 0 0 0 0 0 0 0 0 0 0 0 0 0 0 0 0 0 0 0 0 0 0 0 0 0 0 0 0 0 0 0 0 0 0 0 0 0 0 0 0 0.00672961 0 0.010789 0 -0.0162091 0 0.0021537 0 -0.000463658 0 -0.00283914 0 -0.0336935 0 -0.0442407 0 0.0106459 0 0.0100267 0 -0.0274696 0 -0.0147274 0 0.00169493 0 0.00890325 0 0.00993592 0 0.00505552 0 -0.0018707 0 -0.000118942 0 -0.0018707 0 -0.000918129 0 0.00086713 0 -0.000918127 0 -0.0165237 0 -0.032343 0 0.215096 0 0.817689 0 0.205059 0 -0.0274696 0 -0.0147274 0 0.00169493 0 -0.00011894 0 -0.046098 0 -0.032343 0 0.215096 0 -0.0336935 0 -0.0442407 0 0.0106459 0 0.00890325 0 -0.0165237 0 0.010789 0 -0.0162091 0 0.0021537 0 0.0100267 0 0.00672961 0 -0.00283914 0 -0.000463657 0 
0 0 0 0 0 0 0 0 0 0 0 0 0 0 0 0 0 0 0 0 0 0 0 0 0 0 0 0 0 0 0 0 0 0 0 0 0 0 0 0 0 0 0 0 0 0 0 0 0 0 0 0 0 0 0 0 0 0 0 0 0 0 0 0 0 0 0 0 0 0 0 0 0 0 0 0 0 0 0 0 0 0 0 0 0 0 0 0 0 0 0 0 0.00261244 0 0.00802606 0 -0.0114497 0 0.00802607 0 0.0026124 0 -0.0033137 0 -0.042344 0 0.0323884 0 -0.0144107 0 -0.00190093 0 0.205059 0 0.0323885 0 -0.0144107 0 -0.0118645 0 -0.042344 0 -0.0114497 0 0.00802606 0 -0.00190096 0 0.00802607 0 0.0026124 0 -0.0033137 0 0.00261244 0 -0.00190096 0 -0.0144107 0 0.0323885 0 0.205059 0 0.168887 0 0.205059 0 0.0323884 0 -0.0144107 0 -0.00190093 0 -0.0118645 0 -0.0144107 0 0.0323884 0 -0.042344 0 0.0323885 0 -0.0144107 0 -0.0118645 0 -0.00190092 0 0.00802607 0 -0.0114497 0 0.00802607 0 -0.00190096 0 0.0026124 0 -0.0033137 0 0.00261244 0 
0 0 0 0 0 0 0 0 0 0 0 0 0 0 0 0 0 0 0 0 0 0 0 0 0 0 0 0 0 0 0 0 0 0 0 0 0 0 0 0 0 0 0 0 0 0 0 0 0 0 0 0 0 0 0 0 0 0 0 0 0 0 0 0 0 0 0 0 0 0 0 0 0 0 0 0 0 0 0 0 0 0 0 0 0 0 0 0 0 0 0 0 -0.000918126 0 -0.0018707 0 0.00505552 0 -0.0018707 0 -0.00091813 0 0.00086713 0 0.00993592 0 -0.0147274 0 0.00169493 0 -0.000118939 0 -0.0274696 0 -0.0442407 0 0.0106459 0 0.00890325 0 -0.0336935 0 -0.0162091 0 0.0021537 0 0.0100267 0 0.010789 0 0.0067296 0 -0.00283914 0 -0.000463655 0 -0.000118943 0 0.00169493 0 -0.0147274 0 -0.0274696 0 0.205059 0 0.817689 0 0.215096 0 -0.032343 0 -0.0165237 0 0.00890325 0 0.0106459 0 -0.0442407 0 -0.0336935 0 0.215096 0 -0.032343 0 -0.046098 0 0.0100267 0 0.0021537 0 -0.0162091 0 0.010789 0 -0.0165237 0 -0.00046366 0 -0.00283914 0 0.00672961 0 
0 0 0 0 0 0 0 0 0 0 0 0 0 0 0 0 0 0 0 0 0 0 0 0 0 0 0 0 0 0 0 0 0 0 0 0 0 0 0 0 0 0 0 0 0 0 0 0 0 0 0 0 0 0 0 0 0 0 0 0 0 0 0 0 0 0 0 0 0 0 0 0 0 0 0 0 0 0 0 0 0 0 0 0 0 0 0 0 0 0 0 0 -0.0591471 0 0.00108415 0 0.00253648 0 -0.00534853 0 0.0576767 0 0.00093316 0 0.00915114 0 0.0466296 0 0.00648079 0 -0.0504731 0 -0.0442407 0 -0.026074 0 -0.0129195 0 -0.00167998 0 0.212745 0 0.0332692 0 -0.0125068 0 0.0404297 0 -0.0444864 0 0.0442886 0 0.0103728 0 -0.0600833 0 0.0524907 0 0.00215655 0 -0.0604153 0 -0.0147274 0 0.0323884 0 0.215096 0 0.240523 0 0.204164 0 -0.0177119 0 0.00251582 0 0.00308557 0 0.0466296 0 -0.016967 0 -0.0242827 0 -0.0405181 0 0.0340888 0 -0.0503798 0 -0.00186972 0 -0.00226401 0 0.011938 0 0.0386822 0 0.057869 0 -0.00206639 0 -0.0546778 0 
0 0 0 0 0 0 0 0 0 0 0 0 0 0 0 0 0 0 0 0 0 0 0 0 0 0 0 0 0 0 0 0 0 0 0 0 0 0 0 0 0 0 0 0 0 0 0 0 0 0 0 0 0 0 0 0 0 0 0 0 0 0 0 0 0 0 0 0 0 0 0 0 0 0 0 0 0 0 0 0 0 0 0 0 0 0 0 0 0 0 0 0 0.00215372 0 0.00012599 0 -0.000941713 0 0.000910243 0 -0.00167932 0 -0.000242889 0 -0.00225126 0 0.00308556 0 -0.00210406 0 0.000936516 0 0.0106459 0 -0.0129195 0 0.00222689 0 1.33301e-05 0 -0.0317044 0 -0.0423656 0 0.008776 0 0.00665669 0 -0.0328058 0 -0.0257573 0 0.00463389 0 0.0132406 0 -0.00142658 0 0.000406778 0 0.00215656 0 0.00169493 0 -0.0144107 0 -0.032343 0 0.204164 0 0.818852 0 0.225282 0 -0.00118225 0 -0.00210406 0 0.00648078 0 0.0106907 0 -0.0405181 0 -0.0286728 0 0.214862 0 -0.00126312 0 -0.00186665 0 0.00924817 0 0.00304988 0 -0.0230606 0 -0.00405803 0 -0.000234914 0 0.0047716 0 
0 0 0 0 0 0 0 0 0 0 0 0 0 0 0 0 0 0 0 0 0 0 0 0 0 0 0 0 0 0 0 0 0 0 0 0 0 0 0 0 0 0 0 0 0 0 0 0 0 0 0 0 0 0 0 0 0 0 0 0 0 0 0 0 0 0 0 0 0 0 0 0 0 0 0 0 0 0 0 0 0 0 0 0 0 0 0 0 0 0 0 0 0.053517 0 -0.00202245 0 -0.000293142 0 0.00296938 0 -0.0531811 0 -0.000213225 0 -0.0015073 0 -0.0503798 0 -0.00126312 0 0.0471007 0 0.0100267 0 0.0404297 0 0.00665669 0 0.00254025 0 -0.0469571 0 0.0344322 0 -0.0145936 0 -0.0489992 0 0.221716 0 -0.000582242 0 -0.024199 0 0.036705 0 -0.04809 0 -0.00142657 0 0.0524906 0 -0.00011894 0 -0.00190093 0 -0.0165237 0 -0.0177119 0 0.225282 0 0.175348 0 -0.00021774 0 0.000936514 0 -0.050473 0 0.00636629 0 0.0386822 0 -0.0230606 0 0.0519926 0 0.0471007 0 0.000769742 0 0.00405943 0 0.000421995 0 -0.0572938 0 -0.0546009 0 -0.00022536 0 0.0549697 0 
0 0 0 0 0 0 0 0 0 0 0 0 0 0 0 0 0 0 0 0 0 0 0 0 0 0 0 0 0 0 0 0 0 0 0 0 0 0 0 0 0 0 0 0 0 0 0 0 0 0 0 0 0 0 0 0 0 0 0 0 0 0 0 0 0 0 0 0 0 0 0 0 0 0 0 0 0 0 0 0 0 0 0 0 0 0 0 0 0 0 0 0 -0.00910576 0 -0.0212877 0 -0.0138445 0 0.00495773 0 0.00451998 0 0.0029235 0 -0.0148744 0 -0.00167998 0 1.33301e-05 0 0.00254025 0 0.00890325 0 0.00251586 0 -0.00118225 0 -0.000773768 0 -0.00319898 0 -0.00102236 0 0.00072841 0 -0.000217772 0 0.000728411 0 0.000264399 0 -0.000330139 0 0.000264435 0 0.0519926 0 0.214862 0 0.0340888 0 -0.046098 0 -0.0118645 0 0.00890325 0 0.00251582 0 -0.00118225 0 -0.00021774 0 0.118606 0 0.214862 0 0.0340888 0 -0.0148744 0 -0.00167994 0 1.3329e-05 0 -0.000773768 0 0.0519926 0 -0.0212877 0 -0.0138445 0 0.00495773 0 0.00254022 0 -0.0091058 0 0.0029235 0 0.00452002 0 
0 0 0 0 0 0 0 0 0 0 0 0 0 0 0 0 0 0 0 0 0 0 0 0 0 0 0 0 0 0 0 0 0 0 0 0 0 0 0 0 0 0 0 0 0 0 0 0 0 0 0 0 0 0 0 0 0 0 0 0 0 0 0 0 0 0 0 0 0 0 0 0 0 0 0 0 0 0 0 0 0 0 0 0 0 0 0 0 0 0 0 0 0.0047716 0 0.00304988 0 0.00924817 0 -0.00186665 0 -0.00405803 0 -0.000234914 0 0.0106907 0 0.00648078 0 -0.00210406 0 -0.00126312 0 0.00169493 0 0.00215656 0 0.000406778 0 -0.00118225 0 -0.00225126 0 -0.000941712 0 0.00012599 0 -0.00142658 0 0.000910243 0 -0.00167932 0 -0.000242889 0 0.00215372 0 -0.0230606 0 -0.0286728 0 -0.0405181 0 -0.032343 0 -0.0144107 0 0.0106459 0 0.00308557 0 -0.00210406 0 0.000936514 0 0.214862 0 0.818852 0 0.204164 0 -0.0317044 0 -0.0129195 0 0.00222689 0 1.33306e-05 0 0.225282 0 -0.0328058 0 -0.0423656 0 0.008776 0 0.00665669 0 -0.0257573 0 0.00463389 0 0.0132406 0 
0 0 0 0 0 0 0 0 0 0 0 0 0 0 0 0 0 0 0 0 0 0 0 0 0 0 0 0 0 0 0 0 0 0 0 0 0 0 0 0 0 0 0 0 0 0 0 0 0 0 0 0 0 0 0 0 0 0 0 0 0 0 0 0 0 0 0 0 0 0 0 0 0 0 0 0 0 0 0 0 0 0 0 0 0 0 0 0 0 0 0 0 -0.0546778 0 0.011938 0 -0.00226401 0 -0.00186972 0 0.057869 0 -0.00206639 0 -0.016967 0 0.0466296 0 0.00308557 0 -0.0503798 0 -0.0147274 0 -0.0604153 0 0.00215655 0 0.00251582 0 0.00915115 0 0.00253648 0 0.00108415 0 0.0524907 0 -0.00534853 0 0.0576767 0 0.000933162 0 -0.0591471 0 0.0386822 0 -0.0405181 0 -0.0242827 0 0.215096 0 0.0323884 0 -0.0442407 0 0.0466296 0 0.00648078 0 -0.050473 0 0.0340888 0 0.204164 0 0.240523 0 0.212745 0 -0.026074 0 -0.0129195 0 -0.00167999 0 -0.0177119 0 -0.0444864 0 0.0332692 0 -0.0125068 0 0.0404298 0 0.0442886 0 0.0103728 0 -0.0600834 0 
0 0 0 0 0 0 0 0 0 0 0 0 0 0 0 0 0 0 0 0 0 0 0 0 0 0 0 0 0 0 0 0 0 0 0 0 0 0 0 0 0 0 0 0 0 0 0 0 0 0 0 0 0 0 0 0 0 0 0 0 0 0 0 0 0 0 0 0 0 0 0 0 0 0 0 0 0 0 0 0 0 0 0 0 0 0 0 0 0 0 0 0 -0.00172124 0 -0.00254162 0 0.000397449 0 0.000308974 0 0.000682576 0 0.000506141 0 0.00279625 0 0.00915115 0 -0.00225126 0 -0.0015073 0 0.00993592 0 0.00915115 0 -0.00225126 0 -0.00319898 0 0.00279625 0 0.00039745 0 0.000308973 0 -0.0015073 0 -0.00254162 0 -0.00172124 0 0.000506141 0 0.000682578 0 0.00636629 0 0.0106908 0 -0.016967 0 -0.0336935 0 -0.042344 0 -0.0336935 0 -0.016967 0 0.0106907 0 0.00636629 0 -0.0148744 0 -0.0317044 0 0.212745 0 0.818296 0 0.212745 0 -0.0317044 0 -0.0148744 0 -0.0469571 0 -0.0282793 0 0.209401 0 -0.0282793 0 -0.0469571 0 -0.0150117 0 0.0113201 0 -0.0150117 0 
0 0 0 0 0 0 0 0 0 0 0 0 0 0 0 0 0 0 0 0 0 0 0 0 0 0 0 0 0 0 0 0 0 0 0 0 0 0 0 0 0 0 0 0 0 0 0 0 0 0 0 0 0 0 0 0 0 0 0 0 0 0 0 0 0 0 0 0 0 0 0 0 0 0 0 0 0 0 0 0 0 0 0 0 0 0 0 0 0 0 0 0 0.0576767 0 -0.00534853 0 0.00253652 0 0.00108415 0 -0.0591471 0 0.000933165 0 0.00915115 0 -0.0604153 0 0.00215656 0 0.0524906 0 -0.0147274 0 0.0466296 0 0.00308557 0 0.00251586 0 -0.016967 0 -0.00226397 0 -0.00186972 0 -0.0503798 0 0.011938 0 -0.0546777 0 -0.00206639 0 0.057869 0 -0.0504731 0 0.00648079 0 0.0466296 0 -0.0442407 0 0.0323885 0 0.215096 0 -0.0242827 0 -0.0405181 0 0.0386822 0 -0.00167994 0 -0.0129195 0 -0.026074 0 0.212745 0 0.240523 0 0.204164 0 0.0340889 0 0.0404297 0 -0.0125068 0 0.0332692 0 -0.0444864 0 -0.017712 0 -0.0600833 0 0.0103728 0 0.0442886 0 
0 0 0 0 0 0 0 0 0 0 0 0 0 0 0 0 0 0 0 0 0 0 0 0 0 0 0 0 0 0 0 0 0 0 0 0 0 0 0 0 0 0 0 0 0 0 0 0 0 0 0 0 0 0 0 0 0 0 0 0 0 0 0 0 0 0 0 0 0 0 0 0 0 0 0 0 0 0 0 0 0 0 0 0 0 0 0 0 0 0 0 0 -0.00167931 0 0.000910243 0 -0.000941714 0 0.00012599 0 0.00215371 0 -0.000242889 0 -0.00225126 0 0.00215655 0 0.000406778 0 -0.00142657 0 0.00169493 0 0.00648079 0 -0.00210407 0 -0.00118225 0 0.0106908 0 0.00924817 0 -0.00186666 0 -0.00126313 0 0.00304988 0 0.00477159 0 -0.000234913 0 -0.00405802 0 0.00093651 0 -0.00210407 0 0.00308557 0 0.0106459 0 -0.0144107 0 -0.032343 0 -0.0405181 0 -0.0286728 0 -0.0230606 0 1.3329e-05 0 0.00222689 0 -0.0129195 0 -0.0317044 0 0.204164 0 0.818852 0 0.214862 0 0.00665669 0 0.008776 0 -0.0423656 0 -0.0328058 0 0.225282 0 0.0132406 0 0.00463389 0 -0.0257573 0 
0 0 0 0 0 0 0 0 0 0 0 0 0 0 0 0 0 0 0 0 0 0 0 0 0 0 0 0 0 0 0 0 0 0 0 0 0 0 0 0 0 0 0 0 0 0 0 0 0 0 0 0 0 0 0 0 0 0 0 0 0 0 0 0 0 0 0 0 0 0 0 0 0 0 0 0 0 0 0 0 0 0 0 0 0 0 0 0 0 0 0 0 0.000264447 0 0.000728409 0 -0.00102236 0 0.000728412 0 0.000264386 0 -0.000330139 0 -0.00319898 0 0.00251581 0 -0.00118225 0 -0.000217728 0 0.00890325 0 -0.00167993 0 1.33285e-05 0 -0.000773768 0 -0.0148744 0 -0.0138445 0 0.00495773 0 0.0025402 0 -0.0212877 0 -0.00910581 0 0.0029235 0 0.00452003 0 -0.000217783 0 -0.00118225 0 0.00251587 0 0.00890325 0 -0.0118645 0 -0.046098 0 0.0340888 0 0.214862 0 0.0519926 0 -0.000773768 0 1.33306e-05 0 -0.00167999 0 -0.0148744 0 0.0340889 0 0.214862 0 0.118606 0 0.00254026 0 0.00495773 0 -0.0138445 0 -0.0212877 0 0.0519926 0 0.00451997 0 0.0029235 0 -0.00910575 0 
0 0 0 0 0 0 0 0 0 0 0 0 0 0 0 0 0 0 0 0 0 0 0 0 0 0 0 0 0 0 0 0 0 0 0 0 0 0 0 0 0 0 0 0 0 0 0 0 0 0 0 0 0 0 0 0 0 0 0 0 0 0 0 0 0 0 0 0 0 0 0 0 0 0 0 0 0 0 0 0 0 0 0 0 0 0 0 0 0 0 0 0 0.0549697 0 0.000421994 0 0.00405943 0 0.000769741 0 -0.0546009 0 -0.000225357 0 0.0063663 0 -0.0504731 0 0.000936515 0 0.0471008 0 -0.00011894 0 0.0524906 0 -0.00142657 0 -0.00021774 0 -0.0015073 0 -0.000293139 0 -0.00202245 0 -0.04809 0 0.00296938 0 -0.0531811 0 -0.000213227 0 0.053517 0 -0.0572938 0 -0.0230606 0 0.0386822 0 -0.0165237 0 -0.00190092 0 0.0100267 0 -0.0503798 0 -0.00126312 0 0.0471007 0 0.0519926 0 0.225282 0 -0.0177119 0 -0.0469571 0 0.0404297 0 0.00665669 0 0.00254026 0 0.175348 0 0.221716 0 0.0344322 0 -0.0145936 0 -0.0489992 0 -0.000582269 0 -0.024199 0 0.036705 0 
0 0 0 0 0 0 0 0 0 0 0 0 0 0 0 0 0 0 0 0 0 0 0 0 0 0 0 0 0 0 0 0 0 0 0 0 0 0 0 0 0 0 0 0 0 0 0 0 0 0 0 0 0 0 0 0 0 0 0 0 0 0 0 0 0 0 0 0 0 0 0 0 0 0 0 0 0 0 0 0 0 0 0 0 0 0 0 0 0 0 0 0 0.00210794 0 -0.0002191 0 -0.00180438 0 0.000424047 0 -0.00203565 0 -5.12997e-05 0 -0.00254162 0 -0.00534853 0 0.000910243 0 0.00296938 0 -0.0018707 0 0.00108415 0 0.00012599 0 0.000728411 0 0.000308974 0 0.00038959 0 -0.000241963 0 -0.00202246 0 0.000424048 0 -0.00202998 0 -4.10742e-05 0 0.00211689 0 0.000421992 0 0.00304988 0 0.011938 0 0.010789 0 0.00802607 0 0.0021537 0 -0.00186972 0 -0.00186665 0 0.000769742 0 -0.0212877 0 -0.0328058 0 -0.0444864 0 -0.0282793 0 -0.0125068 0 0.008776 0 0.00495773 0 0.221716 0 0.817524 0 0.201562 0 -0.0245194 0 -0.0145936 0 0.223204 0 -0.0388567 0 -0.0475708 0 
0 0 0 0 0 0 0 0 0 0 0 0 0 0 0 0 0 0 0 0 0 0 0 0 0 0 0 0 0 0 0 0 0 0 0 0 0 0 0 0 0 0 0 0 0 0 0 0 0 0 0 0 0 0 0 0 0 0 0 0 0 0 0 0 0 0 0 0 0 0 0 0 0 0 0 0 0 0 0 0 0 0 0 0 0 0 0 0 0 0 0 0 -0.000950036 0 -0.00180438 0 -0.000711517 0 0.00038959 0 0.000473471 0 0.000303339 0 0.000397449 0 0.00253648 0 -0.000941712 0 -0.000293139 0 0.00505552 0 0.00253652 0 -0.000941714 0 -0.00102236 0 0.000397449 0 -0.000711517 0 0.000389588 0 -0.000293174 0 -0.00180438 0 -0.000950075 0 0.000303339 0 0.000473509 0 0.0040594 0 0.00924817 0 -0.00226397 0 -0.0162091 0 -0.0114497 0 -0.0162091 0 -0.00226401 0 0.00924817 0 0.00405943 0 -0.0138445 0 -0.0423656 0 0.0332692 0 0.209401 0 0.0332692 0 -0.0423656 0 -0.0138445 0 0.0344322 0 0.201562 0 0.166959 0 0.201562 0 0.0344321 0 0.0344568 0 -0.0460995 0 0.0344569 0 
0 0 0 0 0 0 0 0 0 0 0 0 0 0 0 0 0 0 0 0 0 0 0 0 0 0 0 0 0 0 0 0 0 0 0 0 0 0 0 0 0 0 0 0 0 0 0 0 0 0 0 0 0 0 0 0 0 0 0 0 0 0 0 0 0 0 0 0 0 0 0 0 0 0 0 0 0 0 0 0 0 0 0 0 0 0 0 0 0 0 0 0 -0.00202998 0 0.000424048 0 0.000389589 0 -0.000241963 0 0.00211689 0 -4.10743e-05 0 0.000308973 0 0.00108415 0 0.00012599 0 -0.00202245 0 -0.0018707 0 -0.00534853 0 0.000910243 0 0.00072841 0 -0.00254162 0 -0.00180438 0 0.000424047 0 0.00296938 0 -0.0002191 0 0.00210794 0 -5.12998e-05 0 -0.00203564 0 0.000769742 0 -0.00186666 0 -0.00186972 0 0.0021537 0 0.00802607 0 0.010789 0 0.011938 0 0.00304988 0 0.000421995 0 0.00495773 0 0.008776 0 -0.0125068 0 -0.0282793 0 -0.0444864 0 -0.0328058 0 -0.0212877 0 -0.0145936 0 -0.0245194 0 0.201562 0 0.817524 0 0.221716 0 -0.0475708 0 -0.0388567 0 0.223204 0 
0 0 0 0 0 0 0 0 0 0 0 0 0 0 0 0 0 0 0 0 0 0 0 0 0 0 0 0 0 0 0 0 0 0 0 0 0 0 0 0 0 0 0 0 0 0 0 0 0 0 0 0 0 0 0 0 0 0 0 0 0 0 0 0 0 0 0 0 0 0 0 0 0 0 0 0 0 0 0 0 0 0 0 0 0 0 0 0 0 0 0 0 -0.0531811 0 0.00296938 0 -0.000293172 0 -0.00202246 0 0.053517 0 -0.00021323 0 -0.0015073 0 0.0524907 0 -0.00142658 0 -0.04809 0 -0.000118942 0 -0.0504731 0 0.000936512 0 -0.000217772 0 0.00636629 0 0.0040594 0 0.000769742 0 0.0471008 0 0.000421992 0 0.0549698 0 -0.00022536 0 -0.0546009 0 0.0471008 0 -0.00126313 0 -0.0503799 0 0.0100267 0 -0.00190096 0 -0.0165237 0 0.0386822 0 -0.0230606 0 -0.0572938 0 0.00254022 0 0.00665669 0 0.0404298 0 -0.0469571 0 -0.017712 0 0.225282 0 0.0519926 0 -0.0489992 0 -0.0145936 0 0.0344321 0 0.221716 0 0.175348 0 0.036705 0 -0.024199 0 -0.000582309 0 
0 0 0 0 0 0 0 0 0 0 0 0 0 0 0 0 0 0 0 0 0 0 0 0 0 0 0 0 0 0 0 0 0 0 0 0 0 0 0 0 0 0 0 0 0 0 0 0 0 0 0 0 0 0 0 0 0 0 0 0 0 0 0 0 0 0 0 0 0 0 0 0 0 0 0 0 0 0 0 0 0 0 0 0 0 0 0 0 0 0 0 0 -0.0595055 0 0.00210794 0 -0.000950072 0 -0.00202998 0 0.0595367 0 -2.16558e-05 0 -0.00172124 0 0.0576767 0 -0.00167932 0 -0.0531811 0 -0.000918129 0 -0.0591471 0 0.00215371 0 0.000264399 0 0.000682576 0 0.00047347 0 0.00211688 0 0.053517 0 -0.00203564 0 0.0595367 0 -1.59872e-05 0 -0.0595111 0 0.0549698 0 0.0047716 0 -0.0546777 0 0.00672961 0 0.0026124 0 -0.00046366 0 0.057869 0 -0.00405803 0 -0.0546009 0 -0.0091058 0 -0.0257573 0 0.0442886 0 -0.0150117 0 -0.0600833 0 0.0132406 0 0.00451997 0 -0.000582269 0 0.223204 0 0.0344568 0 -0.0475708 0 0.036705 0 0.192547 0 0.233839 0 -0.0168393 0 
0 0 0 0 0 0 0 0 0 0 0 0 0 0 0 0 0 0 0 0 0 0 0 0 0 0 0 0 0 0 0 0 0 0 0 0 0 0 0 0 0 0 0 0 0 0 0 0 0 0 0 0 0 0 0 0 0 0 0 0 0 0 0 0 0 0 0 0 0 0 0 0 0 0 0 0 0 0 0 0 0 0 0 0 0 0 0 0 0 0 0 0 -2.1653e-05 0 -5.12998e-05 0 0.000303339 0 -4.10742e-05 0 -1.59867e-05 0 2.21409e-05 0 0.000506141 0 0.000933163 0 -0.000242889 0 -0.000213228 0 0.00086713 0 0.000933162 0 -0.000242889 0 -0.000330139 0 0.000506141 0 0.000303339 0 -4.10742e-05 0 -0.000213228 0 -5.12998e-05 0 -2.16526e-05 0 2.21409e-05 0 -1.59871e-05 0 -0.000225359 0 -0.000234914 0 -0.00206639 0 -0.00283914 0 -0.0033137 0 -0.00283914 0 -0.00206639 0 -0.000234914 0 -0.00022536 0 0.0029235 0 0.00463389 0 0.0103728 0 0.0113201 0 0.0103728 0 0.00463389 0 0.0029235 0 -0.024199 0 -0.0388567 0 -0.0460995 0 -0.0388567 0 -0.024199 0 0.233839 0 0.865896 0 0.233839 0 
0 0 0 0 0 0 0 0 0 0 0 0 0 0 0 0 0 0 0 0 0 0 0 0 0 0 0 0 0 0 0 0 0 0 0 0 0 0 0 0 0 0 0 0 0 0 0 0 0 0 0 0 0 0 0 0 0 0 0 0 0 0 0 0 0 0 0 0 0 0 0 0 0 0 0 0 0 0 0 0 0 0 0 0 0 0 0 0 0 0 0 0 0.0595367 0 -0.00203564 0 0.000473506 0 0.00211688 0 -0.0595111 0 -1.59839e-05 0 0.00068258 0 -0.0591471 0 0.00215372 0 0.053517 0 -0.000918127 0 0.0576767 0 -0.00167931 0 0.000264435 0 -0.00172124 0 -0.000950036 0 -0.00202998 0 -0.0531811 0 0.00210794 0 -0.0595055 0 -2.16525e-05 0 0.0595367 0 -0.0546009 0 -0.00405802 0 0.057869 0 -0.000463657 0 0.00261244 0 0.00672961 0 -0.0546778 0 0.0047716 0 0.0549697 0 0.00452002 0 0.0132406 0 -0.0600834 0 -0.0150117 0 0.0442886 0 -0.0257573 0 -0.00910575 0 0.036705 0 -0.0475708 0 0.0344569 0 0.223204 0 -0.000582309 0 -0.0168393 0 0.233839 0 0.192547 0 
