0.0960619 0
0.100177 0
0.198837 0
0.100177 0
0.0960619 0
0.0435355 0
0.14085 0
0.216524 0
0.118762 0
0.143675 0
0.15064 0
0.216524 0
0.118762 0
0.164626 0
0.14085 0
0.198837 0
0.100177 0
0.143675 0
0.100177 0
0.0960619 0
0.0435355 0
0.0960619 0
0.143675 0
0.118762 0
0.216524 0
0.15064 0
0.247891 0
0.15064 0
0.216524 0
0.118762 0
0.143675 0
0.164626 0
0.118762 0
0.216524 0
0.14085 0
0.216524 0
0.118762 0
0.164626 0
0.143675 0
0.100177 0
0.198837 0
0.100177 0
0.143675 0
0.0960619 0
0.0435355 0
0.0960619 0
0 0
0 0
0 0
0 0
0 0
0 0
0 0
0 0
0 0
0 0
0 0
0 0
0 0
0 0
0 0
0 0
0 0
0 0
0 0
0 0
0 0
0 0
0 0
0 0
0 0
0 0
0 0
0 0
0 0
0 0
0 0
0 0
0 0
0 0
0 0
0 0
0 0
0 0
0 0
0 0
0 0
0 0
0 0
0 0
0 0
0 0
0 0
0 0
0 0
0 0
0 0
0 0
0 0
0 0
0 0
0 0
0 0
0 0
0 0
0 0
0 0
0 0
0 0
0 0
0 0
0 0
0 0
0 0
0 0
0 0
0 0
0 0
0 0
0 0
0 0
0 0
0 0
0 0
0 0
0 0
0 0
0 0
0 0
0 0
0 0
0 0
0 0
0 0
0 0
0 0
0 0
0 0
-0.0485879 0
-0.136914 0
-0.11778 0
-0.136914 0
-0.0485879 0
-0.067929 0
-0.240357 0
-0.162603 0
-0.175837 0
-0.0721039 0
-0.269602 0
-0.162603 0
-0.175837 0
-0.0780832 0
-0.240357 0
-0.11778 0
-0.136914 0
-0.0721039 0
-0.136914 0
-0.0485879 0
-0.067929 0
-0.0485879 0
-0.0721039 0
-0.175837 0
-0.162603 0
-0.269602 0
-0.18138 0
-0.269602 0
-0.162603 0
-0.175837 0
-0.0721039 0
-0.0780832 0
-0.175837 0
-0.162603 0
-0.240357 0
-0.162603 0
-0.175837 0
-0.0780832 0
-0.0721039 0
-0.136914 0
-0.11778 0
-0.136914 0
-0.0721039 0
-0.0485879 0
-0.067929 0
-0.0485879 0
-0.171473 0
-0.15358 0
-0.257568 0
-0.123543 0
-0.148976 0
-0.0753619 0
-0.123422 0
-0.0778654 0
-0.0324444 0
-0.114448 0
0.0208617 0
0.16881 0
0.101871 0
0.0541582 0
0.169955 0
0.354676 0
0.185468 0
0.21082 0
0.196136 0
0.224627 0
0.103775 0
0.216637 0
-0.218618 0
-0.144388 0
-0.198408 0
-0.0761951 0
-4.62046e-08 0
0.0553334 0
0.211623 0
0.14163 0
0.247818 0
-0.197807 0
-0.109186 0
-0.133758 0
-0.0465326 0
0.0295978 0
0.0425166 0
0.143649 0
-0.13337 0
-0.0725928 0
-0.0971079 0
-0.0318878 0
0.00779832 0
-0.0756512 0
-0.0284128 0
-0.045164 0
-0 0
-0 0
-0 0
-0 0
-0 0
-0 0
-0 0
-0 0
-0 0
-0 0
-0 0
-0 0
-0 0
-0 0
-0 0
-0 0
-0 0
-0 0
-0 0
-0 0
-0 0
-0 0
-0 0
-0 0
-0 0
-0 0
-0 0
-0 0
-0 0
-0 0
-0 0
-0 0
-0 0
-0 0
-0 0
-0 0
-0 0
-0 0
-0 0
-0 0
-0 0
-0 0
-0 0
-0 0
-0 0
-0 0
-0.151151 0
-0.12549 0
-0.260838 0
-0.155151 0
-0.173366 0
-0.0763185 0
-0.124989 0
-0.199406 0
-0.144808 0
-0.220079 0
-0.075938 0
-0.131639 0
-0.107909 0
-0.19714 0
-0.0443924 0
-0.0926417 0
-0.070259 0
-0.130722 0
-0.0294163 0
-0.0423342 0
-0.027106 0
-0.0729246 0
-0.117215 0
-0.0342682 0
-0.0803743 0
0.0199023 0
4.63163e-08 0
0.0560358 0
0.0322696 0
0.0443066 0
0.010925 0
0.0516674 0
0.100502 0
0.167136 0
0.169382 0
0.212014 0
0.142178 0
0.145472 0
0.209154 0
0.184567 0
0.353479 0
0.195749 0
0.247936 0
0.2157 0
0.103425 0
0.224075 0
0 0
0 0
0 0
0 0
0 0
0 0
0 0
0 0
0 0
0 0
0 0
0 0
0 0
0 0
0 0
0 0
0 0
0 0
0 0
0 0
0 0
0 0
0 0
0 0
0 0
0 0
0 0
0 0
0 0
0 0
0 0
0 0
0 0
0 0
0 0
0 0
0 0
0 0
0 0
0 0
0 0
0 0
0 0
0 0
0 0
0 0
0 0
0 0
0 0
0 0
0 0
0 0
0 0
0 0
0 0
0 0
0 0
0 0
0 0
0 0
0 0
0 0
0 0
0 0
0 0
0 0
0 0
0 0
0 0
0 0
0 0
0 0
0 0
0 0
0 0
0 0
0 0
0 0
0 0
0 0
0 0
0 0
0 0
0 0
0 0
0 0
0 0
0 0
0 0
0 0
0 0
0 0
0.0982773 0
0.241712 0
0.162304 0
0.206456 0
0.0894946 0
0.152799 0
0.227662 0
0.0635851 0
0.067179 0
0.0661619 0
-0.039487 0
-0.129818 0
-0.169539 0
-0.0237927 0
-0.312317 0
-0.222655 0
-0.301058 0
-0.113785 0
-0.313759 0
-0.130379 0
-0.209617 0
-0.127215 0
0.111677 0
0.220165 0
0.147788 0
0.145679 0
2.26949e-08 0
-0.106192 0
-0.160152 0
-0.224652 0
-0.130182 0
0.0877785 0
0.157473 0
0.0965669 0
0.0846549 0
-0.0179691 0
-0.0506256 0
-0.0639857 0
0.0640198 0
0.107303 0
0.0603517 0
0.0593459 0
0.00210846 0
0.0408843 0
0.0568175 0
0.0289376 0
0 0
0 0
0 0
0 0
0 0
0 0
0 0
0 0
0 0
0 0
0 0
0 0
0 0
0 0
0 0
0 0
0 0
0 0
0 0
0 0
0 0
0 0
0 0
0 0
0 0
0 0
0 0
0 0
0 0
0 0
0 0
0 0
0 0
0 0
0 0
0 0
0 0
0 0
0 0
0 0
0 0
0 0
0 0
0 0
0 0
0 0
-0.0901547 0
-0.208079 0
-0.163394 0
-0.2431 0
-0.0988788 0
-0.153826 0
-0.229192 0
-0.148217 0
-0.22062 0
-0.112122 0
-0.145418 0
-0.0956996 0
-0.156341 0
-0.0876211 0
-0.0825653 0
-0.058862 0
-0.105289 0
-0.0632592 0
-0.0572461 0
-0.0280652 0
-0.0554151 0
-0.0400333 0
-0.0669112 0
-0.0686548 0
-0.0645762 0
0.0385124 0
2.62412e-08 0
0.106906 0
0.019042 0
0.0521312 0
-0.00123672 0
0.0232055 0
0.168489 0
0.129175 0
0.311757 0
0.160276 0
0.224996 0
0.0644157 0
0.113359 0
0.300346 0
0.222256 0
0.313368 0
0.13017 0
0.126944 0
0.209241 0
0.130188 0
0.17885 0
0.135317 0
0.102897 0
-0.0128047 0
0.0395584 0
0.0548711 0
0.00954031 0
-0.19535 0
-0.19777 0
-0.192974 0
-0.0973877 0
-0.202737 0
-0.206378 0
-0.400078 0
0.00734794 0
0.0792513 0
-0.0335805 0
-0.219901 0
0.12794 0
0.160055 0
0.0422619 0
0.0081639 0
0.252125 0
0.139804 0
0.131126 0
0.0423724 0
-5.45343e-07 0
0.0550146 0
0.153271 0
0.161732 0
0.26546 0
0.174071 0
0.036038 0
0.0420785 0
-0.0168884 0
0.0716103 0
0.0665737 0
0.226007 0
-0.0724856 0
-0.115135 0
-0.182147 0
-0.101736 0
-0.0322236 0
-0.199612 0
-0.0971324 0
-0.187013 0
0 0
0 0
0 0
0 0
0 0
0 0
0 0
0 0
0 0
0 0
0 0
0 0
0 0
0 0
0 0
0 0
0 0
0 0
0 0
0 0
0 0
0 0
0 0
0 0
0 0
0 0
0 0
0 0
0 0
0 0
0 0
0 0
0 0
0 0
0 0
0 0
0 0
0 0
0 0
0 0
0 0
0 0
0 0
0 0
0 0
0 0
-0.112685 0
-0.0393496 0
-0.150918 0
-0.140339 0
-0.207654 0
-0.0804793 0
-0.0139929 0
-0.0641973 0
-0.0725694 0
-0.195113 0
-0.00729915 0
0.0343613 0
0.0422794 0
-0.029985 0
0.0152586 0
0.16457 0
0.136863 0
0.164169 0
0.0590805 0
0.138086 0
0.0877594 0
0.211231 0
0.108356 0
0.157588 0
0.158394 0
0.0879894 0
-3.71679e-07 0
-0.0806907 0
-0.13708 0
-0.134989 0
-0.0695639 0
0.36147 0
0.207558 0
0.201277 0
-0.00126579 0
-0.192756 0
-0.199868 0
-0.331485 0
0.264677 0
0.0812592 0
-0.0136514 0
-0.097513 0
-0.272525 0
0.069569 0
-0.00727976 0
-0.0985453 0
0 0
0 0
0 0
0 0
0 0
0 0
0 0
0 0
0 0
0 0
0 0
0 0
0 0
0 0
0 0
0 0
0 0
0 0
0 0
0 0
0 0
0 0
0 0
0 0
0 0
0 0
0 0
0 0
0 0
0 0
0 0
0 0
0 0
0 0
0 0
0 0
0 0
0 0
0 0
0 0
0 0
0 0
0 0
0 0
0 0
0 0
0.239218 0
0.130861 0
0.181939 0
0.130861 0
0.239219 0
0.120572 0
-0.0304741 0
-0.152546 0
-0.0299658 0
0.0935194 0
-0.160712 0
-0.152546 0
-0.029966 0
-0.0600618 0
-0.0304742 0
0.181939 0
0.130861 0
0.093519 0
0.130861 0
0.239218 0
0.120572 0
0.239218 0
0.0935184 0
-0.0299666 0
-0.152546 0
-0.160712 0
-0.349862 0
-0.160712 0
-0.152546 0
-0.0299663 0
0.0935185 0
-0.0600631 0
-0.0299665 0
-0.152546 0
-0.0304741 0
-0.152546 0
-0.0299661 0
-0.0600624 0
0.0935188 0
0.130861 0
0.181939 0
0.130861 0
0.0935192 0
0.239219 0
0.120572 0
0.239219 0
0 0
0 0
0 0
0 0
0 0
0 0
0 0
0 0
0 0
0 0
0 0
0 0
0 0
0 0
0 0
0 0
0 0
0 0
0 0
0 0
0 0
0 0
0 0
0 0
0 0
0 0
0 0
0 0
0 0
0 0
0 0
0 0
0 0
0 0
0 0
0 0
0 0
0 0
0 0
0 0
0 0
0 0
0 0
0 0
0 0
0 0
0 0
0 0
0 0
0 0
0 0
0 0
0 0
0 0
0 0
0 0
0 0
0 0
0 0
0 0
0 0
0 0
0 0
0 0
0 0
0 0
0 0
0 0
0 0
0 0
0 0
0 0
0 0
0 0
0 0
0 0
0 0
0 0
0 0
0 0
0 0
0 0
0 0
0 0
0 0
0 0
0 0
0 0
0 0
0 0
0 0
0 0
-0.139309 0
-0.238136 0
-0.113621 0
-0.238136 0
-0.139309 0
-0.285735 0
0.0319926 0
0.0790065 0
0.0308921 0
-0.0533851 0
0.23435 0
0.0790065 0
0.0308921 0
0.0152614 0
0.0319927 0
-0.113621 0
-0.238136 0
-0.0533851 0
-0.238136 0
-0.139309 0
-0.285735 0
-0.139309 0
-0.0533852 0
0.0308918 0
0.0790064 0
0.23435 0
0.175599 0
0.23435 0
0.0790065 0
0.030892 0
-0.0533851 0
0.0152613 0
0.0308918 0
0.0790064 0
0.0319925 0
0.0790064 0
0.0308919 0
0.0152614 0
-0.0533852 0
-0.238136 0
-0.113621 0
-0.238136 0
-0.0533851 0
-0.139309 0
-0.285735 0
-0.139309 0
0 0
0 0
0 0
0 0
0 0
0 0
0 0
0 0
0 0
0 0
0 0
0 0
0 0
0 0
0 0
0 0
0 0
0 0
0 0
0 0
0 0
0 0
0 0
0 0
0 0
0 0
0 0
0 0
0 0
0 0
0 0
0 0
0 0
0 0
0 0
0 0
0 0
0 0
0 0
0 0
0 0
0 0
0 0
0 0
0 0
0 0
0.0485237 0
0.0114023 0
0.05119 0
0.217403 0
0.10427 0
0.16791 0
-0.0319761 0
0.0735576 0
0.202567 0
0.110028 0
0.101354 0
0.0641248 0
0.0814443 0
0.0713014 0
0.0542736 0
-0.0868858 0
-0.207197 0
-0.0329461 0
-0.181159 0
-0.126146 0
-0.284997 0
-0.133193 0
-0.0857895 0
-0.338855 0
-0.167035 0
-0.246701 0
-5.32856e-08 0
0.145347 0
0.0945354 0
0.149879 0
-0.00819494 0
-0.173552 0
-0.352447 0
-0.168093 0
-0.0222976 0
0.10291 0
0.257411 0
0.10225 0
-0.101833 0
-0.0362441 0
0.0356959 0
0.195795 0
0.118736 0
0.021877 0
0.117087 0
0.084669 0
0 0
0 0
0 0
0 0
0 0
0 0
0 0
0 0
0 0
0 0
0 0
0 0
0 0
0 0
0 0
0 0
0 0
0 0
0 0
0 0
0 0
0 0
0 0
0 0
0 0
0 0
0 0
0 0
0 0
0 0
0 0
0 0
0 0
0 0
0 0
0 0
0 0
0 0
0 0
0 0
0 0
0 0
0 0
0 0
0 0
0 0
-0.125782 0
-0.232668 0
-0.0707726 0
-0.0836666 0
-0.0854613 0
-0.232144 0
0.0442084 0
0.151629 0
0.290018 0
0.0540622 0
0.226349 0
0.155852 0
0.344254 0
0.159235 0
0.00558786 0
-0.00894553 0
0.106459 0
0.118083 0
-0.146443 0
-0.0475694 0
-0.0293426 0
0.0208685 0
-0.0875734 0
-0.101594 0
-0.0223925 0
-0.0253998 0
-4.22199e-08 0
-0.20095 0
-0.139517 0
-0.320438 0
-0.122318 0
-0.0178685 0
0.0304194 0
-0.0121115 0
-0.0497962 0
-0.13346 0
-0.24266 0
-0.141366 0
0.0682563 0
0.23011 0
0.0797182 0
0.126209 0
-0.0305091 0
0.133031 0
0.261486 0
0.104914 0
-0.176466 0
-0.133776 0
-6.97753e-08 0
0.133776 0
0.176466 0
-1.19694e-07 0
2.50273e-08 0
0.0952919 0
0.11023 0
0.310482 0
-4.86552e-08 0
-0.0952918 0
-0.11023 0
2.50233e-07 0
-7.88427e-08 0
-9.82034e-08 0
-0.133776 0
-0.310482 0
0.133776 0
0.176466 0
-1.55544e-08 0
-0.176466 0
-0.310482 0
-0.11023 0
-0.0952917 0
-4.74389e-08 0
-1.99508e-07 0
-1.20392e-07 0
0.0952917 0
0.11023 0
0.310482 0
2.51151e-07 0
0.11023 0
0.0952917 0
-7.61593e-08 0
-0.0952919 0
-0.11023 0
1.48454e-07 0
0.310482 0
0.133776 0
-9.88981e-08 0
-0.133776 0
-0.310482 0
0.176466 0
-2.00652e-08 0
-0.176466 0
0 0
0 0
0 0
0 0
0 0
0 0
0 0
0 0
0 0
0 0
0 0
0 0
0 0
0 0
0 0
0 0
0 0
0 0
0 0
0 0
0 0
0 0
0 0
0 0
0 0
0 0
0 0
0 0
0 0
0 0
0 0
0 0
0 0
0 0
0 0
0 0
0 0
0 0
0 0
0 0
0 0
0 0
0 0
0 0
0 0
0 0
0.108276 0
0.0188566 0
0.103679 0
0.018857 0
0.108277 0
0.059484 0
0.060106 0
0.0597683 0
-0.127025 0
-0.143967 0
0.133991 0
0.059768 0
-0.127025 0
-0.37901 0
0.0601059 0
0.103679 0
0.0188568 0
-0.143968 0
0.0188569 0
0.108277 0
0.0594841 0
0.108276 0
-0.143968 0
-0.127025 0
0.0597682 0
0.133992 0
0.382636 0
0.133992 0
0.0597681 0
-0.127025 0
-0.143968 0
-0.37901 0
-0.127025 0
0.0597685 0
0.0601061 0
0.0597684 0
-0.127025 0
-0.37901 0
-0.143968 0
0.0188568 0
0.103679 0
0.0188567 0
-0.143968 0
0.108276 0
0.0594839 0
0.108276 0
0 0
0 0
0 0
0 0
0 0
0 0
0 0
0 0
0 0
0 0
0 0
0 0
0 0
0 0
0 0
0 0
0 0
0 0
0 0
0 0
0 0
0 0
0 0
0 0
0 0
0 0
0 0
0 0
0 0
0 0
0 0
0 0
0 0
0 0
0 0
0 0
0 0
0 0
0 0
0 0
0 0
0 0
0 0
0 0
0 0
0 0
0.338457 0
0.106174 0
-0.0636335 0
-0.0344936 0
0.13832 0
0.131712 0
-0.130402 0
-0.200242 0
-0.110425 0
-0.198338 0
0.0202534 0
0.275729 0
0.109248 0
-0.00181118 0
0.174222 0
0.0850173 0
-0.0199554 0
0.122208 0
-0.075812 0
-0.358232 0
-0.175973 0
-0.278761 0
0.105786 0
-0.0288796 0
-0.217701 0
-0.0805232 0
1.95966e-07 0
0.06027 0
0.282661 0
0.076868 0
0.00144533 0
0.00719967 0
0.0335567 0
-0.0824188 0
-0.0438205 0
-0.0580278 0
-0.080369 0
-0.00538922 0
0.196893 0
0.110306 0
-0.0213835 0
-0.0862182 0
-0.227994 0
0.219913 0
0.0442608 0
-0.059696 0
0 0
0 0
0 0
0 0
0 0
0 0
0 0
0 0
0 0
0 0
0 0
0 0
0 0
0 0
0 0
0 0
0 0
0 0
0 0
0 0
0 0
0 0
0 0
0 0
0 0
0 0
0 0
0 0
0 0
0 0
0 0
0 0
0 0
0 0
0 0
0 0
0 0
0 0
0 0
0 0
0 0
0 0
0 0
0 0
0 0
0 0
-0.126477 0
0.0382569 0
0.0614305 0
-0.107455 0
-0.333792 0
-0.127152 0
0.125887 0
0.210779 0
0.0250057 0
-0.112842 0
0.0812871 0
0.0921874 0
-0.0297274 0
-0.00726832 0
0.0499877 0
0.0243931 0
-0.111077 0
-0.192708 0
0.0836 0
0.0471082 0
-0.0504899 0
-0.229874 0
0.202189 0
0.109476 0
0.192694 0
-0.0231036 0
1.68446e-07 0
-0.0581833 0
0.0680253 0
0.0831277 0
0.228187 0
0.00206554 0
-0.108134 0
-0.278804 0
-0.175875 0
-0.284882 0
-0.0797482 0
0.00520213 0
-0.115345 0
0.0238552 0
-0.0858234 0
0.0728207 0
-0.00948115 0
0.286684 0
0.177642 0
0.356351 0
0 0
0 0
0 0
0 0
0 0
0 0
0 0
0 0
0 0
0 0
0 0
0 0
0 0
0 0
0 0
0 0
0 0
0 0
0 0
0 0
0 0
0 0
0 0
0 0
0 0
0 0
0 0
0 0
0 0
0 0
0 0
0 0
0 0
0 0
0 0
0 0
0 0
0 0
0 0
0 0
0 0
0 0
0 0
0 0
0 0
0 0
0 0
0 0
0 0
0 0
0 0
0 0
0 0
0 0
0 0
0 0
0 0
0 0
0 0
0 0
0 0
0 0
0 0
0 0
0 0
0 0
0 0
0 0
0 0
0 0
0 0
0 0
0 0
0 0
0 0
0 0
0 0
0 0
0 0
0 0
0 0
0 0
0 0
0 0
0 0
0 0
0 0
0 0
0 0
0 0
0 0
0 0
-0.138972 0
-0.151513 0
0.0522522 0
0.0813054 0
-0.0711179 0
-0.325323 0
0.257317 0
0.148411 0
0.262155 0
0.0966745 0
-0.00999798 0
-0.159352 0
-0.204425 0
0.0155226 0
-0.332607 0
-0.0675411 0
-0.00657349 0
-0.0593903 0
0.0973229 0
0.150921 0
0.420512 0
0.120641 0
-0.0582771 0
-0.0555312 0
0.071647 0
0.0441681 0
4.90559e-08 0
-0.0341699 0
-0.125095 0
-0.0626561 0
0.00975774 0
-0.0685735 0
-0.199499 0
-0.0233161 0
0.0752902 0
0.0877046 0
0.259956 0
0.0530509 0
-0.106432 0
-0.178628 0
0.0152889 0
0.158086 0
0.117667 0
-0.0798028 0
-0.0951889 0
0.018331 0
0 0
0 0
0 0
0 0
0 0
0 0
0 0
0 0
0 0
0 0
0 0
0 0
0 0
0 0
0 0
0 0
0 0
0 0
0 0
0 0
0 0
0 0
0 0
0 0
0 0
0 0
0 0
0 0
0 0
0 0
0 0
0 0
0 0
0 0
0 0
0 0
0 0
0 0
0 0
0 0
0 0
0 0
0 0
0 0
0 0
0 0
-0.0590685 0
0.0950661 0
0.0478219 0
-0.15932 0
-0.133208 0
-0.29774 0
0.235499 0
0.0587622 0
-0.0790061 0
-0.0670823 0
0.0452284 0
-0.00927085 0
-0.182147 0
-0.0702199 0
0.105093 0
0.0213408 0
-0.178747 0
-0.101582 0
0.150073 0
0.00501418 0
-0.132868 0
-0.0908188 0
0.102224 0
0.268111 0
0.142638 0
-0.0139557 0
-4.30081e-08 0
-0.0312729 0
0.0991468 0
0.266536 0
0.117264 0
0.021667 0
-0.18753 0
-0.157909 0
-0.340592 0
-0.133367 0
-0.0859641 0
0.0485529 0
-0.0501814 0
0.00924779 0
-0.0691626 0
0.0836807 0
-0.000642714 0
0.128194 0
0.430609 0
0.149887 0
0 0
0 0
0 0
0 0
0 0
0 0
0 0
0 0
0 0
0 0
0 0
0 0
0 0
0 0
0 0
0 0
0 0
0 0
0 0
0 0
0 0
0 0
0 0
0 0
0 0
0 0
0 0
0 0
0 0
0 0
0 0
0 0
0 0
0 0
0 0
0 0
0 0
0 0
0 0
0 0
0 0
0 0
0 0
0 0
0 0
0 0
0.0796499 0
0.265608 0
1.36046e-08 0
-0.265608 0
-0.07965 0
-4.31352e-08 0
3.36424e-08 0
-0.074649 0
-0.249056 0
-0.148908 0
-3.01567e-08 0
0.074649 0
0.249056 0
8.71858e-10 0
-3.00626e-08 0
-9.93976e-09 0
0.265608 0
0.148908 0
-0.265608 0
-0.0796499 0
4.52333e-08 0
0.07965 0
0.148908 0
0.249056 0
0.0746491 0
-2.31415e-08 0
-1.05416e-08 0
1.5581e-08 0
-0.074649 0
-0.249056 0
-0.148908 0
-2.47915e-09 0
-0.249056 0
-0.0746491 0
-1.00505e-08 0
0.0746491 0
0.249056 0
3.06628e-08 0
-0.148908 0
-0.265608 0
-3.88025e-09 0
0.265608 0
0.148908 0
-0.0796499 0
3.00806e-08 0
0.07965 0
0 0
0 0
0 0
0 0
0 0
0 0
0 0
0 0
0 0
0 0
0 0
0 0
0 0
0 0
0 0
0 0
0 0
0 0
0 0
0 0
0 0
0 0
0 0
0 0
0 0
0 0
0 0
0 0
0 0
0 0
0 0
0 0
0 0
0 0
0 0
0 0
0 0
0 0
0 0
0 0
0 0
0 0
0 0
0 0
0 0
0 0
-0.0711996 0
0.0486307 0
0.0280627 0
0.0486308 0
-0.0711995 0
-0.2828 0
-0.000763952 0
-0.0143813 0
0.233616 0
0.0827582 0
-0.280175 0
-0.0143813 0
0.233615 0
0.130628 0
-0.000764053 0
0.0280627 0
0.0486308 0
0.0827582 0
0.0486308 0
-0.0711995 0
-0.2828 0
-0.0711995 0
0.0827582 0
0.233615 0
-0.0143813 0
-0.280174 0
-0.237963 0
-0.280174 0
-0.0143813 0
0.233615 0
0.0827582 0
0.130627 0
0.233616 0
-0.0143812 0
-0.000763892 0
-0.0143812 0
0.233616 0
0.130628 0
0.0827582 0
0.0486307 0
0.0280627 0
0.0486307 0
0.0827582 0
-0.0711996 0
-0.2828 0
-0.0711996 0
0.348172 0
0.0970684 0
-0.173457 0
-0.12505 0
-0.132437 0
0.0638428 0
-0.0903368 0
0.000182928 0
0.0700337 0
-0.112285 0
0.0204605 0
0.071151 0
0.0727588 0
0.349182 0
-0.0319696 0
-0.0613854 0
-0.158027 0
-0.174028 0
0.148125 0
0.369392 0
0.0225935 0
-0.293045 0
0.149891 0
-0.023626 0
-0.138598 0
-0.00534813 0
6.15084e-08 0
-0.0151123 0
-0.120135 0
-0.0563354 0
0.187337 0
-0.0912723 0
-0.0136984 0
0.119952 0
0.122306 0
0.0674473 0
-0.0491327 0
-0.257909 0
-0.0750521 0
-0.023075 0
0.234842 0
0.060959 0
0.0241369 0
-0.236955 0
-0.0864363 0
-0.0551264 0
0 0
0 0
0 0
0 0
0 0
0 0
0 0
0 0
0 0
0 0
0 0
0 0
0 0
0 0
0 0
0 0
0 0
0 0
0 0
0 0
0 0
0 0
0 0
0 0
0 0
0 0
0 0
0 0
0 0
0 0
0 0
0 0
0 0
0 0
0 0
0 0
0 0
0 0
0 0
0 0
0 0
0 0
0 0
0 0
0 0
0 0
-0.137363 0
-0.126432 0
-0.171027 0
0.0988423 0
0.350075 0
0.0629483 0
-0.0890712 0
-0.138615 0
-0.0246165 0
0.15149 0
-0.00563738 0
0.11896 0
-0.0147263 0
-0.0962079 0
0.12277 0
0.235732 0
-0.0208477 0
-0.0726042 0
0.0588753 0
-0.0603434 0
-0.0867637 0
-0.232844 0
-0.11441 0
0.0703741 0
0.00213842 0
0.020538 0
-6.46179e-08 0
-0.0149006 0
0.0691488 0
-0.0483428 0
0.0214962 0
0.350504 0
0.0729592 0
0.0694658 0
-0.0336982 0
-0.121099 0
-0.0556478 0
-0.254296 0
-0.172987 0
-0.157718 0
-0.0647045 0
0.14728 0
0.187015 0
-0.289731 0
0.0238152 0
0.370207 0
0 0
0 0
0 0
0 0
0 0
0 0
0 0
0 0
0 0
0 0
0 0
0 0
0 0
0 0
0 0
0 0
0 0
0 0
0 0
0 0
0 0
0 0
0 0
0 0
0 0
0 0
0 0
0 0
0 0
0 0
0 0
0 0
0 0
0 0
0 0
0 0
0 0
0 0
0 0
0 0
0 0
0 0
0 0
0 0
0 0
0 0
0.233863 0
-0.0483022 0
-0.345694 0
-0.0483021 0
0.233863 0
0.141138 0
-0.116664 0
-0.0247306 0
0.0285302 0
-0.0465463 0
0.0684566 0
-0.0247305 0
0.0285302 0
0.165998 0
-0.116664 0
-0.345694 0
-0.0483021 0
-0.0465464 0
-0.0483022 0
0.233863 0
0.141138 0
0.233863 0
-0.0465464 0
0.0285303 0
-0.0247306 0
0.0684565 0
0.283667 0
0.0684565 0
-0.0247305 0
0.0285303 0
-0.0465464 0
0.165999 0
0.0285303 0
-0.0247307 0
-0.116664 0
-0.0247307 0
0.0285303 0
0.165998 0
-0.0465463 0
-0.0483021 0
-0.345695 0
-0.0483021 0
-0.0465463 0
0.233863 0
0.141138 0
0.233863 0
0 0
0 0
0 0
0 0
0 0
0 0
0 0
0 0
0 0
0 0
0 0
0 0
0 0
0 0
0 0
0 0
0 0
0 0
0 0
0 0
0 0
0 0
0 0
0 0
0 0
0 0
0 0
0 0
0 0
0 0
0 0
0 0
0 0
0 0
0 0
0 0
0 0
0 0
0 0
0 0
0 0
0 0
0 0
0 0
0 0
0 0
0 0
0 0
0 0
0 0
0 0
0 0
0 0
0 0
0 0
0 0
0 0
0 0
0 0
0 0
0 0
0 0
0 0
0 0
0 0
0 0
0 0
0 0
0 0
0 0
0 0
0 0
0 0
0 0
0 0
0 0
0 0
0 0
0 0
0 0
0 0
0 0
0 0
0 0
0 0
0 0
0 0
0 0
0 0
0 0
0 0
0 0
0.0494486 0
-0.154948 0
-0.165012 0
-0.154948 0
0.0494484 0
0.308531 0
-0.227326 0
-0.000811484 0
0.211997 0
0.0176758 0
0.0128075 0
-0.00081145 0
0.211997 0
0.124931 0
-0.227326 0
-0.165013 0
-0.154948 0
0.0176758 0
-0.154948 0
0.0494486 0
0.308532 0
0.0494485 0
0.017676 0
0.211997 0
-0.000811689 0
0.0128069 0
0.011472 0
0.0128072 0
-0.000811523 0
0.211997 0
0.0176759 0
0.124931 0
0.211997 0
-0.000811711 0
-0.227326 0
-0.00081162 0
0.211997 0
0.124931 0
0.017676 0
-0.154948 0
-0.165012 0
-0.154948 0
0.0176759 0
0.0494485 0
0.308531 0
0.0494484 0
-0.0619845 0
0.0481174 0
-0.0570209 0
0.0156284 0
-0.160559 0
-0.0685469 0
-0.0950816 0
0.0435368 0
0.0800729 0
0.26777 0
0.0467152 0
0.113139 0
-0.0941281 0
-0.0508578 0
0.129809 0
0.0778472 0
-0.0375553 0
-0.368448 0
-0.0494727 0
0.133833 0
0.0935826 0
0.169991 0
0.273536 0
0.0496443 0
-0.302164 0
-0.174619 0
-8.10342e-08 0
0.127904 0
0.239948 0
-0.0829665 0
-0.370563 0
0.190104 0
0.00289361 0
-0.283484 0
-0.0347272 0
0.189025 0
0.0444838 0
-0.139246 0
0.102792 0
0.0338443 0
-0.0208261 0
-0.0105621 0
0.0949122 0
0.0267258 0
-0.0250358 0
-0.108007 0
0 0
0 0
0 0
0 0
0 0
0 0
0 0
0 0
0 0
0 0
0 0
0 0
0 0
0 0
0 0
0 0
0 0
0 0
0 0
0 0
0 0
0 0
0 0
0 0
0 0
0 0
0 0
0 0
0 0
0 0
0 0
0 0
0 0
0 0
0 0
0 0
0 0
0 0
0 0
0 0
0 0
0 0
0 0
0 0
0 0
0 0
-0.160502 0
0.0155845 0
-0.0569691 0
0.0481031 0
-0.0618381 0
-0.0684843 0
-0.0949949 0
-0.302204 0
0.0495713 0
0.273291 0
-0.174662 0
-0.283588 0
0.00297946 0
0.190151 0
-0.0348456 0
-0.0208972 0
0.0338786 0
0.103128 0
-0.010517 0
-0.108129 0
-0.0251211 0
0.0265709 0
0.267521 0
0.0800276 0
0.0438124 0
0.0468745 0
8.51314e-08 0
0.127788 0
0.188806 0
0.0445595 0
0.0952503 0
-0.0510312 0
-0.0941308 0
0.113398 0
0.12984 0
0.239775 0
-0.0830071 0
-0.13912 0
-0.368542 0
-0.0375861 0
0.0778661 0
-0.0494632 0
-0.370649 0
0.169967 0
0.0936055 0
0.133931 0
0 0
0 0
0 0
0 0
0 0
0 0
0 0
0 0
0 0
0 0
0 0
0 0
0 0
0 0
0 0
0 0
0 0
0 0
0 0
0 0
0 0
0 0
0 0
0 0
0 0
0 0
0 0
0 0
0 0
0 0
0 0
0 0
0 0
0 0
0 0
0 0
0 0
0 0
0 0
0 0
0 0
0 0
0 0
0 0
0 0
0 0
0 0
0 0
0 0
0 0
0 0
0 0
0 0
0 0
0 0
0 0
0 0
0 0
0 0
0 0
0 0
0 0
0 0
0 0
0 0
0 0
0 0
0 0
0 0
0 0
0 0
0 0
0 0
0 0
0 0
0 0
0 0
0 0
0 0
0 0
0 0
0 0
0 0
0 0
0 0
0 0
0 0
0 0
0 0
0 0
0 0
0 0
0.071359 0
0.407293 0
0.0639166 0
-0.203463 0
-0.126844 0
-0.187403 0
0.00269602 0
0.0526456 0
0.00925746 0
-0.0606318 0
0.15036 0
0.0593036 0
0.0377505 0
0.0139516 0
-0.00526935 0
-0.124942 0
-0.194473 0
-0.0489292 0
-0.203967 0
0.0526899 0
0.366329 0
0.0557711 0
0.112066 0
-0.0483401 0
-0.114652 0
-0.307843 0
-3.94916e-08 0
0.157483 0
0.0619044 0
0.0386459 0
-0.0516139 0
-0.0285645 0
-0.0479039 0
-0.11455 0
0.00257409 0
0.0553482 0
0.010589 0
0.0146125 0
0.112246 0
0.407431 0
0.0610256 0
-0.21282 0
-0.0631373 0
0.0741544 0
-0.178927 0
-0.12713 0
0 0
0 0
0 0
0 0
0 0
0 0
0 0
0 0
0 0
0 0
0 0
0 0
0 0
0 0
0 0
0 0
0 0
0 0
0 0
0 0
0 0
0 0
0 0
0 0
0 0
0 0
0 0
0 0
0 0
0 0
0 0
0 0
0 0
0 0
0 0
0 0
0 0
0 0
0 0
0 0
0 0
0 0
0 0
0 0
0 0
0 0
-0.105598 0
-0.0105932 0
0.107368 0
0.352991 0
0.0123926 0
-0.314803 0
0.00452837 0
-0.101876 0
-0.0499695 0
0.0946043 0
-0.268656 0
-0.0981496 0
-0.0340227 0
-0.0249282 0
7.03305e-05 0
0.00166899 0
0.358023 0
0.101154 0
-0.3527 0
-0.116047 0
-0.00489354 0
0.114598 0
-0.00820309 0
-0.0156816 0
-0.0022836 0
0.00411251 0
2.37045e-08 0
0.264544 0
0.0965304 0
0.0330024 0
-0.0998108 0
0.000381668 0
0.0169675 0
0.00534551 0
-0.00459909 0
0.100433 0
0.0497045 0
0.0245467 0
0.00520651 0
-0.000290884 0
-0.109037 0
-0.34743 0
-0.0929509 0
0.103654 0
0.319698 0
-0.00899962 0
-0.332238 0
-0.0643287 0
2.79291e-07 0
0.0643288 0
0.332237 0
-5.29525e-08 0
3.99692e-08 0
-0.15885 0
-0.0940874 0
-0.134391 0
-4.10733e-08 0
0.15885 0
0.0940874 0
3.14963e-09 0
2.06299e-08 0
-9.33619e-08 0
-0.0643288 0
0.134391 0
0.0643287 0
0.332238 0
3.56794e-08 0
-0.332238 0
0.134391 0
0.0940873 0
0.15885 0
-4.33312e-08 0
-1.17222e-07 0
2.33746e-08 0
-0.15885 0
-0.0940874 0
-0.134391 0
5.5449e-09 0
-0.0940873 0
-0.15885 0
1.97701e-08 0
0.15885 0
0.0940874 0
1.33907e-07 0
-0.134391 0
0.0643287 0
-8.53274e-08 0
-0.0643288 0
0.134391 0
0.332237 0
3.2933e-08 0
-0.332237 0
0 0
0 0
0 0
0 0
0 0
0 0
0 0
0 0
0 0
0 0
0 0
0 0
0 0
0 0
0 0
0 0
0 0
0 0
0 0
0 0
0 0
0 0
0 0
0 0
0 0
0 0
0 0
0 0
0 0
0 0
0 0
0 0
0 0
0 0
0 0
0 0
0 0
0 0
0 0
0 0
0 0
0 0
0 0
0 0
0 0
0 0
0 0
0 0
0 0
0 0
0 0
0 0
0 0
0 0
0 0
0 0
0 0
0 0
0 0
0 0
0 0
0 0
0 0
0 0
0 0
0 0
0 0
0 0
0 0
0 0
0 0
0 0
0 0
0 0
0 0
0 0
0 0
0 0
0 0
0 0
0 0
0 0
0 0
0 0
0 0
0 0
0 0
0 0
0 0
0 0
0 0
0 0
-0.0815689 0
-0.0247584 0
0.017281 0
0.355679 0
0.0477152 0
-0.21527 0
-0.277482 0
-0.10032 0
-0.0442671 0
0.101628 0
0.0263733 0
0.116295 0
-0.0322598 0
-0.0236885 0
0.348298 0
-0.0216912 0
-0.301485 0
-0.108917 0
-0.11389 0
0.053122 0
0.270209 0
-0.0106285 0
0.0526894 0
0.186211 0
-0.0750545 0
-0.129714 0
-2.20479e-08 0
0.10334 0
0.103837 0
-0.145909 0
-0.0847846 0
0.116509 0
0.190176 0
-0.00351638 0
-0.0708157 0
-0.0412408 0
-0.153951 0
-0.0928201 0
-0.0168439 0
-0.241789 0
0.00441028 0
0.326243 0
0.0562272 0
-0.100837 0
-0.0549389 0
0.0921973 0
0 0
0 0
0 0
0 0
0 0
0 0
0 0
0 0
0 0
0 0
0 0
0 0
0 0
0 0
0 0
0 0
0 0
0 0
0 0
0 0
0 0
0 0
0 0
0 0
0 0
0 0
0 0
0 0
0 0
0 0
0 0
0 0
0 0
0 0
0 0
0 0
0 0
0 0
0 0
0 0
0 0
0 0
0 0
0 0
0 0
0 0
-0.0593665 0
-0.362419 0
-0.0150697 0
0.0738426 0
0.0888883 0
0.187724 0
0.241975 0
0.0619804 0
-0.194039 0
-0.0392256 0
0.134554 0
0.0195224 0
-0.196392 0
-0.120856 0
0.119319 0
-0.00743089 0
0.202651 0
0.00204246 0
-0.344949 0
-0.0857667 0
0.0925674 0
0.100324 0
-0.0953458 0
0.0702583 0
0.0909535 0
-0.0444369 0
-3.15975e-08 0
-0.0901169 0
0.0558898 0
0.135356 0
-0.0684 0
0.0399131 0
0.058683 0
-0.11787 0
-0.361294 0
-0.110476 0
0.126134 0
0.0809428 0
0.107626 0
0.271106 0
0.0225007 0
0.159768 0
0.0933033 0
-0.00312167 0
-0.280292 0
-0.0409575 0
0.294441 0
-0.0268833 0
-0.334771 0
-0.0793704 0
-0.089394 0
0.0671463 0
-0.0131599 0
0.131926 0
0.109742 0
0.184571 0
-0.0259463 0
-0.213942 0
-0.108131 0
0.0192942 0
0.0195276 0
0.496754 0
0.0857167 0
-0.136212 0
0.0719493 0
-0.202471 0
-0.099636 0
-0.101791 0
-0.0408224 0
0.0201657 0
0.161695 0
0.0795695 0
-2.45018e-08 0
-0.0536232 0
-0.221751 0
-0.0846351 0
-0.0770916 0
-0.0591693 0
-0.0251075 0
0.089825 0
-0.00636763 0
0.0522476 0
0.0879654 0
0.0398753 0
-0.10748 0
0.00742116 0
-0.161984 0
-0.0588335 0
0.177035 0
0.291865 0
0.0324897 0
-0.19265 0
0 0
0 0
0 0
0 0
0 0
0 0
0 0
0 0
0 0
0 0
0 0
0 0
0 0
0 0
0 0
0 0
0 0
0 0
0 0
0 0
0 0
0 0
0 0
0 0
0 0
0 0
0 0
0 0
0 0
0 0
0 0
0 0
0 0
0 0
0 0
0 0
0 0
0 0
0 0
0 0
0 0
0 0
0 0
0 0
0 0
0 0
0.0524577 0
0.0834561 0
0.380323 0
0.0372553 0
-0.285405 0
-0.0762828 0
0.0149506 0
-0.179888 0
-0.0343683 0
0.0175447 0
-0.0768989 0
-0.0631896 0
0.0391441 0
0.0571833 0
0.00392154 0
0.0997587 0
-0.0184465 0
0.12578 0
0.0501091 0
0.22012 0
-0.020009 0
-0.281222 0
-0.180853 0
-0.113216 0
-0.153685 0
0.0159793 0
-2.10218e-08 0
0.0609196 0
-0.0243068 0
-0.0778556 0
-0.168616 0
-0.0118824 0
0.112224 0
0.204195 0
-0.0188721 0
0.216874 0
0.0740721 0
-0.0453008 0
0.151071 0
-0.0873645 0
-0.480081 0
-0.0650096 0
0.0550732 0
0.0652849 0
0.0962919 0
0.228765 0
0 0
0 0
0 0
0 0
0 0
0 0
0 0
0 0
0 0
0 0
0 0
0 0
0 0
0 0
0 0
0 0
0 0
0 0
0 0
0 0
0 0
0 0
0 0
0 0
0 0
0 0
0 0
0 0
0 0
0 0
0 0
0 0
0 0
0 0
0 0
0 0
0 0
0 0
0 0
0 0
0 0
0 0
0 0
0 0
0 0
0 0
0 0
0 0
0 0
0 0
0 0
0 0
0 0
0 0
0 0
0 0
0 0
0 0
0 0
0 0
0 0
0 0
0 0
0 0
0 0
0 0
0 0
0 0
0 0
0 0
0 0
0 0
0 0
0 0
0 0
0 0
0 0
0 0
0 0
0 0
0 0
0 0
0 0
0 0
0 0
0 0
0 0
0 0
0 0
0 0
0 0
0 0
-0.0228522 0
0.0620139 0
0.112736 0
0.16581 0
0.01345 0
-0.127353 0
0.111391 0
-0.110464 0
-0.351642 0
-0.0623432 0
-0.075775 0
0.0708874 0
0.42832 0
0.0243647 0
-0.149744 0
-0.151552 0
-0.173285 0
0.0855597 0
-0.132981 0
0.0133678 0
0.171203 0
-0.000728228 0
-0.066006 0
-0.258764 0
0.051899 0
0.29585 0
-1.76013e-08 0
-0.220075 0
0.00784258 0
0.392256 0
0.086982 0
-0.095128 0
-0.0406147 0
0.102622 0
0.0383534 0
-0.122786 0
-0.169556 0
0.0707632 0
-0.0246388 0
-0.0328282 0
0.0388165 0
0.111271 0
-0.0195537 0
-0.0268178 0
-0.0438495 0
0.0235804 0
0 0
0 0
0 0
0 0
0 0
0 0
0 0
0 0
0 0
0 0
0 0
0 0
0 0
0 0
0 0
0 0
0 0
0 0
0 0
0 0
0 0
0 0
0 0
0 0
0 0
0 0
0 0
0 0
0 0
0 0
0 0
0 0
0 0
0 0
0 0
0 0
0 0
0 0
0 0
0 0
0 0
0 0
0 0
0 0
0 0
0 0
-0.0140346 0
-0.164288 0
-0.109909 0
-0.0578235 0
0.0232011 0
0.12416 0
-0.108598 0
-0.0547207 0
0.249918 0
0.0644443 0
-0.29787 0
-0.100855 0
0.051504 0
0.0957773 0
-0.0421681 0
-0.0426773 0
0.0284385 0
0.0268193 0
-0.114684 0
-0.0232486 0
0.0482109 0
0.0268079 0
0.0606872 0
0.345184 0
0.111818 0
0.0833119 0
-1.24995e-08 0
0.214558 0
0.123025 0
0.179571 0
0.0217687 0
-0.0267882 0
-0.42949 0
-0.0683044 0
0.150766 0
-0.010963 0
-0.396688 0
-0.0689892 0
-0.0862129 0
0.172507 0
0.152587 0
0.13585 0
-0.0875065 0
4.74626e-05 0
-0.172371 0
-0.0127733 0
0.0675577 0
-0.038692 0
0.110252 0
-0.038692 0
0.0675577 0
0.0449045 0
0.111773 0
0.117124 0
0.00361469 0
-0.292875 0
-0.0579227 0
0.117124 0
0.00361467 0
0.18665 0
0.111773 0
0.110252 0
-0.038692 0
-0.292875 0
-0.038692 0
0.0675576 0
0.0449045 0
0.0675578 0
-0.292875 0
0.00361467 0
0.117124 0
-0.0579226 0
-0.414748 0
-0.0579226 0
0.117124 0
0.00361476 0
-0.292875 0
0.18665 0
0.00361469 0
0.117124 0
0.111773 0
0.117124 0
0.0036146 0
0.18665 0
-0.292875 0
-0.038692 0
0.110252 0
-0.038692 0
-0.292875 0
0.0675576 0
0.0449045 0
0.0675577 0
0 0
0 0
0 0
0 0
0 0
0 0
0 0
0 0
0 0
0 0
0 0
0 0
0 0
0 0
0 0
0 0
0 0
0 0
0 0
0 0
0 0
0 0
0 0
0 0
0 0
0 0
0 0
0 0
0 0
0 0
0 0
0 0
0 0
0 0
0 0
0 0
0 0
0 0
0 0
0 0
0 0
0 0
0 0
0 0
0 0
0 0
0 0
0 0
0 0
0 0
0 0
0 0
0 0
0 0
0 0
0 0
0 0
0 0
0 0
0 0
0 0
0 0
0 0
0 0
0 0
0 0
0 0
0 0
0 0
0 0
0 0
0 0
0 0
0 0
0 0
0 0
0 0
0 0
0 0
0 0
0 0
0 0
0 0
0 0
0 0
0 0
0 0
0 0
0 0
0 0
0 0
0 0
0.0940771 0
0.26443 0
-1.43826e-08 0
-0.26443 0
-0.0940771 0
3.02063e-08 0
7.99459e-09 0
0.0993061 0
0.279294 0
0.005069 0
-9.29682e-08 0
-0.0993061 0
-0.279294 0
2.00944e-08 0
1.29561e-07 0
1.36287e-08 0
0.26443 0
-0.00506902 0
-0.26443 0
-0.0940771 0
4.81189e-08 0
0.0940771 0
-0.00506897 0
-0.279294 0
-0.0993061 0
-2.59048e-08 0
-5.44983e-08 0
-4.75665e-08 0
0.0993061 0
0.279294 0
0.00506898 0
-2.68426e-09 0
0.279294 0
0.0993061 0
1.57323e-07 0
-0.0993061 0
-0.279295 0
-3.9353e-08 0
0.00506893 0
-0.26443 0
4.52494e-08 0
0.26443 0
-0.005069 0
-0.0940771 0
1.30879e-08 0
0.0940771 0
-0.122872 0
0.022091 0
-0.0778646 0
0.0291314 0
0.0419553 0
-0.0273394 0
-0.0716753 0
-0.291025 0
-0.0205903 0
0.121108 0
-0.0361911 0
0.180028 0
0.0194461 0
0.108851 0
0.0962082 0
0.104516 0
-0.0357518 0
-0.231206 0
-0.0330029 0
0.086484 0
0.036697 0
0.0221284 0
0.265345 0
-0.00337761 0
0.151507 0
0.141927 0
8.76477e-08 0
-0.105736 0
0.00724478 0
0.0127256 0
-0.287522 0
-0.426869 0
0.00786475 0
0.283781 0
-0.0245329 0
-0.331535 0
-0.0160685 0
0.318018 0
0.166414 0
0.00387151 0
-0.0266512 0
0.0136609 0
-0.034139 0
-0.128439 0
-0.00935769 0
0.100743 0
0 0
0 0
0 0
0 0
0 0
0 0
0 0
0 0
0 0
0 0
0 0
0 0
0 0
0 0
0 0
0 0
0 0
0 0
0 0
0 0
0 0
0 0
0 0
0 0
0 0
0 0
0 0
0 0
0 0
0 0
0 0
0 0
0 0
0 0
0 0
0 0
0 0
0 0
0 0
0 0
0 0
0 0
0 0
0 0
0 0
0 0
0.0453884 0
0.0285284 0
-0.0757293 0
0.0212895 0
-0.124086 0
-0.0265897 0
-0.0697099 0
0.159658 0
-0.00280638 0
0.26208 0
0.142988 0
0.278884 0
0.00732707 0
-0.430061 0
-0.0272177 0
-0.029568 0
0.00486716 0
0.172907 0
0.0145838 0
0.0983774 0
-0.0103817 0
-0.129104 0
0.113776 0
-0.0205043 0
-0.295351 0
-0.0401517 0
-9.07871e-08 0
-0.102837 0
-0.331864 0
-0.0164285 0
-0.026157 0
0.120763 0
0.0192349 0
0.172206 0
0.0969276 0
0.0164665 0
0.0131772 0
0.309298 0
-0.235923 0
-0.0358733 0
0.105297 0
-0.0333956 0
-0.286684 0
0.0257086 0
0.0369714 0
0.0837159 0
0 0
0 0
0 0
0 0
0 0
0 0
0 0
0 0
0 0
0 0
0 0
0 0
0 0
0 0
0 0
0 0
0 0
0 0
0 0
0 0
0 0
0 0
0 0
0 0
0 0
0 0
0 0
0 0
0 0
0 0
0 0
0 0
0 0
0 0
0 0
0 0
0 0
0 0
0 0
0 0
0 0
0 0
0 0
0 0
0 0
0 0
0 0
0 0
0 0
0 0
0 0
0 0
0 0
0 0
0 0
0 0
0 0
0 0
0 0
0 0
0 0
0 0
0 0
0 0
0 0
0 0
0 0
0 0
0 0
0 0
0 0
0 0
0 0
0 0
0 0
0 0
0 0
0 0
0 0
0 0
0 0
0 0
0 0
0 0
0 0
0 0
0 0
0 0
0 0
0 0
0 0
0 0
0.00341867 0
0.174367 0
-0.0195009 0
0.174367 0
0.00341865 0
-0.164986 0
-0.405163 0
-0.0654156 0
0.0065059 0
0.0631204 0
0.21905 0
-0.0654156 0
0.0065058 0
0.00429168 0
-0.405163 0
-0.019501 0
0.174367 0
0.0631204 0
0.174367 0
0.00341864 0
-0.164986 0
0.0034187 0
0.0631204 0
0.00650585 0
-0.0654156 0
0.21905 0
0.21999 0
0.21905 0
-0.0654156 0
0.00650599 0
0.0631204 0
0.0042917 0
0.00650591 0
-0.0654156 0
-0.405163 0
-0.0654157 0
0.00650578 0
0.0042917 0
0.0631204 0
0.174367 0
-0.0195009 0
0.174367 0
0.0631204 0
0.00341863 0
-0.164986 0
0.00341868 0
0.246765 0
-0.0439105 0
-0.154116 0
-0.0248739 0
-0.154366 0
0.0321997 0
0.0421991 0
-0.0384517 0
0.0201984 0
0.237978 0
-0.0759026 0
-0.187496 0
-0.00595746 0
-0.141444 0
0.0160073 0
-0.0584611 0
-0.00016847 0
0.311808 0
-0.0259235 0
0.288874 0
0.0122143 0
-0.253825 0
-0.217111 0
0.0481759 0
0.316748 0
0.020874 0
-4.1694e-09 0
0.0550286 0
0.293062 0
0.031894 0
-0.303893 0
0.0388986 0
-0.0520924 0
-0.25461 0
-0.0582064 0
-0.129252 0
-0.0422185 0
0.102545 0
0.0659142 0
0.0507974 0
0.212577 0
0.044079 0
-0.0946969 0
-0.134508 0
-0.044414 0
0.00706016 0
0 0
0 0
0 0
0 0
0 0
0 0
0 0
0 0
0 0
0 0
0 0
0 0
0 0
0 0
0 0
0 0
0 0
0 0
0 0
0 0
0 0
0 0
0 0
0 0
0 0
0 0
0 0
0 0
0 0
0 0
0 0
0 0
0 0
0 0
0 0
0 0
0 0
0 0
0 0
0 0
0 0
0 0
0 0
0 0
0 0
0 0
0.150622 0
0.0255463 0
0.156484 0
0.0442948 0
-0.24444 0
-0.0326944 0
-0.0428473 0
-0.316199 0
-0.0484895 0
0.213508 0
-0.0197192 0
0.257498 0
0.0521892 0
-0.0367464 0
0.0579691 0
-0.211711 0
-0.0508007 0
-0.0706761 0
-0.0436888 0
-0.0114655 0
0.0442329 0
0.138393 0
-0.234696 0
-0.0209353 0
0.033627 0
0.0755932 0
-7.46594e-09 0
-0.055874 0
0.124799 0
0.0417371 0
0.0993413 0
0.140867 0
0.00675238 0
0.191399 0
-0.0151218 0
-0.291125 0
-0.0312539 0
-0.104121 0
-0.312849 0
-0.000605965 0
0.0552266 0
0.0252544 0
0.305372 0
0.255905 0
-0.0115386 0
-0.289016 0
0 0
0 0
0 0
0 0
0 0
0 0
0 0
0 0
0 0
0 0
0 0
0 0
0 0
0 0
0 0
0 0
0 0
0 0
0 0
0 0
0 0
0 0
0 0
0 0
0 0
0 0
0 0
0 0
0 0
0 0
0 0
0 0
0 0
0 0
0 0
0 0
0 0
0 0
0 0
0 0
0 0
0 0
0 0
0 0
0 0
0 0
-0.0434323 0
0.0378108 0
0.254188 0
0.0378108 0
-0.0434322 0
-0.031373 0
-0.0573882 0
-0.208641 0
-0.0248791 0
-0.107392 0
0.0300124 0
-0.208641 0
-0.0248791 0
0.246998 0
-0.0573882 0
0.254188 0
0.0378108 0
-0.107392 0
0.0378108 0
-0.0434322 0
-0.031373 0
-0.0434323 0
-0.107392 0
-0.0248791 0
-0.208641 0
0.0300124 0
0.503599 0
0.0300124 0
-0.208641 0
-0.0248791 0
-0.107392 0
0.246998 0
-0.0248791 0
-0.208641 0
-0.0573882 0
-0.208641 0
-0.0248791 0
0.246998 0
-0.107392 0
0.0378108 0
0.254188 0
0.0378108 0
-0.107392 0
-0.0434322 0
-0.031373 0
-0.0434323 0
0 0
0 0
0 0
0 0
0 0
0 0
0 0
0 0
0 0
0 0
0 0
0 0
0 0
0 0
0 0
0 0
0 0
0 0
0 0
0 0
0 0
0 0
0 0
0 0
0 0
0 0
0 0
0 0
0 0
0 0
0 0
0 0
0 0
0 0
0 0
0 0
0 0
0 0
0 0
0 0
0 0
0 0
0 0
0 0
0 0
0 0
0 0
0 0
0 0
0 0
0 0
0 0
0 0
0 0
0 0
0 0
0 0
0 0
0 0
0 0
0 0
0 0
0 0
0 0
0 0
0 0
0 0
0 0
0 0
0 0
0 0
0 0
0 0
0 0
0 0
0 0
0 0
0 0
0 0
0 0
0 0
0 0
0 0
0 0
0 0
0 0
0 0
0 0
0 0
0 0
0 0
0 0
0.0492229 0
0.165898 0
-0.0345118 0
-0.0718212 0
-0.0422015 0
-0.0379101 0
-0.188981 0
-0.0778188 0
0.255986 0
0.0676641 0
-0.269478 0
0.0068777 0
-0.106075 0
0.0519067 0
0.393448 0
0.0718518 0
-0.101011 0
-0.0760856 0
-0.0948532 0
-0.00612506 0
0.078927 0
-0.0084931 0
0.0061914 0
-0.149047 0
0.0693805 0
0.518545 0
-3.92033e-10 0
-0.249067 0
0.0106904 0
-0.116566 0
-0.0776778 0
-0.0998819 0
-0.13942 0
0.0671284 0
-0.204468 0
-0.0762582 0
0.255122 0
0.0479752 0
0.0100137 0
0.166674 0
-0.03734 0
-0.0648878 0
0.0698942 0
0.0483266 0
-0.0410169 0
-0.0407298 0
0 0
0 0
0 0
0 0
0 0
0 0
0 0
0 0
0 0
0 0
0 0
0 0
0 0
0 0
0 0
0 0
0 0
0 0
0 0
0 0
0 0
0 0
0 0
0 0
0 0
0 0
0 0
0 0
0 0
0 0
0 0
0 0
0 0
0 0
0 0
0 0
0 0
0 0
0 0
0 0
0 0
0 0
0 0
0 0
0 0
0 0
0.0186119 0
-0.0208555 0
0.0630419 0
-0.150993 0
-0.0314377 0
0.0692496 0
0.345207 0
-0.0325845 0
0.0131943 0
-0.0506287 0
-0.443181 0
-0.0840846 0
0.233347 0
0.0853653 0
-0.00894142 0
-0.00163289 0
-0.133244 0
0.0367788 0
0.137696 0
0.0522664 0
-0.00179367 0
-0.0519342 0
-0.0842815 0
-0.208538 0
0.0479986 0
-0.0117843 0
1.85212e-08 0
0.454966 0
0.0836853 0
-0.228287 0
-0.0332844 0
0.00226989 0
0.215093 0
-0.0511008 0
-0.336266 0
0.036086 0
-0.0248096 0
-0.0876352 0
0.0839132 0
0.0132976 0
-0.061409 0
0.1541 0
0.0475026 0
-0.0208288 0
-0.067456 0
0.0333223 0
-0.112937 0
0.0251636 0
-6.76163e-08 0
-0.0251636 0
0.112937 0
5.32965e-09 0
1.35322e-08 0
0.342498 0
0.0602344 0
-0.17985 0
-1.35609e-10 0
-0.342498 0
-0.0602344 0
-7.23799e-08 0
1.78507e-08 0
-9.01205e-08 0
0.0251636 0
0.17985 0
-0.0251636 0
0.112937 0
5.54069e-09 0
-0.112937 0
0.17985 0
-0.0602344 0
-0.342498 0
1.23627e-09 0
-1.40684e-07 0
-1.57603e-08 0
0.342498 0
0.0602344 0
-0.179849 0
-7.34442e-08 0
0.0602344 0
0.342498 0
1.70756e-08 0
-0.342498 0
-0.0602344 0
-1.11906e-07 0
-0.17985 0
-0.0251636 0
-8.91459e-08 0
0.0251636 0
0.17985 0
0.112937 0
5.28863e-09 0
-0.112937 0
0 0
0 0
0 0
0 0
0 0
0 0
0 0
0 0
0 0
0 0
0 0
0 0
0 0
0 0
0 0
0 0
0 0
0 0
0 0
0 0
0 0
0 0
0 0
0 0
0 0
0 0
0 0
0 0
0 0
0 0
0 0
0 0
0 0
0 0
0 0
0 0
0 0
0 0
0 0
0 0
0 0
0 0
0 0
0 0
0 0
0 0
0 0
0 0
0 0
0 0
0 0
0 0
0 0
0 0
0 0
0 0
0 0
0 0
0 0
0 0
0 0
0 0
0 0
0 0
0 0
0 0
0 0
0 0
0 0
0 0
0 0
0 0
0 0
0 0
0 0
0 0
0 0
0 0
0 0
0 0
0 0
0 0
0 0
0 0
0 0
0 0
0 0
0 0
0 0
0 0
0 0
0 0
-0.24369 0
0.00937735 0
-6.80908e-08 0
-0.00937735 0
0.24369 0
-1.20658e-08 0
-1.04955e-08 0
0.242195 0
-0.00891383 0
-0.220128 0
-4.87612e-09 0
-0.242194 0
0.00891381 0
-7.30877e-08 0
-2.5151e-09 0
-8.01838e-08 0
0.00937735 0
0.220128 0
-0.00937735 0
0.24369 0
-1.52999e-09 0
-0.24369 0
0.220128 0
0.00891382 0
-0.242194 0
-2.54075e-09 0
-7.583e-08 0
-8.11043e-09 0
0.242195 0
-0.00891384 0
-0.220128 0
-7.23714e-08 0
-0.00891383 0
0.242195 0
-2.45678e-09 0
-0.242194 0
0.00891381 0
-1.25343e-07 0
-0.220128 0
-0.00937736 0
-7.88011e-08 0
0.00937735 0
0.220128 0
0.24369 0
7.61548e-10 0
-0.24369 0
0 0
0 0
0 0
0 0
0 0
0 0
0 0
0 0
0 0
0 0
0 0
0 0
0 0
0 0
0 0
0 0
0 0
0 0
0 0
0 0
0 0
0 0
0 0
0 0
0 0
0 0
0 0
0 0
0 0
0 0
0 0
0 0
0 0
0 0
0 0
0 0
0 0
0 0
0 0
0 0
0 0
0 0
0 0
0 0
0 0
0 0
-0.268203 0
0.0280834 0
-0.0626689 0
-0.0183342 0
0.284108 0
-0.00554299 0
-0.013865 0
0.104196 0
0.0117835 0
-0.174536 0
-0.00650071 0
-0.0884582 0
-0.00350021 0
0.0406327 0
0.0172869 0
0.0781353 0
0.00562637 0
0.0566499 0
-0.0177817 0
0.129348 0
0.00691096 0
-0.149179 0
0.259028 0
-0.0183617 0
-0.00746151 0
0.0328413 0
6.91775e-09 0
-0.0263406 0
-0.03215 0
0.0117018 0
-0.161994 0
-0.205275 0
-0.0234853 0
-0.0720461 0
-0.00342183 0
0.0959196 0
0.0218619 0
0.164642 0
0.33653 0
0.0361159 0
-0.0154663 0
-0.0337098 0
-0.315678 0
-0.413456 0
-0.00136798 0
0.417382 0
-0 0
-0 0
-0 0
-0 0
-0 0
-0 0
-0 0
-0 0
-0 0
-0 0
-0 0
-0 0
-0 0
-0 0
-0 0
-0 0
-0 0
-0 0
-0 0
-0 0
-0 0
-0 0
-0 0
-0 0
-0 0
-0 0
-0 0
-0 0
-0 0
-0 0
-0 0
-0 0
-0 0
-0 0
-0 0
-0 0
-0 0
-0 0
-0 0
-0 0
-0 0
-0 0
-0 0
-0 0
-0 0
-0 0
-0.327104 0
0.0227107 0
0.0540409 0
-0.0311178 0
0.313388 0
0.00477983 0
0.0119562 0
0.023034 0
0.0203153 0
-0.287823 0
-0.0341687 0
0.0596871 0
0.0232231 0
0.213572 0
0.00602939 0
0.0272525 0
-0.0356763 0
-0.331807 0
0.0314367 0
-0.402739 0
0.00241044 0
0.395823 0
0.214964 0
-0.0146428 0
-0.106451 0
0.0114545 0
8.65128e-09 0
0.0227141 0
-0.101753 0
-0.0203624 0
0.295064 0
-0.071597 0
4.71909e-05 0
0.0787194 0
-0.0179856 0
0.0467634 0
-0.00858026 0
-0.141975 0
-0.00724143 0
-0.000318974 0
-0.0812933 0
0.0129656 0
0.116843 0
0.0893508 0
-0.00719028 0
-0.0687188 0
0 0
0 0
0 0
0 0
0 0
0 0
0 0
0 0
0 0
0 0
0 0
0 0
0 0
0 0
0 0
0 0
0 0
0 0
0 0
0 0
0 0
0 0
0 0
0 0
0 0
0 0
0 0
0 0
0 0
0 0
0 0
0 0
0 0
0 0
0 0
0 0
0 0
0 0
0 0
0 0
0 0
0 0
0 0
0 0
0 0
0 0
0.00758439 0
0.00375925 0
-0.255223 0
0.00375927 0
0.00758428 0
-0.00511695 0
-4.18866e-05 0
0.127665 0
-0.0174102 0
0.237664 0
-0.00518742 0
0.127665 0
-0.0174102 0
-0.319782 0
-4.18864e-05 0
-0.255223 0
0.00375924 0
0.237664 0
0.00375929 0
0.00758422 0
-0.00511695 0
0.00758447 0
0.237664 0
-0.0174102 0
0.127665 0
-0.00518741 0
-0.242278 0
-0.00518742 0
0.127665 0
-0.0174103 0
0.237664 0
-0.319782 0
-0.0174102 0
0.127665 0
-4.18838e-05 0
0.127665 0
-0.0174102 0
-0.319782 0
0.237664 0
0.00375927 0
-0.255223 0
0.00375923 0
0.237664 0
0.00758419 0
-0.00511694 0
0.00758446 0
0 0
0 0
0 0
0 0
0 0
0 0
0 0
0 0
0 0
0 0
0 0
0 0
0 0
0 0
0 0
0 0
0 0
0 0
0 0
0 0
0 0
0 0
0 0
0 0
0 0
0 0
0 0
0 0
0 0
0 0
0 0
0 0
0 0
0 0
0 0
0 0
0 0
0 0
0 0
0 0
0 0
0 0
0 0
0 0
0 0
0 0
-0.154699 0
-0.029771 0
-0.0145358 0
-0.0498538 0
-0.0921873 0
0.0794703 0
0.0821184 0
0.0827074 0
0.000712784 0
0.246087 0
-0.109263 0
0.207735 0
0.0103226 0
-0.33076 0
0.0325512 0
-0.0057618 0
-0.0292036 0
0.0945517 0
-0.0023592 0
-0.0907115 0
0.0315016 0
-0.00715279 0
0.252458 0
-0.0206423 0
-0.289412 0
0.0310165 0
-7.15182e-10 0
0.0782469 0
-0.289672 0
-0.0182225 0
0.103068 0
0.0938927 0
0.0175097 0
0.206965 0
-0.11467 0
0.0816771 0
0.0103197 0
0.236867 0
-0.349155 0
0.052213 0
0.0202976 0
0.0589747 0
-0.34701 0
0.182899 0
-0.110972 0
0.161852 0
0 0
0 0
0 0
0 0
0 0
0 0
0 0
0 0
0 0
0 0
0 0
0 0
0 0
0 0
0 0
0 0
0 0
0 0
0 0
0 0
0 0
0 0
0 0
0 0
0 0
0 0
0 0
0 0
0 0
0 0
0 0
0 0
0 0
0 0
0 0
0 0
0 0
0 0
0 0
0 0
0 0
0 0
0 0
0 0
0 0
0 0
-0.0975749 0
-0.0509097 0
-0.0150454 0
-0.0315073 0
-0.157969 0
0.082257 0
0.084998 0
-0.286733 0
-0.02063 0
0.261091 0
0.0272684 0
0.214249 0
0.0178759 0
0.0825465 0
-0.113616 0
0.020111 0
0.0512374 0
-0.346103 0
0.0589283 0
0.158821 0
-0.109952 0
0.182761 0
0.254936 0
1.64071e-06 0
0.0727797 0
-0.108259 0
1.54925e-08 0
0.0809907 0
0.0717399 0
0.00969772 0
-0.343663 0
-0.32772 0
0.0109323 0
0.214993 0
0.0286176 0
-0.287028 0
-0.0178776 0
0.245173 0
0.0825716 0
-0.027421 0
-0.00506565 0
-0.000327596 0
0.0911673 0
-0.000852057 0
0.0276948 0
-0.0851859 0
0 0
0 0
0 0
0 0
0 0
0 0
0 0
0 0
0 0
0 0
0 0
0 0
0 0
0 0
0 0
0 0
0 0
0 0
0 0
0 0
0 0
0 0
0 0
0 0
0 0
0 0
0 0
0 0
0 0
0 0
0 0
0 0
0 0
0 0
0 0
0 0
0 0
0 0
0 0
0 0
0 0
0 0
0 0
0 0
0 0
0 0
0.272148 0
-0.0970046 0
-2.24193e-07 0
0.0970048 0
-0.272148 0
-2.21736e-07 0
-1.71032e-07 0
0.271822 0
-0.0964327 0
-0.00243592 0
3.57896e-08 0
-0.271821 0
0.0964327 0
1.21156e-07 0
-1.88617e-07 0
-2.4201e-07 0
-0.0970046 0
0.00243498 0
0.0970048 0
-0.272148 0
-2.59352e-07 0
0.272148 0
0.00243505 0
0.0964327 0
-0.271821 0
2.65248e-08 0
-8.12299e-07 0
2.96344e-08 0
0.271822 0
-0.0964327 0
-0.002436 0
9.03956e-08 0
-0.0964327 0
0.271822 0
-1.75769e-07 0
-0.271821 0
0.0964327 0
1.41328e-07 0
-0.00243596 0
0.0970048 0
-2.61702e-07 0
-0.0970046 0
0.00243502 0
-0.272148 0
-2.55e-07 0
0.272148 0
0 0
0 0
0 0
0 0
0 0
0 0
0 0
0 0
0 0
0 0
0 0
0 0
0 0
0 0
0 0
0 0
0 0
0 0
0 0
0 0
0 0
0 0
0 0
0 0
0 0
0 0
0 0
0 0
0 0
0 0
0 0
0 0
0 0
0 0
0 0
0 0
0 0
0 0
0 0
0 0
0 0
0 0
0 0
0 0
0 0
0 0
0.199057 0
0.0537775 0
-0.137437 0
0.0537771 0
0.199058 0
-0.126381 0
-0.0780031 0
0.17549 0
-0.00167014 0
-0.214289 0
0.0159598 0
0.175491 0
-0.00167055 0
0.0434784 0
-0.0780031 0
-0.137437 0
0.0537775 0
-0.214289 0
0.0537771 0
0.199058 0
-0.126381 0
0.199057 0
-0.214289 0
-0.00167055 0
0.175491 0
0.0159598 0
-0.3941 0
0.0159598 0
0.17549 0
-0.0016702 0
-0.214289 0
0.0434785 0
-0.00167014 0
0.17549 0
-0.0780031 0
0.175491 0
-0.00167049 0
0.0434784 0
-0.214289 0
0.0537771 0
-0.137437 0
0.0537775 0
-0.214289 0
0.199058 0
-0.126381 0
0.199057 0
-0.0254003 0
0.250174 0
0.0176505 0
-0.0306591 0
0.0639439 0
-0.170334 0
-0.271113 0
0.0369662 0
0.259901 0
-0.0735819 0
-0.090245 0
-0.0262261 0
-0.193998 0
-0.0206171 0
0.356223 0
-0.0231914 0
-0.0850341 0
0.0895636 0
-0.203394 0
-0.00649445 0
0.223807 0
-0.0441493 0
-0.0576313 0
-0.0706261 0
-0.0131079 0
0.377715 0
2.49801e-08 0
-0.28747 0
-0.00512206 0
-0.0546951 0
0.0828411 0
0.0862918 0
-0.205206 0
-0.0318442 0
-0.08511 0
0.039334 0
0.264624 0
-0.0656747 0
-0.0092592 0
0.234052 0
0.00554097 0
-0.16514 0
-0.0319323 0
-0.0574495 0
-0.0534727 0
0.0695494 0
0 0
0 0
0 0
0 0
0 0
0 0
0 0
0 0
0 0
0 0
0 0
0 0
0 0
0 0
0 0
0 0
0 0
0 0
0 0
0 0
0 0
0 0
0 0
0 0
0 0
0 0
0 0
0 0
0 0
0 0
0 0
0 0
0 0
0 0
0 0
0 0
0 0
0 0
0 0
0 0
0 0
0 0
0 0
0 0
0 0
0 0
0.065644 0
-0.0462494 0
0.0165887 0
0.25256 0
-0.0294189 0
-0.160088 0
-0.254804 0
-0.0154281 0
-0.0868973 0
-0.0531742 0
0.384045 0
-0.0302773 0
-0.193557 0
0.0877379 0
-0.107389 0
0.0069914 0
0.239782 0
-0.0148374 0
-0.152831 0
0.0700866 0
-0.0674702 0
-0.0548193 0
-0.0701457 0
0.264786 0
0.0378512 0
-0.113868 0
-4.62556e-08 0
-0.270177 0
0.0397277 0
0.268529 0
-0.0371367 0
-0.026014 0
-0.181632 0
-0.0242996 0
0.362193 0
-0.00757378 0
-0.071229 0
-0.0617239 0
0.0903109 0
-0.0997281 0
-0.0235801 0
-0.193533 0
0.084983 0
-0.0406676 0
0.227558 0
-0.0108247 0
0 0
0 0
0 0
0 0
0 0
0 0
0 0
0 0
0 0
0 0
0 0
0 0
0 0
0 0
0 0
0 0
0 0
0 0
0 0
0 0
0 0
0 0
0 0
0 0
0 0
0 0
0 0
0 0
0 0
0 0
0 0
0 0
0 0
0 0
0 0
0 0
0 0
0 0
0 0
0 0
0 0
0 0
0 0
0 0
0 0
0 0
0 0
0 0
0 0
0 0
0 0
0 0
0 0
0 0
0 0
0 0
0 0
0 0
0 0
0 0
0 0
0 0
0 0
0 0
0 0
0 0
0 0
0 0
0 0
0 0
0 0
0 0
0 0
0 0
0 0
0 0
0 0
0 0
0 0
0 0
0 0
0 0
0 0
0 0
0 0
0 0
0 0
0 0
0 0
0 0
0 0
0 0
0.29223 0
-0.011783 0
-0.367341 0
0.0873171 0
0.0472157 0
-0.106414 0
0.0180457 0
0.188804 0
-0.106772 0
0.0687707 0
0.0126775 0
-0.223558 0
0.101431 0
0.0458212 0
-0.0240611 0
0.489788 0
-0.070176 0
-0.110482 0
-0.0305358 0
-0.2753 0
0.141885 0
-0.177294 0
0.10903 0
-0.0190609 0
0.128417 0
-0.0507101 0
-1.22174e-07 0
0.0380327 0
-0.199403 0
0.066346 0
-0.126586 0
-0.183286 0
0.0404258 0
0.010599 0
0.00601523 0
0.0951409 0
-0.0823697 0
0.137464 0
0.0578153 0
-0.0567813 0
-0.122446 0
0.0819591 0
0.00145153 0
0.228084 0
-0.0354712 0
-0.114936 0
0 0
0 0
0 0
0 0
0 0
0 0
0 0
0 0
0 0
0 0
0 0
0 0
0 0
0 0
0 0
0 0
0 0
0 0
0 0
0 0
0 0
0 0
0 0
0 0
0 0
0 0
0 0
0 0
0 0
0 0
0 0
0 0
0 0
0 0
0 0
0 0
0 0
0 0
0 0
0 0
0 0
0 0
0 0
0 0
0 0
0 0
-0.036002 0
-0.0878353 0
0.353474 0
0.0151528 0
-0.290629 0
0.102397 0
-0.0173646 0
-0.121245 0
0.0149651 0
-0.106464 0
0.0512357 0
-0.0192121 0
-0.0365514 0
0.185185 0
-0.00694584 0
0.14139 0
0.0541221 0
-0.0621108 0
-0.0831952 0
0.104425 0
0.040959 0
-0.235078 0
-0.0646249 0
0.106117 0
-0.184001 0
-0.0146388 0
-1.0344e-07 0
-0.0365968 0
-0.102887 0
0.0849846 0
-0.00632511 0
-0.0529102 0
-0.0999496 0
0.224132 0
0.0243103 0
0.203213 0
-0.0695658 0
-0.132275 0
0.112789 0
0.0680424 0
-0.494864 0
0.0337132 0
0.126736 0
0.186205 0
-0.143356 0
0.27108 0
0.0513559 0
0.209517 0
-0.0561571 0
0.209516 0
0.051356 0
-0.373446 0
-0.25213 0
0.0535261 0
-0.0191272 0
-0.0601694 0
0.12174 0
0.0535261 0
-0.0191274 0
0.0117878 0
-0.25213 0
-0.0561572 0
0.209516 0
-0.0601694 0
0.209517 0
0.0513559 0
-0.373447 0
0.051356 0
-0.0601694 0
-0.0191275 0
0.0535261 0
0.121741 0
-0.127476 0
0.12174 0
0.0535262 0
-0.0191277 0
-0.0601694 0
0.0117879 0
-0.0191273 0
0.0535261 0
-0.25213 0
0.053526 0
-0.019127 0
0.0117879 0
-0.0601694 0
0.209517 0
-0.056157 0
0.209516 0
-0.0601694 0
0.0513558 0
-0.373446 0
0.0513559 0
0 0
0 0
0 0
0 0
0 0
0 0
0 0
0 0
0 0
0 0
0 0
0 0
0 0
0 0
0 0
0 0
0 0
0 0
0 0
0 0
0 0
0 0
0 0
0 0
0 0
0 0
0 0
0 0
0 0
0 0
0 0
0 0
0 0
0 0
0 0
0 0
0 0
0 0
0 0
0 0
0 0
0 0
0 0
0 0
0 0
0 0
0.0903586 0
-0.291942 0
-1.47153e-07 0
0.291942 0
-0.0903584 0
-4.93913e-07 0
-4.33521e-08 0
0.0900392 0
-0.255014 0
-0.011529 0
-1.45832e-08 0
-0.0900392 0
0.255014 0
-1.18021e-08 0
1.07978e-07 0
1.44738e-07 0
-0.291943 0
0.011529 0
0.291942 0
-0.0903586 0
5.54263e-07 0
0.0903584 0
0.0115289 0
0.255013 0
-0.0900391 0
-1.52305e-09 0
2.6767e-08 0
-6.16229e-08 0
0.0900391 0
-0.255013 0
-0.0115289 0
-8.10263e-09 0
-0.255013 0
0.090039 0
1.02069e-07 0
-0.0900391 0
0.255013 0
1.29431e-08 0
-0.0115289 0
0.291942 0
2.6519e-08 0
-0.291942 0
0.011529 0
-0.0903584 0
1.8705e-07 0
0.0903584 0
0 0
0 0
0 0
0 0
0 0
0 0
0 0
0 0
0 0
0 0
0 0
0 0
0 0
0 0
0 0
0 0
0 0
0 0
0 0
0 0
0 0
0 0
0 0
0 0
0 0
0 0
0 0
0 0
0 0
0 0
0 0
0 0
0 0
0 0
0 0
0 0
0 0
0 0
0 0
0 0
0 0
0 0
0 0
0 0
0 0
0 0
0.0959579 0
0.050792 0
-0.113527 0
0.296494 0
0.0200764 0
-0.361501 0
-0.00466051 0
0.0909848 0
-0.25761 0
-0.0121129 0
0.00393817 0
-0.0918263 0
0.250201 0
0.00225126 0
0.00658283 0
0.160365 0
-0.284823 0
0.0107852 0
-0.205742 0
-0.0941645 0
0.510644 0
-0.0697417 0
-0.000514885 0
-0.0491391 0
0.0236971 0
-0.0134833 0
-1.00375e-07 0
0.00954541 0
-0.0701694 0
0.183103 0
0.00705228 0
-0.00770795 0
0.0745075 0
-0.0208155 0
-0.00192294 0
0.0681296 0
-0.201062 0
0.0054567 0
0.00506053 0
-0.0907526 0
-0.0468376 0
0.234032 0
-0.0102704 0
0.0740885 0
-0.149144 0
-0.0262165 0
0 0
0 0
0 0
0 0
0 0
0 0
0 0
0 0
0 0
0 0
0 0
0 0
0 0
0 0
0 0
0 0
0 0
0 0
0 0
0 0
0 0
0 0
0 0
0 0
0 0
0 0
0 0
0 0
0 0
0 0
0 0
0 0
0 0
0 0
0 0
0 0
0 0
0 0
0 0
0 0
0 0
0 0
0 0
0 0
0 0
0 0
0.0251292 0
0.299561 0
-0.119628 0
0.0663891 0
0.097141 0
-0.380929 0
-0.00491079 0
0.0284944 0
-0.0626977 0
-0.00114991 0
-0.0132955 0
-0.0256532 0
0.0877127 0
-0.00760058 0
-0.00158041 0
-0.0385031 0
-0.105794 0
0.00563241 0
0.223577 0
-0.0311839 0
-0.122604 0
0.0705373 0
-0.0121565 0
-0.260537 0
0.0923506 0
0.00323724 0
7.64735e-08 0
0.010058 0
0.0645479 0
-0.191748 0
-0.00991508 0
0.00185066 0
0.254446 0
-0.0930425 0
0.00649167 0
-0.0666974 0
0.172824 0
0.00574992 0
0.0110651 0
-0.289967 0
0.158131 0
-0.193767 0
0.00652414 0
-0.065957 0
0.503534 0
-0.0956668 0
0 0
0 0
0 0
0 0
0 0
0 0
0 0
0 0
0 0
0 0
0 0
0 0
0 0
0 0
0 0
0 0
0 0
0 0
0 0
0 0
0 0
0 0
0 0
0 0
0 0
0 0
0 0
0 0
0 0
0 0
0 0
0 0
0 0
0 0
0 0
0 0
0 0
0 0
0 0
0 0
0 0
0 0
0 0
0 0
0 0
0 0
0 0
0 0
0 0
0 0
0 0
0 0
0 0
0 0
0 0
0 0
0 0
0 0
0 0
0 0
0 0
0 0
0 0
0 0
0 0
0 0
0 0
0 0
0 0
0 0
0 0
0 0
0 0
0 0
0 0
0 0
0 0
0 0
0 0
0 0
0 0
0 0
0 0
0 0
0 0
0 0
0 0
0 0
0 0
0 0
0 0
0 0
0.239228 0
-0.0649063 0
0.000518244 0
0.0650608 0
0.0195558 0
-0.0766308 0
-0.000383512 0
0.297295 0
0.0381369 0
-0.219539 0
-0.213147 0
0.326918 0
0.0205644 0
-0.193262 0
-0.000287628 0
0.000388709 0
0.0715403 0
-0.19594 0
-0.0714245 0
0.217863 0
-0.057472 0
-0.0237785 0
-0.0407557 0
0.0840641 0
-0.296676 0
0.0913475 0
3.13084e-09 0
0.121799 0
-0.326454 0
0.0710847 0
0.000722825 0
0.0828256 0
-0.109222 0
0.0291593 0
0.000671141 0
-0.030242 0
-0.104629 0
0.110436 0
0.218816 0
0.0063637 0
-0.000906951 0
-0.00663404 0
0.236696 0
-0.237419 0
0.134103 0
-0.21545 0
0 0
0 0
0 0
0 0
0 0
0 0
0 0
0 0
0 0
0 0
0 0
0 0
0 0
0 0
0 0
0 0
0 0
0 0
0 0
0 0
0 0
0 0
0 0
0 0
0 0
0 0
0 0
0 0
0 0
0 0
0 0
0 0
0 0
0 0
0 0
0 0
0 0
0 0
0 0
0 0
0 0
0 0
0 0
0 0
0 0
0 0
-0.110662 0
-0.045134 0
-0.000748065 0
0.044911 0
-0.262857 0
0.110606 0
0.000553545 0
0.205313 0
-0.1041 0
0.125916 0
-0.0175812 0
-0.153826 0
0.108942 0
-0.0159409 0
-0.000608899 0
0.000822866 0
-0.0336435 0
-0.160187 0
0.0338887 0
0.148364 0
-0.121667 0
0.262509 0
0.249782 0
-0.0722802 0
-0.206206 0
0.193381 0
-1.32477e-09 0
-0.1758 0
0.154808 0
0.0850774 0
-0.253084 0
0.17534 0
0.0190224 0
-0.360122 0
5.53521e-05 0
0.360032 0
-0.0366616 0
-0.159399 0
0.127168 0
-0.0787998 0
-7.47897e-05 0
0.0787775 0
-0.0895957 0
0.114493 0
0.0110613 0
-0.151847 0
-0.0670507 0
0.175257 0
-0.0663012 0
-0.19654 0
0.0427448 0
0.0517948 0
0.231213 0
0.0108076 0
-0.215469 0
0.122678 0
-0.0480331 0
0.00658047 0
0.331312 0
-0.0336803 0
-0.302939 0
0.0868687 0
0.0930766 0
-0.126364 0
-0.0651911 0
0.039292 0
-0.0678622 0
-0.0074461 0
0.0449641 0
-0.326267 0
-0.0360891 0
0.202873 0
2.55764e-09 0
-0.15484 0
0.0265436 0
0.378477 0
-0.0932827 0
0.142252 0
-0.163008 0
-0.0373512 0
0.0717253 0
0.0295086 0
-0.00504507 0
-0.108572 0
-0.0293954 0
0.261731 0
-0.0205675 0
-0.268334 0
0.0814001 0
-0.0820369 0
0.0160674 0
0.0744969 0
0 0
0 0
0 0
0 0
0 0
0 0
0 0
0 0
0 0
0 0
0 0
0 0
0 0
0 0
0 0
0 0
0 0
0 0
0 0
0 0
0 0
0 0
0 0
0 0
0 0
0 0
0 0
0 0
0 0
0 0
0 0
0 0
0 0
0 0
0 0
0 0
0 0
0 0
0 0
0 0
0 0
0 0
0 0
0 0
0 0
0 0
-0.0473098 0
0.20866 0
0.0620283 0
-0.188749 0
0.0700493 0
-0.0484567 0
-0.216312 0
0.0368896 0
0.312626 0
-0.0368853 0
-0.206525 0
0.0378728 0
0.185457 0
-0.144813 0
-0.0920805 0
0.0264044 0
-0.256107 0
0.0210364 0
0.264583 0
-0.0720428 0
-0.0206272 0
0.0817226 0
-0.119953 0
0.194196 0
-0.0132375 0
0.0616647 0
-4.26059e-11 0
0.14486 0
-0.0278045 0
0.0302883 0
-0.0877997 0
0.0432386 0
-0.342915 0
-0.0090852 0
0.308393 0
-0.0246352 0
-0.379653 0
0.101575 0
0.124685 0
-0.0758345 0
-0.0884327 0
0.0474469 0
0.0989165 0
0.00199352 0
0.0690839 0
-0.0344128 0
0 0
0 0
0 0
0 0
0 0
0 0
0 0
0 0
0 0
0 0
0 0
0 0
0 0
0 0
0 0
0 0
0 0
0 0
0 0
0 0
0 0
0 0
0 0
0 0
0 0
0 0
0 0
0 0
0 0
0 0
0 0
0 0
0 0
0 0
0 0
0 0
0 0
0 0
0 0
0 0
0 0
0 0
0 0
0 0
0 0
0 0
0 0
0 0
0 0
0 0
0 0
0 0
0 0
0 0
0 0
0 0
0 0
0 0
0 0
0 0
0 0
0 0
0 0
0 0
0 0
0 0
0 0
0 0
0 0
0 0
0 0
0 0
0 0
0 0
0 0
0 0
0 0
0 0
0 0
0 0
0 0
0 0
0 0
0 0
0 0
0 0
0 0
0 0
0 0
0 0
0 0
0 0
0.118678 0
-0.109314 0
0.18203 0
0.117172 0
-0.227877 0
0.0317539 0
-0.0995684 0
0.0605302 0
0.0533936 0
-0.320635 0
0.00671747 0
-0.0806185 0
-0.0881605 0
0.0950857 0
0.133995 0
-0.244969 0
-0.0490873 0
0.258002 0
0.0385124 0
0.0064583 0
-0.0427331 0
0.140498 0
0.041196 0
0.0873995 0
0.0587774 0
-0.0261458 0
-4.77746e-09 0
0.0194283 0
-0.0799408 0
-0.101313 0
0.118055 0
-0.370091 0
0.0479195 0
0.0194106 0
-0.0344267 0
0.0218411 0
0.000760983 0
0.275005 0
0.20258 0
-0.155685 0
0.0629386 0
0.158402 0
-0.299198 0
0.221419 0
0.0109793 0
-0.259176 0
0 0
0 0
0 0
0 0
0 0
0 0
0 0
0 0
0 0
0 0
0 0
0 0
0 0
0 0
0 0
0 0
0 0
0 0
0 0
0 0
0 0
0 0
0 0
0 0
0 0
0 0
0 0
0 0
0 0
0 0
0 0
0 0
0 0
0 0
0 0
0 0
0 0
0 0
0 0
0 0
0 0
0 0
0 0
0 0
0 0
0 0
0.230752 0
-0.119794 0
-0.177771 0
0.11212 0
-0.124107 0
-0.0310109 0
0.0972384 0
-0.0573605 0
-0.0861595 0
-0.0488008 0
0.0263122 0
-0.0213252 0
-0.0500208 0
0.372447 0
0.0376096 0
-0.0687576 0
0.154566 0
-0.196527 0
-0.157534 0
0.259401 0
-0.0119943 0
-0.218154 0
0.3217 0
-0.0513388 0
-0.0591551 0
-0.00733863 0
6.92999e-08 0
-0.0189736 0
-0.0237404 0
-0.00316051 0
0.302078 0
-0.103877 0
0.08932 0
0.0811009 0
-0.134848 0
0.0804802 0
0.10136 0
-0.26857 0
-0.253278 0
0.0454143 0
0.246528 0
-0.034772 0
-0.125173 0
-0.135294 0
0.0430051 0
-0.0125977 0
0 0
0 0
0 0
0 0
0 0
0 0
0 0
0 0
0 0
0 0
0 0
0 0
0 0
0 0
0 0
0 0
0 0
0 0
0 0
0 0
0 0
0 0
0 0
0 0
0 0
0 0
0 0
0 0
0 0
0 0
0 0
0 0
0 0
0 0
0 0
0 0
0 0
0 0
0 0
0 0
0 0
0 0
0 0
0 0
0 0
0 0
0.230144 0
-0.0185773 0
-0.246861 0
-0.0185773 0
0.230144 0
-0.133555 0
0.163379 0
-0.124409 0
-0.0218612 0
0.0749612 0
-0.0594873 0
-0.12441 0
-0.0218612 0
0.117176 0
0.163379 0
-0.246861 0
-0.0185774 0
0.0749613 0
-0.0185773 0
0.230144 0
-0.133555 0
0.230144 0
0.0749612 0
-0.0218612 0
-0.124409 0
-0.0594873 0
0.427159 0
-0.0594873 0
-0.124409 0
-0.0218612 0
0.0749612 0
0.117176 0
-0.0218612 0
-0.124409 0
0.163379 0
-0.124409 0
-0.0218612 0
0.117177 0
0.0749613 0
-0.0185773 0
-0.246861 0
-0.0185773 0
0.0749613 0
0.230144 0
-0.133555 0
0.230144 0
-0.0963194 0
0.322974 0
0.00185997 0
-0.323721 0
0.0898214 0
0.0116611 0
-0.00530609 0
-0.12822 0
-0.0211167 0
0.100057 0
0.420769 0
-0.0611105 0
-0.119282 0
0.0398018 0
-0.113539 0
0.0397996 0
-0.180738 0
0.0870526 0
0.164758 0
-0.119248 0
0.249536 0
-0.0198024 0
-0.0968366 0
0.0107649 0
0.128928 0
-0.401984 0
-1.91728e-07 0
-0.0187845 0
0.0762702 0
-0.102249 0
-0.0181371 0
-0.038025 0
0.123367 0
0.0519499 0
0.118843 0
-0.0678177 0
0.108518 0
-0.001777 0
-0.0819199 0
0.158964 0
-0.0416592 0
-0.142237 0
0.0097838 0
0.0294258 0
-0.261196 0
0.116121 0
0 0
0 0
0 0
0 0
0 0
0 0
0 0
0 0
0 0
0 0
0 0
0 0
0 0
0 0
0 0
0 0
0 0
0 0
0 0
0 0
0 0
0 0
0 0
0 0
0 0
0 0
0 0
0 0
0 0
0 0
0 0
0 0
0 0
0 0
0 0
0 0
0 0
0 0
0 0
0 0
0 0
0 0
0 0
0 0
0 0
0 0
-0.0784757 0
-0.0222285 0
0.0470303 0
0.00334529 0
-0.0858367 0
0.294871 0
-0.134166 0
0.0140414 0
-0.13026 0
0.036825 0
0.221241 0
-0.113591 0
0.0564376 0
0.0209278 0
0.0716778 0
-0.0251258 0
-0.26859 0
0.0615573 0
0.278678 0
-0.0348694 0
-0.157534 0
0.122653 0
0.0446112 0
-0.13152 0
0.0038724 0
0.253776 0
-1.54664e-08 0
-0.475017 0
0.104021 0
0.0834176 0
-0.105064 0
0.0240055 0
0.0468421 0
-0.118062 0
0.0624881 0
0.109719 0
0.0750827 0
-0.0449333 0
0.0682393 0
-0.282023 0
-0.0219045 0
0.290818 0
-0.106169 0
0.120706 0
-0.137337 0
-0.0441771 0
0 0
0 0
0 0
0 0
0 0
0 0
0 0
0 0
0 0
0 0
0 0
0 0
0 0
0 0
0 0
0 0
0 0
0 0
0 0
0 0
0 0
0 0
0 0
0 0
0 0
0 0
0 0
0 0
0 0
0 0
0 0
0 0
0 0
0 0
0 0
0 0
0 0
0 0
0 0
0 0
0 0
0 0
0 0
0 0
0 0
0 0
0.0825529 0
0.00203426 0
-0.119833 0
0.00203342 0
0.0825531 0
-0.289863 0
0.387382 0
-0.0362365 0
-0.126722 0
0.03605 0
-0.148764 0
-0.0362365 0
-0.126723 0
0.0715983 0
0.387382 0
-0.119833 0
0.00203352 0
0.03605 0
0.00203403 0
0.0825528 0
-0.289862 0
0.082553 0
0.0360497 0
-0.126722 0
-0.0362362 0
-0.148765 0
0.141251 0
-0.148765 0
-0.0362363 0
-0.126723 0
0.0360498 0
0.0715982 0
-0.126722 0
-0.0362363 0
0.387382 0
-0.0362364 0
-0.126722 0
0.0715982 0
0.0360498 0
0.00203404 0
-0.119833 0
0.00203373 0
0.0360499 0
0.082553 0
-0.289863 0
0.0825531 0
0 0
0 0
0 0
0 0
0 0
0 0
0 0
0 0
0 0
0 0
0 0
0 0
0 0
0 0
0 0
0 0
0 0
0 0
0 0
0 0
0 0
0 0
0 0
0 0
0 0
0 0
0 0
0 0
0 0
0 0
0 0
0 0
0 0
0 0
0 0
0 0
0 0
0 0
0 0
0 0
0 0
0 0
0 0
0 0
0 0
0 0
0 0
0 0
0 0
0 0
0 0
0 0
0 0
0 0
0 0
0 0
0 0
0 0
0 0
0 0
0 0
0 0
0 0
0 0
0 0
0 0
0 0
0 0
0 0
0 0
0 0
0 0
0 0
0 0
0 0
0 0
0 0
0 0
0 0
0 0
0 0
0 0
0 0
0 0
0 0
0 0
0 0
0 0
0 0
0 0
0 0
0 0
-0.285919 0
0.144928 0
-0.0393814 0
0.0386992 0
-0.172626 0
0.123164 0
-0.152598 0
0.256835 0
-0.103963 0
0.0799721 0
0.0161691 0
-0.309781 0
0.0948408 0
0.0140391 0
0.178938 0
0.0461793 0
-0.0749942 0
-0.0243194 0
-0.14033 0
0.303688 0
-0.144424 0
0.234008 0
-0.169172 0
-0.00687104 0
0.28773 0
-0.10984 0
-3.40412e-09 0
0.0936707 0
-0.328783 0
0.0351247 0
0.128916 0
-0.0953703 0
0.0688381 0
0.0719488 0
-0.0263408 0
0.0220517 0
-0.0879698 0
0.0813311 0
-0.208888 0
0.101631 0
-0.00679782 0
-0.0699342 0
0.193491 0
-0.131063 0
0.0212601 0
0.0519106 0
0 0
0 0
0 0
0 0
0 0
0 0
0 0
0 0
0 0
0 0
0 0
0 0
0 0
0 0
0 0
0 0
0 0
0 0
0 0
0 0
0 0
0 0
0 0
0 0
0 0
0 0
0 0
0 0
0 0
0 0
0 0
0 0
0 0
0 0
0 0
0 0
0 0
0 0
0 0
0 0
0 0
0 0
0 0
0 0
0 0
0 0
0.105134 0
-0.0029214 0
0.0305864 0
-0.139697 0
0.251004 0
-0.0956577 0
0.118518 0
-0.231363 0
-0.0194645 0
0.195032 0
0.117497 0
-0.153389 0
-0.0468224 0
0.102019 0
0.0728944 0
0.0188122 0
-0.124051 0
0.209383 0
0.0363338 0
0.0239965 0
-0.0588342 0
0.195046 0
-0.125753 0
0.105546 0
-0.191584 0
-0.0447456 0
-1.65594e-08 0
-0.0727512 0
-0.106744 0
0.0997666 0
-0.166774 0
-0.0388511 0
-0.0803022 0
0.338107 0
-0.191412 0
0.344973 0
-0.0587233 0
-0.0631676 0
-0.0282578 0
0.103363 0
-0.0493985 0
0.126972 0
-0.0836305 0
-0.275 0
0.154492 0
-0.30018 0
0.0739622 0
-0.0889566 0
0.0572987 0
-0.0889567 0
0.0739622 0
-0.185705 0
-0.0222647 0
-0.0205965 0
0.300088 0
-0.0572832 0
-0.209548 0
-0.0205965 0
0.300088 0
-0.159334 0
-0.0222646 0
0.0572987 0
-0.0889568 0
-0.0572832 0
-0.0889567 0
0.0739622 0
-0.185705 0
0.0739622 0
-0.0572833 0
0.300088 0
-0.0205965 0
-0.209548 0
0.185631 0
-0.209548 0
-0.0205965 0
0.300088 0
-0.0572833 0
-0.159334 0
0.300088 0
-0.0205964 0
-0.0222648 0
-0.0205964 0
0.300088 0
-0.159334 0
-0.0572833 0
-0.0889566 0
0.0572987 0
-0.0889567 0
-0.0572833 0
0.0739621 0
-0.185705 0
0.0739622 0
0 0
0 0
0 0
0 0
0 0
0 0
0 0
0 0
0 0
0 0
0 0
0 0
0 0
0 0
0 0
0 0
0 0
0 0
0 0
0 0
0 0
0 0
0 0
0 0
0 0
0 0
0 0
0 0
0 0
0 0
0 0
0 0
0 0
0 0
0 0
0 0
0 0
0 0
0 0
0 0
0 0
0 0
0 0
0 0
0 0
0 0
0 0
0 0
0 0
0 0
0 0
0 0
0 0
0 0
0 0
0 0
0 0
0 0
0 0
0 0
0 0
0 0
0 0
0 0
0 0
0 0
0 0
0 0
0 0
0 0
0 0
0 0
0 0
0 0
0 0
0 0
0 0
0 0
0 0
0 0
0 0
0 0
0 0
0 0
0 0
0 0
0 0
0 0
0 0
0 0
0 0
0 0
0.134249 0
-0.129221 0
-3.43804e-08 0
0.129221 0
-0.134249 0
-9.81313e-09 0
3.27582e-08 0
-0.136702 0
0.131352 0
-0.309847 0
4.93776e-08 0
0.136702 0
-0.131353 0
1.25335e-07 0
-1.24699e-08 0
-1.72717e-08 0
-0.129221 0
0.309847 0
0.129221 0
-0.134249 0
1.33037e-08 0
0.134249 0
0.309847 0
-0.131353 0
0.136702 0
4.17152e-08 0
-1.49219e-07 0
1.62406e-08 0
-0.136702 0
0.131352 0
-0.309847 0
1.22034e-07 0
0.131352 0
-0.136702 0
-2.63198e-08 0
0.136702 0
-0.131353 0
8.5898e-08 0
-0.309847 0
0.129221 0
-2.17434e-08 0
-0.129221 0
0.309847 0
-0.134249 0
2.56982e-08 0
0.134248 0
0.0650024 0
-0.242423 0
-5.10286e-09 0
0.242423 0
-0.0650023 0
-5.73008e-08 0
7.7229e-08 0
-0.0833125 0
0.277495 0
-0.140456 0
-3.57352e-08 0
0.0833125 0
-0.277495 0
9.71598e-10 0
-3.08495e-08 0
-4.09268e-09 0
-0.242423 0
0.140456 0
0.242423 0
-0.0650024 0
4.21141e-08 0
0.0650023 0
0.140456 0
-0.277495 0
0.0833125 0
-2.34239e-08 0
1.84928e-08 0
-3.7615e-09 0
-0.0833125 0
0.277495 0
-0.140456 0
5.87109e-09 0
0.277495 0
-0.0833125 0
-8.40776e-09 0
0.0833125 0
-0.277495 0
-2.52011e-08 0
-0.140456 0
0.242423 0
-7.76883e-09 0
-0.242423 0
0.140456 0
-0.0650024 0
3.29173e-08 0
0.0650023 0
0 0
0 0
0 0
0 0
0 0
0 0
0 0
0 0
0 0
0 0
0 0
0 0
0 0
0 0
0 0
0 0
0 0
0 0
0 0
0 0
0 0
0 0
0 0
0 0
0 0
0 0
0 0
0 0
0 0
0 0
0 0
0 0
0 0
0 0
0 0
0 0
0 0
0 0
0 0
0 0
0 0
0 0
0 0
0 0
0 0
0 0
0 0
0 0
0 0
0 0
0 0
0 0
0 0
0 0
0 0
0 0
0 0
0 0
0 0
0 0
0 0
0 0
0 0
0 0
0 0
0 0
0 0
0 0
0 0
0 0
0 0
0 0
0 0
0 0
0 0
0 0
0 0
0 0
0 0
0 0
0 0
0 0
0 0
0 0
0 0
0 0
0 0
0 0
0 0
0 0
0 0
0 0
0.11897 0
-0.0602234 0
0.18675 0
-0.0602233 0
0.11897 0
-0.0623574 0
-0.0440121 0
-0.018483 0
0.146253 0
-0.0946655 0
-0.0832281 0
-0.0184829 0
0.146253 0
-0.393974 0
-0.0440121 0
0.18675 0
-0.0602234 0
-0.0946654 0
-0.0602233 0
0.11897 0
-0.0623574 0
0.11897 0
-0.0946653 0
0.146253 0
-0.0184829 0
-0.0832281 0
0.317218 0
-0.0832281 0
-0.018483 0
0.146253 0
-0.0946655 0
-0.393974 0
0.146253 0
-0.018483 0
-0.0440121 0
-0.018483 0
0.146253 0
-0.393974 0
-0.0946655 0
-0.0602233 0
0.18675 0
-0.0602234 0
-0.0946654 0
0.11897 0
-0.0623574 0
0.11897 0
0.137548 0
-0.270447 0
0.0174532 0
-0.0619703 0
0.0825848 0
-0.251278 0
0.270056 0
-0.137287 0
0.226045 0
-0.0435761 0
-0.0300964 0
0.160425 0
-0.165309 0
-0.0157909 0
-0.349136 0
-0.0225641 0
0.168392 0
-0.000818784 0
0.261368 0
-0.154553 0
0.324859 0
-0.130041 0
0.0914068 0
-0.0737209 0
-0.0969868 0
0.132874 0
5.47386e-08 0
-0.102778 0
0.142452 0
-0.0316196 0
-0.0610182 0
0.0697158 0
-0.194425 0
-0.00516428 0
0.0790803 0
-0.0634382 0
0.23903 0
-0.053925 0
0.104594 0
-0.199397 0
0.00511084 0
0.102056 0
-0.0905881 0
0.0719683 0
-0.0735817 0
-0.00750689 0
0 0
0 0
0 0
0 0
0 0
0 0
0 0
0 0
0 0
0 0
0 0
0 0
0 0
0 0
0 0
0 0
0 0
0 0
0 0
0 0
0 0
0 0
0 0
0 0
0 0
0 0
0 0
0 0
0 0
0 0
0 0
0 0
0 0
0 0
0 0
0 0
0 0
0 0
0 0
0 0
0 0
0 0
0 0
0 0
0 0
0 0
0.070745 0
-0.038299 0
0.0159781 0
-0.266023 0
0.130782 0
-0.23004 0
0.247231 0
-0.0852261 0
-0.0939957 0
0.0956165 0
0.136054 0
-0.0193693 0
-0.180567 0
0.0713841 0
0.11026 0
0.00712588 0
-0.215064 0
0.105075 0
0.0793435 0
0.00612946 0
-0.102593 0
0.0837473 0
-0.0518284 0
0.233445 0
-0.129247 0
-0.0419625 0
-4.76859e-08 0
-0.0940909 0
-0.0762813 0
0.242758 0
-0.0855462 0
-0.0220167 0
-0.148763 0
0.161507 0
-0.35749 0
0.148617 0
-0.0528782 0
-0.0493673 0
-0.0100702 0
0.186679 0
-0.0231039 0
0.253364 0
-0.0532465 0
-0.136912 0
0.332633 0
-0.154492 0
0 0
0 0
0 0
0 0
0 0
0 0
0 0
0 0
0 0
0 0
0 0
0 0
0 0
0 0
0 0
0 0
0 0
0 0
0 0
0 0
0 0
0 0
0 0
0 0
0 0
0 0
0 0
0 0
0 0
0 0
0 0
0 0
0 0
0 0
0 0
0 0
0 0
0 0
0 0
0 0
0 0
0 0
0 0
0 0
0 0
0 0
0 0
0 0
0 0
0 0
0 0
0 0
0 0
0 0
0 0
0 0
0 0
0 0
0 0
0 0
0 0
0 0
0 0
0 0
0 0
0 0
0 0
0 0
0 0
0 0
0 0
0 0
0 0
0 0
0 0
0 0
0 0
0 0
0 0
0 0
0 0
0 0
0 0
0 0
0 0
0 0
0 0
0 0
0 0
0 0
0 0
0 0
0.0535852 0
-0.0245699 0
0.172403 0
-0.143322 0
0.142022 0
-0.0473836 0
-0.0377962 0
0.164016 0
-0.140769 0
0.23263 0
-0.0413986 0
-0.0116816 0
-0.00210496 0
0.13544 0
0.0591699 0
-0.269896 0
0.143524 0
-0.115802 0
0.119311 0
-0.144095 0
0.0741788 0
-0.162128 0
-0.132205 0
0.186021 0
-0.19598 0
0.114606 0
8.9986e-08 0
-0.0732075 0
0.0617206 0
-0.0687365 0
-0.041413 0
-0.374947 0
0.209505 0
-0.225737 0
-0.0213736 0
0.207662 0
-0.183916 0
0.239507 0
-0.191217 0
0.0240116 0
0.0974931 0
-0.118954 0
0.248007 0
0.00207303 0
-0.0267952 0
0.108542 0
0 0
0 0
0 0
0 0
0 0
0 0
0 0
0 0
0 0
0 0
0 0
0 0
0 0
0 0
0 0
0 0
0 0
0 0
0 0
0 0
0 0
0 0
0 0
0 0
0 0
0 0
0 0
0 0
0 0
0 0
0 0
0 0
0 0
0 0
0 0
0 0
0 0
0 0
0 0
0 0
0 0
0 0
0 0
0 0
0 0
0 0
0.156271 0
-0.151542 0
0.212112 0
-0.0550209 0
0.0843905 0
-0.0582974 0
-0.0465018 0
-0.165964 0
0.160643 0
-0.0864896 0
0.108434 0
-0.233042 0
0.213583 0
-0.354755 0
-0.00948159 0
0.0432492 0
0.0544925 0
-0.219516 0
-0.0966102 0
0.0807998 0
-0.0118867 0
-0.0317294 0
0.210045 0
-0.104969 0
0.126638 0
-0.0183649 0
-7.30491e-08 0
-0.0900692 0
0.225024 0
-0.202231 0
0.244709 0
0.0600829 0
0.0415879 0
-0.0590604 0
0.0559834 0
0.106405 0
-0.108614 0
0.294672 0
-0.158219 0
0.151631 0
-0.255361 0
0.097049 0
0.0094705 0
-0.16519 0
0.0701841 0
-0.124542 0
-0.0348211 0
0.0443294 0
-0.0850678 0
0.236857 0
-0.0817679 0
0.0984714 0
0.0489632 0
-0.116405 0
0.259683 0
-0.121905 0
0.12232 0
-0.0152991 0
0.0210367 0
-0.0675747 0
-0.0867147 0
0.150657 0
-0.257665 0
0.0580944 0
-0.240322 0
0.101126 0
-0.174395 0
0.105355 0
0.0658492 0
-0.312544 0
0.147084 0
-0.280967 0
-1.04733e-07 0
0.158648 0
-0.0390338 0
0.0725821 0
0.0411817 0
0.155218 0
-0.332265 0
0.155439 0
0.0377514 0
-0.131785 0
0.291508 0
-0.0876436 0
0.0807234 0
0.00346454 0
-0.0655887 0
0.213335 0
-0.123943 0
-0.0193582 0
0.0759231 0
-0.0705339 0
0 0
0 0
0 0
0 0
0 0
0 0
0 0
0 0
0 0
0 0
0 0
0 0
0 0
0 0
0 0
0 0
0 0
0 0
0 0
0 0
0 0
0 0
0 0
0 0
0 0
0 0
0 0
0 0
0 0
0 0
0 0
0 0
0 0
0 0
0 0
0 0
0 0
0 0
0 0
0 0
0 0
0 0
0 0
0 0
0 0
0 0
0.10155 0
-0.271932 0
0.124849 0
-0.140751 0
0.0695618 0
-0.144521 0
-0.0718606 0
-0.112279 0
0.233739 0
-0.0228294 0
0.253812 0
-0.161005 0
0.34875 0
-0.140216 0
-0.00647312 0
0.0112463 0
0.0975754 0
-0.109577 0
-0.134749 0
0.0360323 0
-0.0130183 0
-0.0206188 0
0.1051 0
-0.156156 0
0.0672529 0
-0.0209736 0
-7.89274e-08 0
-0.232838 0
0.156949 0
-0.341761 0
0.116988 0
0.0115868 0
0.108023 0
-0.0446702 0
0.0783336 0
0.0937518 0
-0.192593 0
0.12863 0
-0.0941582 0
0.2755 0
-0.136096 0
0.174356 0
0.00447728 0
-0.105594 0
0.157539 0
-0.0809308 0
0 0
0 0
0 0
0 0
0 0
0 0
0 0
0 0
0 0
0 0
0 0
0 0
0 0
0 0
0 0
0 0
0 0
0 0
0 0
0 0
0 0
0 0
0 0
0 0
0 0
0 0
0 0
0 0
0 0
0 0
0 0
0 0
0 0
0 0
0 0
0 0
0 0
0 0
0 0
0 0
0 0
0 0
0 0
0 0
0 0
0 0
0 0
0 0
0 0
0 0
0 0
0 0
0 0
0 0
0 0
0 0
0 0
0 0
0 0
0 0
0 0
0 0
0 0
0 0
0 0
0 0
0 0
0 0
0 0
0 0
0 0
0 0
0 0
0 0
0 0
0 0
0 0
0 0
0 0
0 0
0 0
0 0
0 0
0 0
0 0
0 0
0 0
0 0
0 0
0 0
0 0
0 0
-0.167567 0
0.14856 0
-0.262672 0
0.14856 0
-0.167567 0
0.0806874 0
0.0229132 0
0.0884767 0
0.0266654 0
-0.140572 0
-0.170475 0
0.0884767 0
0.0266653 0
-0.0493713 0
0.0229132 0
-0.262672 0
0.14856 0
-0.140572 0
0.14856 0
-0.167567 0
0.0806874 0
-0.167567 0
-0.140572 0
0.0266652 0
0.0884768 0
-0.170475 0
0.45466 0
-0.170475 0
0.0884768 0
0.0266653 0
-0.140572 0
-0.0493711 0
0.0266653 0
0.0884768 0
0.0229132 0
0.0884768 0
0.0266653 0
-0.0493712 0
-0.140572 0
0.14856 0
-0.262672 0
0.14856 0
-0.140572 0
-0.167567 0
0.0806874 0
-0.167567 0
0.108334 0
-0.270068 0
0.152966 0
-0.270068 0
0.108334 0
-0.17789 0
-0.0587287 0
-0.0428664 0
-0.0466261 0
0.0771077 0
0.265516 0
-0.0428664 0
-0.0466261 0
0.0222654 0
-0.0587287 0
0.152966 0
-0.270068 0
0.0771077 0
-0.270068 0
0.108334 0
-0.17789 0
0.108334 0
0.0771076 0
-0.0466257 0
-0.0428666 0
0.265517 0
-0.20918 0
0.265517 0
-0.0428665 0
-0.0466258 0
0.0771076 0
0.0222653 0
-0.0466257 0
-0.0428666 0
-0.0587287 0
-0.0428665 0
-0.046626 0
0.0222653 0
0.0771077 0
-0.270068 0
0.152966 0
-0.270068 0
0.0771077 0
0.108334 0
-0.177891 0
0.108334 0
0 0
0 0
0 0
0 0
0 0
0 0
0 0
0 0
0 0
0 0
0 0
0 0
0 0
0 0
0 0
0 0
0 0
0 0
0 0
0 0
0 0
0 0
0 0
0 0
0 0
0 0
0 0
0 0
0 0
0 0
0 0
0 0
0 0
0 0
0 0
0 0
0 0
0 0
0 0
0 0
0 0
0 0
0 0
0 0
0 0
0 0
-0 0
-0 0
-0 0
-0 0
-0 0
-0 0
-0 0
-0 0
-0 0
-0 0
-0 0
-0 0
-0 0
-0 0
-0 0
-0 0
-0 0
-0 0
-0 0
-0 0
-0 0
-0 0
-0 0
-0 0
-0 0
-0 0
-0 0
-0 0
-0 0
-0 0
-0 0
-0 0
-0 0
-0 0
-0 0
-0 0
-0 0
-0 0
-0 0
-0 0
-0 0
-0 0
-0 0
-0 0
-0 0
-0 0
0.114987 0
-0.142488 0
0.274391 0
-0.113549 0
0.0975045 0
-0.0478509 0
-0.157083 0
0.0998556 0
-0.0352319 0
0.0970058 0
0.0271901 0
-0.208405 0
0.107265 0
-0.0526788 0
0.21017 0
-0.367122 0
0.165567 0
-0.177888 0
0.176999 0
-0.145605 0
0.0640224 0
-0.138699 0
0.199026 0
-0.162765 0
0.258517 0
-0.107645 0
-2.25869e-08 0
0.0804548 0
-0.271082 0
0.157646 0
-0.218189 0
0.208554 0
-0.122414 0
0.171226 0
-0.0530869 0
-0.0501123 0
0.0554996 0
-0.155875 0
0.121184 0
-0.0634499 0
0.0927317 0
-0.0230792 0
-0.0211382 0
0.0481006 0
-0.0161715 0
0.023712 0
0 0
0 0
0 0
0 0
0 0
0 0
0 0
0 0
0 0
0 0
0 0
0 0
0 0
0 0
0 0
0 0
0 0
0 0
0 0
0 0
0 0
0 0
0 0
0 0
0 0
0 0
0 0
0 0
0 0
0 0
0 0
0 0
0 0
0 0
0 0
0 0
0 0
0 0
0 0
0 0
0 0
0 0
0 0
0 0
0 0
0 0
0.093768 0
-0.108915 0
0.265497 0
-0.138823 0
0.111836 0
-0.0462999 0
-0.151991 0
0.255367 0
-0.161692 0
0.195937 0
-0.108599 0
0.178187 0
-0.126015 0
0.210403 0
-0.0600421 0
0.104881 0
-0.0689407 0
0.127112 0
-0.0289249 0
0.0285234 0
-0.0182901 0
0.0526976 0
0.0904994 0
-0.029887 0
0.0913903 0
0.0307524 0
2.66338e-08 0
0.077847 0
-0.0412058 0
0.0503344 0
-0.013959 0
-0.0595804 0
0.111358 0
-0.214161 0
0.212033 0
-0.269578 0
0.155902 0
-0.150823 0
-0.181978 0
0.167748 0
-0.370378 0
0.177856 0
-0.217611 0
-0.140359 0
0.0645901 0
-0.146466 0
0.0632241 0
-0.204526 0
0.154142 0
-0.16629 0
0.0546327 0
-0.0768535 0
-0.281289 0
0.0711942 0
-0.0639835 0
0.0520663 0
0.0568049 0
-0.152212 0
0.178958 0
-0.0255287 0
0.380977 0
-0.208769 0
0.243894 0
-0.0956093 0
0.258339 0
-0.0814354 0
0.10409 0
-0.0781895 0
0.103451 0
-0.253008 0
0.185444 0
-0.217091 0
-1.11065e-08 0
0.160286 0
-0.195377 0
0.250374 0
-0.115023 0
0.0975629 0
-0.18639 0
0.124183 0
-0.0996879 0
-0.0332313 0
0.0740497 0
-0.0720342 0
0.0629568 0
-0.0920491 0
0.0546273 0
-0.0393672 0
-0.00784191 0
0.0268027 0
-0.0272366 0
0.0149654 0
0 0
0 0
0 0
0 0
0 0
0 0
0 0
0 0
0 0
0 0
0 0
0 0
0 0
0 0
0 0
0 0
0 0
0 0
0 0
0 0
0 0
0 0
0 0
0 0
0 0
0 0
0 0
0 0
0 0
0 0
0 0
0 0
0 0
0 0
0 0
0 0
0 0
0 0
0 0
0 0
0 0
0 0
0 0
0 0
0 0
0 0
0.053783 0
-0.163541 0
0.152072 0
-0.202297 0
0.0624913 0
-0.0758215 0
-0.277512 0
0.184498 0
-0.252166 0
0.102757 0
-0.217879 0
0.126252 0
-0.188827 0
0.097917 0
-0.104847 0
0.0574547 0
-0.0953547 0
0.0642551 0
-0.0428633 0
0.0160677 0
-0.0286463 0
0.0278621 0
0.0506725 0
-0.060569 0
0.0686937 0
0.0597448 0
1.79427e-08 0
0.158134 0
-0.030593 0
0.0706717 0
-0.00628763 0
-0.02685 0
0.181494 0
-0.153905 0
0.382359 0
-0.194946 0
0.249396 0
-0.071067 0
-0.0964691 0
0.24516 0
-0.209527 0
0.258895 0
-0.114928 0
-0.078559 0
0.104468 0
-0.0816452 0
0 0
0 0
0 0
0 0
0 0
0 0
0 0
0 0
0 0
0 0
0 0
0 0
0 0
0 0
0 0
0 0
0 0
0 0
0 0
0 0
0 0
0 0
0 0
0 0
0 0
0 0
0 0
0 0
0 0
0 0
0 0
0 0
0 0
0 0
0 0
0 0
0 0
0 0
0 0
0 0
0 0
0 0
0 0
0 0
0 0
0 0
0 0
0 0
0 0
0 0
0 0
0 0
0 0
0 0
0 0
0 0
0 0
0 0
0 0
0 0
0 0
0 0
0 0
0 0
0 0
0 0
0 0
0 0
0 0
0 0
0 0
0 0
0 0
0 0
0 0
0 0
0 0
0 0
0 0
0 0
0 0
0 0
0 0
0 0
0 0
0 0
0 0
0 0
0 0
0 0
0 0
0 0
0.0499244 0
-0.0740701 0
0.171214 0
-0.0740701 0
0.0499244 0
-0.021267 0
-0.153182 0
0.242395 0
-0.11112 0
0.103571 0
-0.198177 0
0.242395 0
-0.11112 0
0.137039 0
-0.153182 0
0.171214 0
-0.0740701 0
0.103571 0
-0.0740701 0
0.0499244 0
-0.021267 0
0.0499244 0
0.103571 0
-0.11112 0
0.242395 0
-0.198177 0
0.35678 0
-0.198177 0
0.242395 0
-0.11112 0
0.103571 0
0.137039 0
-0.11112 0
0.242395 0
-0.153182 0
0.242395 0
-0.11112 0
0.137039 0
0.103571 0
-0.0740701 0
0.171214 0
-0.0740701 0
0.103571 0
0.0499244 0
-0.021267 0
0.0499244 0
0.0262334 0
-0.0956016 0
0.0973603 0
-0.0956016 0
0.0262334 0
-0.0287671 0
-0.248952 0
0.169237 0
-0.159473 0
0.0541211 0
-0.326429 0
0.169237 0
-0.159473 0
0.0665294 0
-0.248952 0
0.0973603 0
-0.0956016 0
0.0541211 0
-0.0956016 0
0.0262334 0
-0.0287671 0
0.0262334 0
0.0541211 0
-0.159473 0
0.169237 0
-0.326429 0
0.221868 0
-0.326429 0
0.169237 0
-0.159473 0
0.0541211 0
0.0665294 0
-0.159473 0
0.169237 0
-0.248952 0
0.169237 0
-0.159473 0
0.0665294 0
0.0541211 0
-0.0956016 0
0.0973604 0
-0.0956016 0
0.0541212 0
0.0262334 0
-0.0287671 0
0.0262334 0
0 0
0 0
0 0
0 0
0 0
0 0
0 0
0 0
0 0
0 0
0 0
0 0
0 0
0 0
0 0
0 0
0 0
0 0
0 0
0 0
0 0
0 0
0 0
0 0
0 0
0 0
0 0
0 0
0 0
0 0
0 0
0 0
0 0
0 0
0 0
0 0
0 0
0 0
0 0
0 0
0 0
0 0
0 0
0 0
0 0
0 0
