0 -0 0
0.000367493 -2.74089e-06 7.47283e-07
0.000734987 3.63062e-06 7.45385e-06
0.00110248 4.1074e-06 -5.13499e-06
0.00146997 -3.08575e-06 2.44745e-07
0.00183747 1.53173e-06 1.02492e-06
0.00220496 3.33003e-07 -6.81621e-07
0.00257245 4.20793e-07 3.39077e-07
0.00293995 9.89117e-07 1.43089e-07
0.00330744 1.18239e-06 2.01777e-07
0.00367493 1.59987e-06 3.21175e-07
0.00404243 2.29561e-06 8.7863e-07
0.00440992 4.20848e-06 -7.07067e-07
0.00477741 -4.68072e-06 3.06211e-06
0.00514491 4.50788e-05 2.3039e-05
0.0055124 -6.75553e-05 -0.000188462
0.00587989 -0.000244885 0.000882089
0.00624739 0.00303553 -0.00236923
0.00661488 -0.0147933 0.00713845
0.00698237 0.0805636 -0.00179561
0.00734987 -0.0882628 -0.104328
0.00771736 -0.0140308 0.053734
0.00808485 2.68301e-05 0.000362249
0.00845234 0.00241099 0.00112151
0.00881984 -0.00019722 -0.000445726
0.00918733 2.22755e-05 7.58887e-05
0.00955482 9.37083e-06 -1.04133e-05
0.00992232 1.7625e-06 3.17821e-06
0.0102898 3.49694e-06 2.42319e-06
0.0106573 2.77435e-06 1.34733e-06
0.0110248 2.14122e-06 3.02532e-07
0.0113923 -1.46402e-07 1.82124e-06
0.0117598 9.25067e-06 6.31357e-07
0.0121273 -2.03303e-05 -1.94521e-05
0.0124948 1.68579e-05 9.90198e-05
0.0128623 0.000158004 -0.000301044
0.0132298 -0.000959851 0.00050995
0.0135973 0.00327306 8.73956e-05
0.0139647 -0.00777081 -0.00496137
0.0143322 0.00493665 0.0184066
0.0146997 0.0132703 -0.0180886
0.0150672 -0.013301 -0.000488997
0.0154347 0.0014286 0.00299632
0.0158022 0.000270343 0.000220818
0.0161697 0.000182534 -0.000175806
0.0165372 -4.92471e-05 -5.16665e-06
0.0169047 3.9675e-06 -1.9257e-06
0.0172722 -1.50869e-06 -2.35973e-06
0.0176397 -7.74433e-07 -2.73184e-06
0.0180072 -8.7161e-07 -2.72249e-06
0.0183747 -4.69109e-07 -3.1998e-06
0.0187422 -2.27538e-06 -3.73601e-06
0.0191096 2.60015e-06 4.78459e-07
0.0194771 -7.579e-07 -2.3238e-05
0.0198446 -4.15549e-05 3.95626e-05
0.0202121 0.00016184 -2.63096e-05
0.0205796 -0.000358093 -0.000203132
0.0209471 0.000391782 0.000817667
0.0213146 0.000399664 -0.00168092
0.0216821 -0.00206367 0.00127541
0.0220496 0.0021867 0.000673683
0.0224171 -0.000476748 -0.00123072
0.0227846 -0.000188891 0.000326249
0.0231521 2.67843e-05 -1.91865e-05
0.0235196 2.75292e-05 -1.58879e-05
0.0238871 -3.02618e-06 -1.81486e-05
0.0242546 1.9561e-05 -8.10895e-07
0.024622 1.69317e-05 -1.81642e-06
0.0249895 1.28476e-05 2.8505e-06
0.025357 9.19557e-06 3.40381e-06
0.0257245 7.85046e-06 4.32449e-06
0.026092 6.05381e-06 -2.49867e-07
0.0264595 -7.52997e-07 5.55406e-06
0.026827 1.54415e-05 1.9621e-06
0.0271945 -1.58723e-05 -7.37397e-06
0.027562 4.90467e-05 2.70182e-05
0.0279295 -6.35253e-05 -0.000143861
0.028297 -0.000117477 0.000273044
0.0286645 0.000311817 -0.000174802
0.029032 -0.000473196 0.000149032
0.0293995 0.000794226 0.00042322
0.029767 0.000199918 -0.000887518
0.0301344 -0.000461805 -6.16873e-05
0.0305019 -3.66168e-05 0.000148172
0.0308694 4.6514e-05 4.04841e-05
0.0312369 1.71375e-05 -7.29494e-06
0.0316044 2.1724e-06 5.05952e-06
0.0319719 3.94689e-06 5.91932e-06
0.0323394 3.61795e-06 5.2658e-06
0.0327069 2.98156e-06 4.60767e-06
0.0330744 1.69439e-06 5.40601e-06
0.0334419 4.82252e-06 6.2021e-06
0.0338094 2.7061e-06 -3.27729e-06
0.0341769 -1.10436e-05 1.20449e-05
0.0345444 2.89402e-05 1.28897e-05
0.0349119 -1.87188e-05 -3.92807e-05
0.0352794 -1.76358e-05 6.86615e-05
0.0356468 7.81001e-05 -4.40749e-05
0.0360143 -0.000108586 -2.14331e-05
0.0363818 6.5755e-05 0.000108388
0.0367493 3.56608e-05 -9.72722e-05
0.0371168 -6.42829e-05 1.22309e-05
0.0374843 1.09653e-05 2.60866e-05
0.0378518 3.90107e-06 -3.89447e-06
0.0382193 1.3421e-06 1.68243e-06
0.0385868 -1.56021e-06 3.67913e-06
0.0389543 1.97874e-06 2.12065e-06
0.0393218 9.37975e-07 2.67313e-06
0.0396893 2.93029e-08 1.69276e-06
0.0400568 6.69217e-08 1.79173e-06
0.0404243 1.09358e-06 1.86987e-06
0.0407918 9.01953e-07 2.02639e-06
0.0411592 1.16944e-06 6.89319e-07
0.0415267 8.60203e-07 8.99737e-07
0.0418942 -1.06035e-07 1.52801e-07
0.0422617 -1.01982e-06 1.66825e-06
0.0426292 3.98201e-06 2.16436e-06
0.0429967 -3.73679e-06 -4.36397e-06
0.0433642 6.64362e-07 1.50865e-05
0.0437317 2.16105e-05 -1.31954e-05
0.0440992 -2.91106e-05 -1.67481e-05
0.0444667 -4.04906e-06 3.59141e-05
0.0448342 2.60832e-05 2.4323e-06
0.0452017 2.69803e-06 -9.35416e-06
0.0455692 4.50929e-07 2.35255e-06
0.0459367 -3.35349e-07 1.39767e-06
0.0463042 1.073e-06 3.39814e-06
0.0466716 9.70102e-07 3.12555e-06
0.0470391 2.01557e-06 1.5584e-06
0.0474066 1.7653e-06 1.31908e-06
0.0477741 -2.30565e-07 1.22061e-07
0.0481416 2.09658e-07 6.80172e-07
0.0485091 -9.05818e-07 8.95324e-07
0.0488766 7.52589e-07 3.6285e-06
0.0492441 5.59957e-08 1.43223e-06
0.0496116 3.43898e-06 4.40626e-07
0.0499791 7.33158e-07 1.72741e-06
0.0503466 -4.46931e-06 -6.1721e-07
0.0507141 9.98866e-06 3.33165e-06
0.0510816 -6.13214e-06 1.97843e-07
0.0514491 3.62222e-06 -8.49925e-09
0.0518165 3.42001e-06 3.65875e-06
0.052184 2.40238e-06 -6.79118e-06
0.0525515 6.58229e-06 -7.19326e-06
0.052919 -1.43564e-06 -5.9447e-07
0.0532865 -2.69666e-06 -4.38979e-06
0.053654 -1.02506e-06 4.34577e-07
0.0540215 -2.57144e-06 6.14824e-07
0.054389 -3.16102e-07 -1.18692e-06
0.0547565 2.55405e-06 1.3135e-06
0.055124 -6.70625e-07 1.32954e-06
0.0554915 7.61672e-08 7.31098e-07
0.055859 -2.85801e-07 7.67505e-07
0.0562265 8.6505e-07 2.90382e-06
0.056594 1.5105e-06 2.48879e-06
0.0569615 3.59603e-06 -9.56379e-07
0.0573289 -8.47016e-07 -1.26089e-06
0.0576964 -5.70006e-06 6.63888e-07
0.0580639 5.12348e-06 4.07058e-06
0.0584314 -2.37246e-06 -3.36869e-06
0.0587989 -1.35431e-06 4.84556e-06
0.0591664 1.42746e-06 5.58712e-06
0.0595339 2.60179e-06 -1.04352e-06
0.0599014 2.5403e-06 -1.7465e-07
0.0602689 -1.77723e-06 -1.56002e-06
0.0606364 8.28107e-07 1.01206e-06
0.0610039 6.36201e-07 2.19504e-07
0.0613714 1.14553e-06 -2.04824e-06
0.0617389 -2.20969e-06 -2.37042e-06
0.0621064 -3.42111e-07 3.46142e-06
0.0624739 9.79204e-07 1.08676e-06
0.0628413 4.11448e-06 1.64139e-06
0.0632088 2.71059e-06 -2.07759e-06
0.0635763 -1.67035e-06 1.34184e-06
0.0639438 -3.30105e-06 -5.51327e-06
0.0643113 -1.94246e-06 8.14239e-06
0.0646788 -4.57744e-06 8.63068e-06
0.0650463 1.42223e-05 -5.91757e-06
0.0654138 -7.97511e-06 2.66622e-06
0.0657813 -4.087e-06 3.55017e-06
0.0661488 8.61179e-06 2.89301e-06
0.0665163 -6.79995e-06 6.18162e-06
0.0668838 1.17929e-05 1.35744e-06
0.0672513 8.12659e-06 7.55532e-06
0.0676188 3.79088e-06 3.11069e-06
0.0679863 8.95503e-06 3.88272e-06
0.0683537 1.01813e-05 1.31207e-06
0.0687212 -7.03833e-07 -5.01595e-06
0.0690887 9.16216e-06 2.88339e-06
0.0694562 -5.33079e-06 1.27237e-06
0.0698237 -1.0813e-06 -3.27211e-06
0.0701912 -5.22232e-06 -3.25898e-06
0.0705587 8.99927e-07 3.88963e-06
0.0709262 -4.11916e-06 1.32191e-06
0.0712937 -2.33819e-06 -9.30047e-06
0.0716612 -7.01851e-06 9.75774e-06
0.0720287 3.46372e-06 3.50173e-06
0.0723962 8.31545e-06 -7.98902e-06
0.0727637 -9.0933e-07 1.06834e-05
0.0731312 1.21692e-05 -6.93691e-06
0.0734987 -3.92748e-06 -1.84633e-06
0.0738661 -6.56067e-06 -5.40742e-08
0.0742336 9.02726e-07 4.54841e-06
0.0746011 -2.01867e-06 1.09518e-05
0.0749686 5.71577e-06 -1.49795e-06
0.0753361 -8.07806e-08 1.03227e-06
0.0757036 5.10154e-06 -4.37369e-07
0.0760711 -3.18276e-06 1.45924e-06
0.0764386 1.01223e-05 -6.87889e-07
0.0768061 -2.6816e-06 -2.54773e-06
0.0771736 -2.48188e-06 -3.86357e-06
0.0775411 -1.01583e-05 -1.74394e-06
0.0779086 -2.972e-06 1.32795e-05
0.0782761 -3.91867e-07 2.50795e-06
0.0786436 1.44629e-05 6.37138e-07
0.0790111 -5.99188e-06 -1.58388e-06
0.0793785 4.31719e-06 -2.16219e-05
0.079746 -2.44296e-05 9.34026e-06
0.0801135 1.50146e-05 1.09376e-05
0.080481 1.67315e-06 -1.45518e-05
0.0808485 -6.72855e-06 9.35757e-06
0.081216 -7.26475e-06 -9.382e-06
0.0815835 4.32501e-07 1.00061e-05
0.081951 -9.48136e-06 9.83817e-06
0.0823185 -8.17001e-06 4.60493e-06
0.082686 -1.04206e-05 5.53656e-06
0.0830535 -2.4035e-05 8.8668e-06
0.083421 -3.6618e-06 1.38852e-05
0.0837885 -6.51904e-06 3.43227e-06
0.084156 1.55456e-06 1.13296e-06
0.0845234 -3.45641e-07 -7.207e-06
0.0848909 1.40109e-05 3.14804e-06
0.0852584 -2.09413e-06 -1.57662e-06
0.0856259 6.85653e-06 -8.86713e-06
0.0859934 9.41863e-06 7.14884e-06
0.0863609 2.61166e-06 -1.36085e-05
0.0867284 6.49609e-07 -4.18304e-06
0.0870959 -7.61827e-06 9.85862e-06
0.0874634 -4.78788e-06 5.67133e-06
0.0878309 6.43739e-06 5.11903e-06
0.0881984 -1.80739e-06 1.63184e-05
0.0885659 1.18825e-06 -4.48734e-06
0.0889334 2.40903e-07 -3.12484e-06
0.0893009 -2.05743e-05 -9.457e-06
0.0896684 -6.54525e-06 7.60341e-06
0.0900358 1.40157e-06 7.74928e-07
0.0904033 -6.38292e-06 1.00052e-05
0.0907708 6.2697e-06 -7.17191e-06
0.0911383 -1.53904e-05 6.78536e-06
0.0915058 9.83276e-06 4.39465e-06
0.0918733 -3.79828e-06 -8.02116e-07
0.0922408 1.76873e-05 7.31821e-06
0.0926083 -3.63637e-06 -1.72856e-05
0.0929758 1.63912e-06 -1.98351e-05
0.0933433 -1.25367e-05 1.32914e-05
0.0937108 -4.94329e-07 -1.71101e-05
0.0940783 -8.86188e-06 4.22564e-05
0.0944458 4.91546e-05 -3.06151e-05
0.0948133 -1.69096e-05 -4.35681e-06
0.0951808 -3.22392e-06 9.56268e-06
0.0955482 1.36475e-05 -1.40617e-05
0.0959157 2.5945e-06 -9.64563e-06
0.0962832 -1.73248e-05 -9.43457e-06
0.0966507 -2.32493e-05 -2.33296e-06
0.0970182 2.63957e-06 3.27809e-06
0.0973857 -2.29638e-06 -2.45676e-05
0.0977532 1.46063e-05 -3.74333e-05
0.0981207 -1.62709e-05 -3.46487e-05
0.0984882 3.44364e-06 -1.15878e-05
0.0988557 -1.10125e-05 -3.26657e-06
0.0992232 1.67795e-05 7.33807e-06
0.0995907 -1.23525e-05 2.33324e-05
0.0999582 2.66934e-06 5.37724e-07
0.100326 4.41815e-06 1.85303e-05
0.100693 -1.31878e-05 7.46525e-06
0.101061 8.6342e-06 -5.88084e-07
0.101428 -1.99048e-05 2.35699e-05
0.101796 4.24503e-05 -5.13976e-06
0.102163 -2.03474e-05 -4.74598e-05
0.102531 -1.50322e-05 2.97875e-05
0.102898 -1.77828e-05 -1.53908e-05
0.103266 6.18501e-06 -3.02366e-06
0.103633 -2.59141e-05 -3.12448e-06
0.104001 1.4529e-05 4.01717e-06
0.104368 1.46148e-05 -9.33674e-06
0.104736 -1.24205e-05 5.65279e-07
0.105103 6.026e-06 -2.2255e-05
0.105471 -1.32254e-05 8.37774e-06
0.105838 2.29441e-05 -1.60885e-06
0.106206 -1.58723e-05 -7.21643e-07
0.106573 1.54894e-05 -1.68354e-05
0.106941 -2.40232e-05 9.38499e-06
0.107308 -4.86247e-06 -1.45663e-05
0.107676 1.73811e-05 4.28581e-05
0.108043 9.01474e-06 -3.03648e-05
0.108411 1.41482e-05 2.87346e-05
0.108778 -5.99582e-06 -8.4748e-05
0.109145 -3.25362e-05 6.71741e-05
0.109513 1.5526e-05 2.19877e-05
0.10988 3.23694e-05 -1.6987e-05
0.110248 -2.24915e-05 2.25417e-05
0.110615 1.24047e-05 1.26507e-05
0.110983 2.99326e-05 6.61839e-08
0.11135 1.2445e-05 -2.83574e-05
0.111718 -1.24328e-05 -1.34221e-05
0.112085 3.22503e-05 1.82709e-05
0.112453 3.4684e-05 1.95287e-05
0.11282 6.43191e-05 2.27994e-05
0.113188 1.15971e-05 2.17765e-06
0.113555 1.57617e-05 1.10867e-05
0.113923 -1.58612e-05 1.48345e-05
0.11429 -6.84203e-06 -3.62109e-05
0.114658 -3.36166e-05 -8.77932e-06
0.115025 -4.95073e-06 -1.92874e-05
0.115393 -3.14892e-05 -1.84774e-05
0.11576 6.30793e-06 3.10561e-05
0.116128 1.11529e-05 -7.23431e-05
0.116495 -7.47786e-05 4.73818e-05
0.116863 6.47968e-05 5.16694e-05
0.11723 4.60703e-07 -2.28998e-05
0.117598 1.93103e-05 -1.09759e-05
0.117965 -1.19645e-05 1.74353e-05
0.118333 3.08853e-05 -9.19468e-06
0.1187 1.51808e-05 -3.83763e-05
0.119068 -4.00508e-05 6.27155e-06
0.119435 1.02812e-05 -3.55868e-06
0.119803 -2.95e-06 2.68043e-05
0.12017 5.44728e-05 -6.19669e-06
0.120538 -2.83808e-05 8.72023e-06
0.120905 1.76795e-05 -2.72397e-05
0.121273 -1.31002e-07 1.94726e-05
0.12164 1.68005e-05 -2.05803e-05
0.122008 2.22231e-05 3.9167e-06
0.122375 -3.70138e-05 -4.3385e-05
0.122743 -1.30907e-05 2.5094e-05
0.12311 -5.40549e-05 -1.92143e-05
0.123478 7.62004e-05 0.000114559
0.123845 1.5363e-05 -4.95422e-05
0.124213 -2.66483e-05 -3.10909e-05
0.12458 -2.69746e-05 4.93897e-05
0.124948 -2.33486e-05 -1.31713e-05
0.125315 -1.60546e-05 9.09966e-06
0.125683 -1.65119e-06 3.10117e-05
0.12605 1.24545e-05 1.13626e-05
0.126418 2.76003e-05 -7.35231e-06
0.126785 -5.50344e-06 3.71856e-06
0.127153 -4.71809e-05 2.44975e-05
0.12752 -5.33389e-05 4.27607e-05
0.127888 -5.92362e-05 4.93798e-05
0.128255 -2.40658e-05 2.78851e-05
0.128623 -8.73045e-07 -5.1373e-05
0.12899 -7.5973e-06 2.15432e-05
0.129358 5.08904e-05 -3.00182e-05
0.129725 5.62509e-07 4.8304e-05
0.130093 7.33932e-05 -4.31119e-05
0.13046 -5.39674e-05 -2.96932e-05
0.130828 2.77857e-05 8.00424e-05
0.131195 5.64911e-05 -8.65431e-05
0.131563 -9.44815e-05 -4.93217e-07
0.13193 1.47131e-05 4.15244e-05
0.132298 -7.74556e-07 -3.05597e-06
0.132665 -2.42955e-05 -2.6055e-05
0.133033 -2.23597e-05 -5.33027e-06
0.1334 2.49472e-05 5.91379e-05
0.133768 2.09008e-05 -1.49545e-05
0.134135 2.62706e-05 3.07836e-05
0.134503 1.78487e-05 -5.03718e-05
0.13487 -5.09028e-05 5.0513e-05
0.135238 -1.45544e-05 -3.69379e-05
0.135605 1.16346e-05 5.52869e-05
0.135973 -1.65629e-05 -6.46187e-06
0.13634 -1.35394e-05 4.18187e-05
0.136707 -1.10537e-05 1.08557e-05
0.137075 6.36791e-05 3.0093e-05
0.137442 7.63635e-06 -1.86955e-05
0.13781 9.81712e-05 -3.93544e-05
0.138177 -0.000130416 -9.17413e-05
0.138545 -7.73853e-05 8.08125e-05
0.138912 4.46059e-05 1.91597e-05
0.13928 -5.875e-06 -4.29873e-05
0.139647 1.4082e-05 6.87015e-06
0.140015 4.29688e-05 -5.25562e-05
0.140382 -5.05979e-05 -8.92722e-05
0.14075 -2.6975e-05 3.40007e-05
0.141117 1.42435e-05 1.27402e-05
0.141485 -2.47153e-05 5.53416e-05
0.141852 2.89428e-05 -7.31829e-05
0.14222 -1.17909e-05 -3.89314e-05
0.142587 -5.60842e-05 -0.000131707
0.142955 -1.01711e-05 -0.000103829
0.143322 -3.36505e-05 5.19107e-05
0.14369 5.23604e-05 4.6662e-06
0.144057 -2.14879e-05 7.48116e-05
0.144425 -4.21608e-05 -8.29228e-05
0.144792 -3.08757e-05 9.58422e-05
0.14516 5.35169e-05 -2.74609e-05
0.145527 -8.84791e-05 -6.15962e-05
0.145895 5.052e-05 0.000150101
0.146262 7.44223e-05 -4.23461e-05
0.14663 4.08683e-07 -5.7668e-05
0.146997 1.06097e-05 9.13801e-06
0.147365 2.53713e-06 -2.70707e-05
0.147732 3.89288e-05 -4.2096e-05
0.1481 -5.26254e-05 -1.17283e-05
0.148467 -6.11565e-05 4.67718e-05
0.148835 -4.76977e-05 -9.34371e-06
0.149202 1.24812e-05 0.000101361
0.14957 -3.17861e-05 -2.67424e-05
0.149937 6.48933e-05 -1.72848e-06
0.150305 -5.85881e-05 -5.67449e-05
0.150672 1.9007e-05 1.58206e-05
0.15104 -6.23817e-05 -4.92898e-05
0.151407 3.01578e-05 -1.79393e-05
0.151775 -4.64282e-05 3.32214e-05
0.152142 2.77795e-05 -2.11297e-05
0.15251 -8.70841e-05 3.87368e-05
0.152877 0.000139371 7.24798e-05
0.153245 5.74807e-05 -0.000117845
0.153612 -2.3986e-05 -2.5087e-05
0.15398 9.35861e-06 4.8162e-06
0.154347 8.59483e-06 -3.40224e-05
0.154715 -2.59986e-06 6.07822e-05
0.155082 5.03893e-05 6.81358e-05
0.15545 5.98058e-05 -4.02057e-05
0.155817 -4.55193e-05 3.39672e-05
0.156185 -6.12259e-05 -2.22249e-05
0.156552 7.23324e-05 5.70935e-05
0.15692 2.39394e-05 5.18267e-06
0.157287 0.000159157 -3.77741e-05
0.157655 0.0001308 8.77975e-05
0.158022 9.18566e-05 -9.95444e-05
0.15839 -2.73433e-05 3.6944e-05
0.158757 -8.93695e-05 -7.85408e-05
0.159125 0.000134407 3.1294e-05
0.159492 -4.28978e-05 -0.000127883
0.15986 -5.44e-05 -2.75123e-05
0.160227 0.000112308 0.000115194
0.160595 -9.49756e-05 -0.000109113
0.160962 -9.26141e-05 2.73664e-05
0.16133 -1.37489e-05 0.000142063
0.161697 -4.9226e-05 4.76587e-05
0.162065 8.16726e-05 -1.18922e-05
0.162432 1.94255e-05 4.17534e-05
0.1628 1.61469e-05 1.69984e-05
0.163167 1.07954e-05 -7.77122e-05
0.163535 0.000135415 -4.24832e-05
0.163902 -0.000154926 -0.00011998
0.164269 4.68186e-05 1.43808e-07
0.164637 -0.000104538 2.39233e-05
0.165004 0.000143925 9.22999e-05
0.165372 -2.07946e-06 -1.27537e-06
0.165739 7.59447e-05 -9.36371e-05
0.166107 -8.09218e-06 9.22963e-05
0.166474 4.12401e-05 -0.000135159
0.166842 -4.73068e-05 3.08433e-05
0.167209 5.88628e-05 -3.85219e-06
0.167577 -0.000137497 -0.000100435
0.167944 -1.0879e-05 0.000156554
0.168312 -1.60681e-05 0.000101899
0.168679 4.60029e-05 -9.96146e-06
0.169047 8.33194e-05 3.86123e-05
0.169414 -6.82348e-05 3.33732e-05
0.169782 -8.92617e-05 -8.47461e-05
0.170149 -1.24686e-05 0.000123199
0.170517 -2.87859e-05 -3.91779e-05
0.170884 7.25462e-05 -1.33197e-05
0.171252 -0.000105465 1.2663e-05
0.171619 2.56637e-05 -8.08084e-06
0.171987 -5.15924e-05 0.000157226
0.172354 -7.56572e-05 9.58142e-05
0.172722 -8.28455e-05 0.000215495
0.173089 2.42519e-05 4.82957e-05
0.173457 0.000140908 -2.49324e-05
0.173824 -5.40546e-05 1.62286e-05
0.174192 8.0505e-06 2.64491e-05
0.174559 0.000212361 0.000139229
0.174927 -0.000242679 -0.000189231
0.175294 2.80483e-05 8.06464e-05
0.175662 6.69268e-05 8.49294e-06
0.176029 -4.09077e-05 -0.000164854
0.176397 -6.39347e-05 -0.000123975
0.176764 -7.02924e-06 0.00013855
0.177132 -2.01779e-05 -2.61288e-05
0.177499 -2.87467e-05 5.51512e-05
0.177867 0.000128352 7.44891e-07
0.178234 -0.000194816 0.000128711
0.178602 0.000199842 7.09419e-05
0.178969 -1.72316e-05 6.0084e-05
0.179337 0.000179118 -1.81199e-05
0.179704 -0.000190508 -5.87152e-05
0.180072 -7.80136e-05 -6.4287e-05
0.180439 3.1156e-05 0.000210357
0.180807 -0.000131529 -9.73197e-05
0.181174 8.95814e-05 0.000153316
0.181542 9.13446e-05 1.06526e-05
0.181909 -0.000126366 -6.86276e-07
0.182277 0.000160165 -2.70444e-05
0.182644 9.12633e-05 -5.30072e-05
0.183012 -0.000210008 -0.000168409
0.183379 1.74794e-05 8.33921e-07
0.183747 -0.000173495 0.000126725
0.184114 1.53042e-05 -6.91393e-05
0.184482 0.000177468 -1.24103e-05
0.184849 -7.32026e-05 -8.29893e-05
0.185217 2.05607e-05 -4.36366e-05
0.185584 -2.00109e-05 5.63222e-05
0.185952 2.73198e-05 -0.000171448
0.186319 -0.000126566 3.36708e-05
0.186687 -3.51415e-05 -2.24491e-05
0.187054 -0.000104706 -2.20776e-05
0.187422 -0.000245422 -0.000260327
0.187789 -8.42807e-05 -0.000100609
0.188157 -0.000187807 4.27281e-05
0.188524 1.39355e-05 0.000161019
0.188892 0.00016451 -1.46344e-05
0.189259 -0.000334437 -3.23825e-05
0.189627 0.000286141 3.23973e-06
0.189994 1.55514e-05 -4.40485e-05
0.190362 -4.45715e-05 -2.31189e-05
0.190729 6.30457e-05 0.000153019
0.191096 0.000173839 0.000176484
0.191464 2.05207e-05 -0.000109743
0.191831 -2.51273e-05 -4.85279e-05
0.192199 -2.01525e-05 -0.000130036
0.192566 -0.00032859 0.000153538
0.192934 7.52536e-05 -0.000114829
0.193301 -0.000234075 4.2159e-05
0.193669 -2.4969e-05 -0.000154743
0.194036 -0.000278937 0.000150079
0.194404 3.04217e-05 -2.83337e-05
0.194771 0.000281717 6.4961e-05
0.195139 -0.000197097 -8.44466e-05
0.195506 0.000167597 -9.44912e-05
0.195874 -0.000174747 3.50889e-05
0.196241 2.58231e-05 0.000125445
0.196609 6.20101e-05 -0.000131101
0.196976 1.3713e-05 4.601e-05
0.197344 -0.000112886 0.000168148
0.197711 0.000244272 -0.000151766
0.198079 -3.31977e-05 0.000167869
0.198446 6.73007e-05 -0.000321987
0.198814 2.3978e-05 0.000100704
0.199181 -1.59768e-05 1.01463e-05
0.199549 2.50816e-05 1.0203e-05
0.199916 -2.33937e-05 1.5078e-05
0.200284 6.43663e-05 -2.85154e-05
0.200651 2.23425e-05 9.63576e-05
0.201019 0.000181996 2.82947e-05
0.201386 -4.13924e-05 -0.000233209
0.201754 -1.18476e-05 1.41063e-05
0.202121 0.000274415 -0.000124878
0.202489 0.000222624 1.07535e-05
0.202856 0.000311263 -0.000103529
0.203224 1.72605e-05 -0.000267302
0.203591 -0.000286715 0.000118051
0.203959 0.000330074 -0.000238402
0.204326 -0.000149109 0.000145302
0.204694 -0.000122932 0.000187469
0.205061 0.000164726 5.93543e-05
0.205429 -0.000144415 -3.06428e-05
0.205796 -0.000394456 -0.000304898
0.206164 -8.29971e-05 0.000303656
0.206531 -5.04932e-05 1.84593e-05
0.206899 0.000145551 9.39115e-05
0.207266 0.000132764 -0.000353157
0.207634 -0.000113613 2.26203e-05
0.208001 0.000172373 -0.000191768
0.208369 5.55705e-05 9.48448e-06
0.208736 5.91435e-05 -0.000143287
0.209104 5.48899e-05 -0.000107423
0.209471 -0.000110453 0.000111502
0.209839 1.20389e-05 -2.76849e-05
0.210206 -4.00631e-05 0.000146664
0.210574 0.0001462 7.68118e-05
0.210941 -8.43735e-05 -0.000218087
0.211309 0.000201927 0.000165897
0.211676 -4.64274e-05 2.41282e-05
0.212044 -3.23075e-06 -0.000302785
0.212411 -4.13583e-05 0.00031995
0.212779 -0.000164501 -0.000167262
0.213146 0.000122133 9.81844e-05
0.213514 -0.000248835 0.000160956
0.213881 9.88768e-05 1.49111e-05
0.214249 -5.08194e-05 0.000129928
0.214616 4.19825e-05 -7.60924e-05
0.214984 -0.000126724 0.000149272
0.215351 9.2499e-05 0.000102597
0.215719 -0.000190006 4.93697e-05
0.216086 0.000147948 0.000104463
0.216454 0.000126405 3.54938e-05
0.216821 8.33899e-05 0.000197971
0.217189 -7.17925e-05 0.000162611
0.217556 -0.000123768 0.00038567
0.217924 0.000244557 0.000554407
0.218291 0.00023496 -0.000410128
0.218658 -0.000103632 0.000334522
0.219026 0.000117697 -5.838e-06
0.219393 -1.89213e-05 -0.000306623
0.219761 -0.000230093 -9.4439e-05
0.220128 -0.000333309 -0.000156547
0.220496 0.000607595 -1.16739e-05
0.220863 -0.000233847 -0.000200402
0.221231 3.30358e-05 -9.54262e-05
0.221598 -4.55206e-05 -4.78752e-07
0.221966 2.86743e-05 0.000301628
0.222333 8.88019e-05 -5.84221e-05
0.222701 0.000170558 0.000108568
0.223068 -0.000191098 -8.52141e-06
0.223436 -5.70699e-06 0.000313396
0.223803 3.59533e-05 0.000105548
0.224171 0.000202556 0.000124427
0.224538 1.77349e-05 -0.000102552
0.224906 7.99857e-05 -0.000232413
0.225273 -0.000304106 -3.7778e-05
0.225641 7.68215e-05 7.35699e-05
0.226008 -0.000150889 0.000405994
0.226376 -2.25588e-05 -5.83415e-05
0.226743 0.000301718 0.000435588
0.227111 -6.69664e-05 -0.000277769
0.227478 7.12615e-06 -0.000230459
0.227846 -6.24502e-05 0.000161824
0.228213 -0.000218032 -0.000418931
0.228581 -5.97363e-05 5.74843e-05
0.228948 -0.000272097 4.08565e-06
0.229316 1.94161e-05 2.59449e-05
0.229683 1.21421e-05 -0.00010445
0.230051 -0.00029108 -0.000269892
0.230418 1.36368e-05 7.4686e-05
0.230786 -0.000317247 -0.000169453
0.231153 8.41799e-05 0.000254718
0.231521 -0.000209791 -5.27753e-05
0.231888 -6.2389e-05 3.93339e-05
0.232256 -9.7464e-05 -3.99256e-05
0.232623 -0.000994529 -0.000404779
0.232991 1.72763e-05 0.000708637
0.233358 2.50083e-05 -8.33379e-05
0.233726 -0.00023764 -0.000133506
0.234093 0.000220483 0.000448243
0.234461 0.00010632 -8.56951e-05
0.234828 0.000569198 -0.00033209
0.235196 -0.000366906 0.000291122
0.235563 0.000136664 -0.000142032
0.235931 -9.55709e-05 0.000273287
0.236298 0.000138892 8.42446e-05
0.236666 -7.19799e-05 -0.000261668
0.237033 4.84748e-05 -0.000284169
0.237401 -0.000504873 8.35969e-05
0.237768 0.000144386 0.00014125
0.238136 -7.30678e-05 -0.000192806
0.238503 -0.000149229 -9.13641e-05
0.238871 -0.000636332 9.36573e-05
0.239238 7.92009e-05 0.000263038
0.239606 3.49865e-05 0.000142414
0.239973 -4.53036e-05 0.00020226
0.240341 0.000132612 -1.1248e-05
0.240708 -0.000376267 -0.000171524
0.241076 8.26561e-06 0.0001425
0.241443 -0.000463288 -0.000196805
0.241811 0.000226643 9.57848e-05
0.242178 6.49603e-05 0.000133796
0.242546 -0.00015957 -0.000279632
0.242913 0.000567036 -0.000109993
0.243281 -0.000103264 -0.000194593
0.243648 0.000124967 -0.000232635
0.244016 7.4887e-05 -0.000126958
0.244383 -7.82577e-05 -7.79187e-05
0.244751 0.00055759 -9.07289e-05
0.245118 -0.000242993 -0.000245345
0.245485 0.000340377 -0.000256688
0.245853 -0.000458602 7.42673e-05
0.24622 8.55616e-05 1.51347e-05
0.246588 4.03225e-05 -4.95061e-05
0.246955 -0.000620796 -1.51376e-06
0.247323 0.00110502 -0.000265768
0.24769 -0.000137802 -0.000729609
0.248058 -0.000453913 -0.000102057
0.248425 0.000686598 0.000153846
0.248793 -0.000732477 -0.000367021
0.24916 -5.23502e-06 -0.000181389
0.249528 1.63419e-06 0.000870808
0.249895 -0.000148075 -0.000283205
0.250263 0.000127425 -2.65978e-05
0.25063 3.56194e-05 -0.000242986
0.250998 -0.000570156 -0.000343769
0.251365 0.000113979 0.000342638
0.251733 -4.83718e-05 0.000246721
0.2521 0.00056289 -7.14085e-07
0.252468 -0.000247922 -0.00033677
0.252835 -2.06029e-05 -0.000296707
0.253203 -0.000186119 0.000354022
0.25357 0.000485029 -0.000594977
0.253938 -0.000480613 -0.000182397
0.254305 -8.42531e-05 -0.00022773
0.254673 -0.000232344 -0.000239444
0.25504 -0.000382999 -9.67742e-06
0.255408 0.000201439 0.000144926
0.255775 -0.000117482 -0.000130696
0.256143 0.000342412 -9.72776e-05
0.25651 0.000299635 -3.05277e-05
0.256878 -0.000462153 -0.000252728
0.257245 0.000435846 -0.000247706
0.257613 -0.000268309 0.000518733
0.25798 8.88269e-05 -0.000155508
0.258348 0.000170665 0.00031298
0.258715 0.00016288 -6.65129e-05
0.259083 0.000119276 0.000130888
0.25945 -0.000213681 0.000322866
0.259818 0.000348218 0.000311878
0.260185 1.81805e-05 0.000367534
0.260553 0.000377535 -0.00048752
0.26092 -0.000203504 -6.32e-05
0.261288 -0.000393987 9.31569e-05
0.261655 0.000814051 -0.000709541
0.262023 -0.000470297 0.000577877
0.26239 0.000287909 0.00052483
0.262758 0.00107004 -0.000127035
0.263125 -0.000816981 0.000450308
0.263493 0.000649666 -0.000402963
0.26386 0.000429805 0.000293484
0.264228 -8.50249e-05 -0.000591625
0.264595 -0.000397326 -0.000337782
0.264963 0.00026931 -0.000266299
0.26533 -0.000494065 0.000342436
0.265698 0.000538754 -0.000183257
0.266065 -0.000448736 0.000240142
0.266433 2.05579e-05 -0.00055077
0.2668 -0.000365249 0.000115769
0.267168 -0.00019786 9.08968e-05
0.267535 0.000549913 7.70576e-05
0.267903 -0.000135242 -0.000290584
0.26827 0.000469613 0.000379319
0.268638 9.1606e-05 -0.000148349
0.269005 0.000732272 -3.67684e-05
0.269373 0.000207016 -0.000250522
0.26974 0.000198814 -7.01541e-05
0.270108 -0.000371649 -0.000335243
0.270475 -2.26212e-05 5.42007e-05
0.270843 -0.000474913 0.000211093
0.27121 -0.000124756 0.000619441
0.271578 0.000546727 -0.000403239
0.271945 7.63686e-05 0.000205316
0.272313 -0.000239227 -0.000409978
0.27268 8.43795e-05 0.000178577
0.273047 -0.000179879 -0.000526683
0.273415 -0.000244645 0.000247955
0.273782 -0.000132788 0.000497698
0.27415 0.000211658 -0.000480908
0.274517 -0.00053101 6.16761e-05
0.274885 -0.000291242 -0.000353537
0.275252 0.000121573 0.000401499
0.27562 -9.68393e-05 0.000236462
0.275987 0.000676372 -0.000803668
0.276355 -2.74965e-05 0.000795359
0.276722 -0.000189925 -6.31044e-05
0.27709 0.000229382 -0.000397198
0.277457 -0.00138876 0.00082364
0.277825 -0.00015371 -0.00056993
0.278192 0.00012424 0.00091984
0.27856 -0.000479047 -0.000387939
0.278927 0.000382725 0.000642095
0.279295 0.000376836 -0.000179664
0.279662 0.000387781 0.000775436
0.28003 0.000520443 -0.000909126
0.280397 -0.000162541 0.000166103
0.280765 -0.00035208 -0.000701385
0.281132 0.000598903 5.05626e-05
0.2815 0.000303789 -4.62931e-05
0.281867 2.19118e-05 -0.000839358
0.282235 -0.000476496 0.000541749
0.282602 0.000109875 -1.44377e-05
0.28297 -0.000128367 0.000388038
0.283337 0.00011317 -1.53956e-05
0.283705 -0.000577289 0.000561477
0.284072 3.64057e-05 0.000261862
0.28444 -0.000270539 -0.000139887
0.284807 -0.000112902 -0.000132795
0.285175 -0.000346791 0.000299791
0.285542 0.000488236 -0.000343767
0.28591 -0.000444089 -0.000619037
0.286277 0.000111421 0.000381328
0.286645 -9.65967e-06 -0.000310767
0.287012 0.000460345 0.000453783
0.28738 8.78238e-05 6.7788e-05
0.287747 0.000294336 -0.000278192
0.288115 0.000576888 -0.000245445
0.288482 -0.000740916 -0.000424391
0.28885 0.00029624 0.000168928
0.289217 0.000242741 -0.000523928
0.289585 0.000574303 -0.000119377
0.289952 -6.01028e-05 6.19559e-05
0.29032 -3.00439e-05 -0.000831172
0.290687 0.000336168 0.000748587
0.291055 -0.000658061 -0.00021332
0.291422 -0.000382285 -0.000111931
0.29179 -0.00039415 0.00118208
0.292157 0.00106278 -0.00133572
0.292525 0.000306117 -0.000460748
0.292892 -0.000695338 -0.000846306
0.29326 0.000541515 9.05842e-05
0.293627 -0.000485793 -0.000151761
0.293995 -0.000117393 0.000787875
0.294362 -0.000529373 -0.000560283
0.29473 0.000148278 0.00138966
0.295097 0.000342283 -4.05011e-05
0.295465 0.00120337 -0.000302055
0.295832 -0.000223746 -1.99526e-05
0.2962 -0.00062305 0.000363396
0.296567 0.000679045 0.000192893
0.296935 -4.07371e-05 -0.000153507
0.297302 -0.000159281 -0.000340481
0.29767 -0.000122537 -0.00048069
0.298037 -0.000239856 -5.12226e-05
0.298405 -0.000227444 -0.000678439
0.298772 -3.02721e-05 -0.000272405
0.29914 5.30484e-07 -0.000334581
0.299507 0.00044463 -0.000255246
0.299875 -0.000263173 -0.000650685
0.300242 -0.000290879 0.000175481
0.300609 0.000556016 0.000348981
0.300977 -3.37869e-06 0.000186894
0.301344 0.000333237 6.07694e-05
0.301712 -2.29271e-05 -0.000271447
0.302079 -0.000731112 0.000342366
0.302447 0.000609896 1.77425e-05
0.302814 -0.000101423 0.000707009
0.303182 0.000685021 -0.000414841
0.303549 -0.000181557 -5.41961e-05
0.303917 0.00058154 0.000372958
0.304284 3.12849e-05 0.00035852
0.304652 -0.00017075 0.000373737
0.305019 0.000837465 0.000835597
0.305387 -0.000478284 -0.000408107
0.305754 0.000365862 0.000561005
0.306122 0.000699776 -0.000664596
0.306489 -0.000953978 -0.00149298
0.306857 0.000163023 0.00147185
0.307224 0.000311448 0.000630992
0.307592 0.00177633 0.000180673
0.307959 -0.000400459 0.000182681
0.308327 0.000422361 5.02559e-05
0.308694 -0.000311154 -0.00044922
0.309062 0.000647287 0.000345672
0.309429 -0.00087121 -0.000706092
0.309797 0.000431471 -0.000346299
0.310164 -0.00113058 0.000675619
0.310532 -0.000200199 0.000569672
0.310899 0.00016456 -0.000312433
0.311267 0.000321352 -0.000131879
0.311634 -0.000343714 0.000136103
0.312002 9.66374e-05 -0.000103256
0.312369 0.000969259 0.000643168
0.312737 0.000224136 -0.000141487
0.313104 0.00106479 -2.17623e-05
0.313472 -4.37742e-05 0.000307908
0.313839 0.00105603 -0.000135779
0.314207 0.000166501 0.000378476
0.314574 0.00022797 -0.000366248
0.314942 0.000478155 -0.000107664
0.315309 -0.000776995 -0.000175523
0.315677 -0.000137614 -0.000130113
0.316044 -0.000510512 -0.000267952
0.316412 0.000400962 0.000306698
0.316779 7.9646e-05 -0.000644673
0.317147 -0.000735789 0.000576403
0.317514 0.000561919 1.18497e-05
0.317882 -0.000532289 0.000238147
0.318249 2.88358e-05 0.000100557
0.318617 -0.000304476 0.000574736
0.318984 -0.000519248 0.000857519
0.319352 0.000423127 -0.000452793
0.319719 -0.00178039 -0.00027125
0.320087 0.000752453 0.000857816
0.320454 -0.00079266 -0.000686199
0.320822 -0.000337364 0.000805107
0.321189 0.00134879 0.000647112
0.321557 -0.00014092 -0.000499765
0.321924 -0.00033856 -0.000969538
0.322292 -0.000931022 0.00172798
0.322659 -0.000669119 -8.83914e-05
0.323027 -0.000250525 -0.000277653
0.323394 0.000463715 0.000899679
0.323762 -0.000685968 -5.48615e-05
0.324129 0.000704176 -1.5325e-05
0.324497 -0.000319706 0.00116305
0.324864 0.000541488 -0.000565689
0.325232 0.000628195 -0.000380235
0.325599 -0.000397057 -0.000942906
0.325967 -0.000149607 0.000542574
0.326334 0.000309788 0.000228204
0.326702 -0.000265535 -0.00069101
0.327069 -0.00168009 0.00150973
0.327436 0.000502632 0.000300482
0.327804 -0.000396211 0.000834448
0.328171 -3.18728e-05 -0.000288772
0.328539 -0.000107947 0.000824007
0.328906 -0.000555605 0.000561784
0.329274 0.000727983 -0.000244364
0.329641 -0.000907357 0.000638826
0.330009 0.000826566 -0.000431239
0.330376 0.000435267 5.09652e-05
0.330744 0.000172174 -0.000127312
0.331111 0.00012756 -0.000487788
0.331479 -2.73843e-05 0.000716886
0.331846 -0.000179856 -0.00162698
0.332214 -0.000150044 0.00101692
0.332581 3.88242e-06 -0.000696107
0.332949 -0.000205438 -0.000100568
0.333316 0.000400516 -0.000203255
0.333684 -0.00111903 -0.00127707
0.334051 -0.000603697 0.000443844
0.334419 0.00165473 -0.000332162
0.334786 -0.000635598 -0.000501887
0.335154 1.39141e-05 -0.000291392
0.335521 0.000532812 -0.000805487
0.335889 -0.00139911 -0.000221517
0.336256 -0.000870052 0.000682822
0.336624 0.00102329 0.000851867
0.336991 -0.000222468 -0.000208627
0.337359 0.000419082 -0.00107946
0.337726 0.0010222 -0.00103285
0.338094 -0.00160185 -0.000766789
0.338461 -8.18012e-05 0.000217395
0.338829 -0.000302946 0.00109622
0.339196 -0.000612071 -0.00103804
0.339564 -0.000200858 0.000205509
0.339931 -0.000261645 0.000957898
0.340299 0.000664365 0.000595642
0.340666 0.000228822 -0.000828164
0.341034 -0.000637534 0.000234213
0.341401 -0.000183752 6.85484e-05
0.341769 -9.57705e-05 -0.00199933
0.342136 -0.00101142 -0.000819602
0.342504 -0.00102377 0.000378372
0.342871 0.000295588 5.97093e-05
0.343239 9.54573e-05 -4.58708e-05
0.343606 -0.000923046 -0.0012941
0.343974 -0.000642483 0.0013591
0.344341 0.000420774 -0.00137127
0.344709 -0.000332627 0.00111612
0.345076 -0.000301096 0.000193935
0.345444 2.84156e-05 0.000137896
0.345811 0.000782085 0.00049128
0.346179 -0.000141219 -0.00123407
0.346546 0.00143257 -0.000309492
0.346914 -0.000787772 -0.000934401
0.347281 6.55628e-05 0.0010158
0.347649 0.000846114 -0.000578202
0.348016 0.000535691 0.000232569
0.348384 -0.00017209 -7.45655e-05
0.348751 0.00119634 -0.000469487
0.349119 -0.000170315 0.000104577
0.349486 -0.000938254 0.00109124
0.349854 0.00103971 -0.000600227
0.350221 -0.00066622 0.00155563
0.350589 0.00165537 0.000270983
0.350956 0.000192451 -0.00114435
0.351324 -0.000308444 -0.000207912
0.351691 -0.000635617 -0.000788271
0.352059 0.000945146 0.000795298
0.352426 0.000559377 0.00177755
0.352794 0.00225295 -0.000915832
0.353161 0.000493767 -0.000246995
0.353529 -0.000325917 -0.00111535
0.353896 0.000705688 -0.000120557
0.354264 0.000400909 -0.000714208
0.354631 -0.000473191 -0.00110703
0.354998 -0.00192289 0.00012257
0.355366 0.000124435 -0.000295969
0.355733 -0.000641264 0.000820811
0.356101 0.000927637 -0.00159364
0.356468 -0.000258942 0.000319892
0.356836 0.00125116 0.000431009
0.357203 0.000346304 -0.00145112
0.357571 -0.000680182 5.31913e-05
0.357938 -0.000119109 0.0010623
0.358306 0.00224324 -0.000340175
0.358673 2.24301e-05 -0.00217026
0.359041 0.00045903 0.000690532
0.359408 -0.000322726 -0.00101541
0.359776 6.6075e-05 -0.000545172
0.360143 0.000684423 0.000729741
0.360511 -0.000645959 -0.000718189
0.360878 0.00141333 0.00123957
0.361246 0.000727815 -0.000638205
0.361613 0.000393471 0.000767551
0.361981 -0.000815661 -0.000395875
0.362348 -0.00016178 0.000217624
0.362716 -0.00142405 0.00141377
0.363083 0.000192467 -0.000339638
0.363451 -0.000423895 6.17866e-05
0.363818 0.000520453 0.00215255
0.364186 -0.000987523 -0.00291107
0.364553 -0.000693191 0.00228669
0.364921 -0.000243019 -0.00122036
0.365288 -0.00069317 0.000852251
0.365656 -0.000396544 4.26213e-05
0.366023 0.000348831 0.00199328
0.366391 0.00152874 -0.00123811
0.366758 0.00112999 0.00178193
0.367126 -0.00159897 -0.000810743
0.367493 0.000430823 0.00227454
0.367861 -0.00125196 0.00106398
0.368228 0.00199016 0.00119402
0.368596 -0.000382027 2.62933e-05
0.368963 0.00040299 -0.000339497
0.369331 0.000227317 0.000879645
0.369698 0.000239705 -0.00137464
0.370066 0.00154098 0.000125908
0.370433 -0.000741494 -0.00251461
0.370801 0.000720504 0.00169769
0.371168 0.00111038 -0.00141451
0.371536 -0.00156751 -0.000560968
0.371903 0.00010368 0.00151167
0.372271 0.000553544 -0.000565599
0.372638 -0.000503354 0.000419811
0.373006 0.000408054 0.00102765
0.373373 0.00160912 0.00178231
0.373741 5.15008e-05 -0.000723557
0.374108 0.000618257 0.000686629
0.374476 0.000745802 4.47371e-05
0.374843 -0.00102599 0.000517125
0.375211 0.00147678 -6.69754e-05
0.375578 -0.00132597 0.00027496
0.375946 0.000449469 0.00133253
0.376313 -0.000171426 -0.000884574
0.376681 -0.000464061 0.00012219
0.377048 0.000446769 -0.000886951
0.377416 -0.000605232 -0.0014282
0.377783 0.000556905 -0.000524319
0.378151 -0.00024874 -0.000561546
0.378518 -0.00282405 0.000602759
0.378886 0.00291979 0.000428964
0.379253 -0.000664038 -0.00229891
0.379621 -0.000785749 2.66952e-05
0.379988 -0.000283764 -1.67313e-05
0.380356 0.00182856 -0.001226
0.380723 -0.00301495 -0.00103248
0.381091 0.000469473 0.000717763
0.381458 -0.00244509 0.00237552
0.381825 0.000308407 0.000343827
0.382193 -0.00132156 0.00206581
0.38256 0.000193999 -0.00253061
0.382928 -0.00218803 -0.000293881
0.383295 -0.0014725 0.00123796
0.383663 0.0010074 0.000492043
0.38403 3.78785e-05 -0.0003778
0.384398 0.000139338 -0.00015694
0.384765 8.46817e-05 0.000573996
0.385133 0.00181896 0.00107854
0.3855 -0.000794038 -0.000398351
0.385868 0.00128475 0.00136584
0.386235 0.00114937 -0.000543306
0.386603 -0.000130479 -0.000743862
0.38697 0.000949537 -0.000885288
0.387338 -0.00148256 -0.000128407
0.387705 -0.00107476 0.000748752
0.388073 -0.00184964 0.000501334
0.38844 0.000960893 0.00043264
0.388808 -0.00146139 -0.000620559
0.389175 -0.000598879 -0.000129839
0.389543 -6.79937e-05 -0.000393644
0.38991 -0.000619715 0.00112677
0.390278 0.00121893 0.000267963
0.390645 -4.67262e-05 -0.00047359
0.391013 0.00214317 0.000249968
0.39138 -0.000828226 -0.00280862
0.391748 0.000205402 0.0016972
0.392115 0.00135583 0.000759228
0.392483 0.000585937 0.000895218
0.39285 0.000443335 -0.000533123
0.393218 0.000499144 -0.00151657
0.393585 -0.00151075 -7.61619e-05
0.393953 0.00148587 0.00154289
0.39432 0.00100836 -0.00182962
0.394688 -0.000999505 -0.0004761
0.395055 0.000555568 0.00175434
0.395423 0.00276158 -0.000535076
0.39579 -0.000855124 -0.000230321
0.396158 -0.000604501 -0.00136421
0.396525 -0.00113857 -0.00193818
0.396893 -0.00231964 -0.00179465
0.39726 -0.00118008 0.000659184
0.397628 0.00236462 0.000716546
0.397995 -0.000354918 -0.00155553
0.398363 0.000716129 -0.000200975
0.39873 -0.00112098 0.000713782
0.399098 0.00188674 -0.00124017
0.399465 -0.000212156 0.000135917
0.399833 -0.00263391 0.000817896
0.4002 0.000430114 -0.000302541
0.400568 -0.000671918 0.000776427
0.400935 0.000239922 0.00031643
0.401303 -0.00110999 -0.00013222
0.40167 0.00133396 0.00335851
0.402038 0.000749805 -0.00136458
0.402405 0.000398162 -0.00131705
0.402773 0.000694423 -0.000635945
0.40314 0.000175002 -0.000942642
0.403508 0.00249442 0.000553051
0.403875 0.000757291 -0.00216313
0.404243 0.000300308 -0.00024424
0.40461 -0.00038117 -0.000621433
0.404978 2.93893e-05 0.00159342
0.405345 0.000496802 1.03055e-06
0.405713 -0.00196172 0.00134921
0.40608 0.00294574 0.00145737
0.406448 3.10635e-05 -0.0010717
0.406815 -0.00193927 -0.000667201
0.407183 -0.00177392 0.00023516
0.40755 0.000647962 4.2053e-05
0.407918 -0.00130715 0.0012103
0.408285 0.00161334 -0.000276136
0.408653 -0.00161883 -0.000136964
0.40902 0.00152396 0.00272269
0.409387 -0.000514245 0.000190701
0.409755 0.00173812 -0.00067124
0.410122 -0.00240594 0.00365633
0.41049 0.000858765 -0.00214882
0.410857 0.000218376 0.00030293
0.411225 0.00102757 -0.00104927
0.411592 0.00261236 -0.00121668
0.41196 0.000386263 -0.00235864
0.412327 -0.0013533 0.000491324
0.412695 -0.000424999 -0.00133733
0.413062 -0.000749803 0.0020624
0.41343 0.000170232 -0.00038864
0.413797 0.000132136 0.00075377
0.414165 -9.94791e-05 0.00129953
0.414532 0.00144457 -0.00106026
0.4149 -0.000459586 -0.00117426
0.415267 -0.000694534 0.000233403
0.415635 0.000845941 0.0017147
0.416002 0.00111173 -0.00230216
0.41637 -0.00424703 -0.000436563
0.416737 -0.000171015 0.00153525
0.417105 0.00224938 0.0019208
0.417472 -0.00147333 0.000723508
0.41784 0.00287269 0.00149044
0.418207 -0.00143204 0.0026046
0.418575 0.00305319 0.00246439
0.418942 0.000205128 -0.0005442
0.41931 0.00153545 0.000365231
0.419677 -0.000813865 -0.000529017
0.420045 -0.00233233 0.000325218
0.420412 0.00198808 -0.000776115
0.42078 -0.00264343 -0.000350866
0.421147 -0.000411715 0.000909469
0.421515 0.00151778 -0.00014724
0.421882 0.000518027 -0.00176522
0.42225 0.00171758 0.000442357
0.422617 -0.000346863 -0.0027336
0.422985 -0.00354328 -0.000964416
0.423352 0.00058074 0.000918495
0.42372 -0.00330868 0.00109327
0.424087 0.000714182 -0.00159105
0.424455 -0.000112046 0.00202826
0.424822 -0.00214818 -0.00311236
0.42519 0.00190556 0.000484553
0.425557 -0.000235325 -3.94814e-05
0.425925 0.000606938 -0.00106524
0.426292 0.000793024 0.00148885
0.42666 0.000663404 0.000965027
0.427027 0.000500704 -0.000119115
0.427395 0.00127198 -0.00230727
0.427762 -0.0007006 -0.00292514
0.42813 -0.00280797 0.000732229
0.428497 -0.000574016 0.000593112
0.428865 0.00111135 0.00138174
0.429232 -0.00161261 -0.000168437
0.4296 0.000162964 0.00204422
0.429967 0.00170055 -0.000642823
0.430335 -0.00196923 -0.000223717
0.430702 0.000245822 0.0010408
0.43107 0.00179276 0.00037269
0.431437 0.000181558 -0.00393538
0.431805 -0.0021839 0.00146845
0.432172 -0.00122971 -0.0016382
0.43254 -0.00297729 0.000256977
0.432907 -0.00124101 0.000364228
0.433275 -0.00406216 0.00120786
0.433642 0.000776073 0.00195907
0.43401 -0.000767527 -0.000404047
0.434377 -0.000818008 0.00132023
0.434745 0.000586248 -0.000369632
0.435112 -0.000383436 0.0017565
0.43548 0.000668763 -8.1754e-05
0.435847 0.00237716 8.89841e-05
0.436214 0.000485219 -0.00114272
0.436582 -0.00132989 -0.00042
0.436949 0.00140288 0.0023889
0.437317 -0.00035586 0.000609837
0.437684 0.00462748 -0.00231801
0.438052 -1.93961e-05 -0.00259613
0.438419 0.000462779 -0.00487643
0.438787 -0.000515342 0.000255619
0.439154 -0.00119477 -0.000458044
0.439522 0.00340186 -0.00080244
0.439889 -0.0003429 0.00258201
0.440257 0.000139614 -0.00106769
0.440624 0.000390897 0.00104475
0.440992 0.00073919 0.00194147
0.441359 8.03963e-06 -0.00124632
0.441727 -0.00135868 -0.00140686
0.442094 0.00216097 0.000607302
0.442462 0.00207156 0.000318142
0.442829 0.0020825 -0.00167997
0.443197 0.00111313 -0.00289819
0.443564 -0.00505788 0.00132614
0.443932 0.00297585 -0.001185
0.444299 -0.00193439 -0.0022168
0.444667 -0.00169273 0.000563713
0.445034 0.000738787 0.00117238
0.445402 0.00144348 -0.000492137
0.445769 -0.00231801 -0.00105778
0.446137 0.00185231 0.00116691
0.446504 0.000450067 -0.000622559
0.446872 -0.00119487 -0.00172044
0.447239 0.00348392 -0.000698255
0.447607 -0.00186737 -0.00232856
0.447974 0.000599135 -0.00276405
0.448342 -0.00107501 -0.000752185
0.448709 -0.000423118 0.000383103
0.449077 -0.000372726 -0.00217274
0.449444 -0.0011811 -0.000237286
0.449812 -0.00161482 3.08235e-05
0.450179 -0.000158523 -0.000373586
0.450547 -0.00296908 0.000378349
0.450914 0.00196052 0.00557644
0.451282 0.00222276 -0.0023013
0.451649 -0.000465918 0.00184931
0.452017 0.00196118 -0.00245337
0.452384 -0.000693119 0.00216173
0.452752 0.00112899 0.00160676
0.453119 0.00399268 0.00164884
0.453487 0.000516916 0.000338735
0.453854 0.00128127 -0.00154605
0.454222 -0.000712092 0.00313237
0.454589 -0.00144591 -0.00165463
0.454957 -6.54716e-05 0.00291785
0.455324 0.00137553 -0.000412058
0.455692 -0.00228802 -0.0029851
0.456059 8.59956e-05 0.00241436
0.456427 0.00386603 -0.000788618
0.456794 -0.00064066 0.00243857
0.457162 0.00388171 0.000549628
0.457529 -0.000526129 0.00209781
0.457897 0.00251059 0.00171269
0.458264 0.00111923 -0.00537353
0.458632 -0.000155688 0.00153063
0.458999 -0.000480313 0.00124306
0.459367 0.00301413 -0.00306687
0.459734 -0.00284598 0.00167265
0.460102 -0.000366421 0.00095989
0.460469 0.00286798 2.26256e-05
0.460837 -0.00161664 -0.000934553
0.461204 -0.000515739 0.0017957
0.461572 0.00411121 -0.00284113
0.461939 -0.00335238 0.00186876
0.462307 0.00348628 0.000688177
0.462674 0.00042855 0.000366331
0.463042 0.00116974 8.44655e-05
0.463409 -4.46843e-05 0.00073944
0.463776 0.003138 0.00103445
0.464144 0.00338325 -0.00311452
0.464511 -0.00137336 -0.00287136
0.464879 -0.00181156 0.0015653
0.465246 0.00192307 -0.00357483
0.465614 -0.00471205 -0.000167715
0.465981 0.000169355 0.00249144
0.466349 -0.00382628 -0.000291419
0.466716 0.000960283 0.00674806
0.467084 0.00336192 -0.000675573
0.467451 -0.00119158 -0.00323636
0.467819 -0.00340894 0.00306949
0.468186 0.00145174 -0.00204361
0.468554 -0.000980422 0.00286269
0.468921 -0.00189961 -0.00294595
0.469289 0.00197887 0.0015048
0.469656 0.000175249 -0.00190802
0.470024 -0.00107349 -0.000654161
0.470391 0.00338426 0.000803282
0.470759 -0.000811143 -0.00237367
0.471126 -0.000258019 0.00384284
0.471494 -0.00245679 0.000668869
0.471861 0.000508731 0.00429369
0.472229 -0.00244397 -5.24394e-05
0.472596 -0.00152829 0.00191458
0.472964 0.00268662 0.00210419
0.473331 0.000495983 0.000367118
0.473699 -0.00118688 -0.00298392
0.474066 0.000558195 0.00359843
0.474434 -0.0019056 -0.00133736
0.474801 0.000417489 -0.00117466
0.475169 -0.00167009 0.00281975
0.475536 0.00157266 -0.000491373
0.475904 0.00143203 -0.00218326
0.476271 -3.9899e-05 0.00445727
0.476639 0.00188396 -0.00441861
0.477006 -0.00258443 0.00220424
0.477374 -0.00121032 -0.00106281
0.477741 0.00109157 0.00119538
0.478109 -0.00125986 -0.000869245
0.478476 -0.0038273 0.000519466
0.478844 -0.000958516 0.00591296
0.479211 0.00312243 -0.000886959
0.479579 -0.000939864 -0.000838829
0.479946 0.000101629 -0.000867133
0.480314 0.00353437 0.00105642
0.480681 -0.00215607 -0.00185793
0.481049 0.00398016 -0.00264101
0.481416 -0.00728676 -0.00412381
0.481784 -0.000470026 0.00259252
0.482151 0.00250372 0.00489279
0.482519 0.00138682 -0.00440033
0.482886 0.00492029 0.00372335
0.483254 -0.000685298 -0.00371403
0.483621 0.00330075 -0.00250479
0.483989 -0.00372465 -0.000363057
0.484356 -0.00106993 0.000927951
0.484724 0.00377358 0.00191129
0.485091 -0.000329938 0.00146709
0.485459 0.00135992 -0.00222325
0.485826 -0.000237572 -0.000122015
0.486194 -0.00321978 -0.00142463
0.486561 -0.00279534 -0.00139079
0.486929 -0.00324627 0.000407368
0.487296 1.149e-05 0.00169522
0.487664 0.00139067 -0.00148324
0.488031 -0.00199716 -0.0002805
0.488399 0.0033934 0.00163895
0.488766 -0.000195061 -0.0019066
0.489134 0.000161361 -0.00325142
0.489501 -0.00112214 0.000347184
0.489869 -0.000877397 -0.00120182
0.490236 0.000815821 0.00144037
0.490604 0.000820321 0.000942306
0.490971 -0.0033376 -0.00186603
0.491338 0.00210081 0.00205779
0.491706 -0.000833505 -0.00219373
0.492073 0.00232413 -0.000975736
0.492441 -5.7223e-05 -0.000921648
0.492808 -0.00199947 -0.000412544
0.493176 0.00318599 -0.00208259
0.493543 -0.00370232 -0.00467813
0.493911 0.000493425 -0.00140985
0.494278 -0.00145435 0.00107718
0.494646 0.00403861 -0.00204632
0.495013 -0.00414652 0.00297777
0.495381 0.00364793 -0.000869687
0.495748 -0.00246621 0.00421797
0.496116 0.00581464 -0.00217993
0.496483 0.00050488 0.00384963
0.496851 -0.00181605 -0.00348007
0.497218 0.00338661 0.00305473
0.497586 -0.00714783 0.00152154
0.497953 0.00285129 0.00307953
0.498321 0.00117283 0.00363226
0.498688 0.00271728 -0.00277322
0.499056 0.000472582 -0.00356251
0.499423 -0.00195008 0.00355006
0.499791 -0.00116795 0.00179995
0.500158 0.00392266 0.0021681
0.500526 0.00180307 0.00114795
0.500893 0.00104682 -0.00506658
0.501261 -0.00075026 0.00097583
0.501628 0.00275041 -0.00302153
0.501996 -0.00369973 -0.00385931
0.502363 0.00146344 0.00456344
0.502731 0.00156984 0.000871227
0.503098 0.00111289 -0.00123156
0.503466 -0.000109809 0.000878614
0.503833 0.00475472 0.00336214
0.504201 0.000369788 -0.00444291
0.504568 0.000952214 2.95751e-05
0.504936 -0.00190682 -0.000484639
0.505303 0.000244918 -0.000315037
0.505671 -0.000745878 -0.000333642
0.506038 0.00186819 -0.00131288
0.506406 0.00161718 0.00289412
0.506773 0.00064405 -0.00166633
0.507141 -0.000150446 0.00235005
0.507508 0.00467608 -0.00124652
0.507876 -0.00101652 0.00170106
0.508243 0.00195715 0.000546591
0.508611 0.00757092 0.00419184
0.508978 0.00385561 -0.00357752
0.509346 0.00033991 0.000346325
0.509713 -0.000275426 -0.00312574
0.510081 -0.0043774 0.00223501
0.510448 0.000383956 -0.00254583
0.510816 -0.00185756 0.00290735
0.511183 -0.00707176 -0.00200157
0.511551 0.00393736 0.00492379
0.511918 -0.00455116 0.00125573
0.512286 0.00233427 -0.00428868
0.512653 -0.00240783 0.00100444
0.513021 -0.00147357 -0.00216631
0.513388 -0.000273554 0.00165647
0.513756 0.00378035 0.00574466
0.514123 -0.00352757 -0.00318538
0.514491 -0.000324522 0.00130414
0.514858 -0.0025739 0.000919658
0.515226 -0.00224505 0.00257143
0.515593 0.00332983 0.00286918
0.515961 0.000460098 -0.00271912
0.516328 0.0015963 0.00414811
0.516696 0.00430338 -0.00451383
0.517063 0.000851162 0.0035871
0.517431 -0.0049064 -0.00383184
0.517798 -0.000697341 0.00450315
0.518165 -0.000462057 0.00137327
0.518533 -0.00366487 0.0036041
0.5189 0.0042744 0.00408917
0.519268 0.00268317 0.000553521
0.519635 -0.000505598 -0.0045379
0.520003 0.00266443 0.00520529
0.52037 -0.00237678 -0.00479825
0.520738 0.00440935 0.00502967
0.521105 -0.00489555 -0.00135395
0.521473 0.00333305 0.00268181
0.52184 -0.00174857 -0.0026702
0.522208 -0.00219617 0.00428517
0.522575 0.000345828 0.00204145
0.522943 0.00112785 -0.000649764
0.52331 -0.00443207 0.00205844
0.523678 -0.00577128 0.00611348
0.524045 0.00458065 0.00568165
0.524413 0.000548725 0.000870981
0.52478 0.00192007 -0.00743399
0.525148 0.00124193 0.00495217
0.525515 0.000819709 -0.00215844
0.525883 0.00503077 -0.00640078
0.52625 -0.00805261 0.00101274
0.526618 0.00153374 -0.00462268
0.526985 0.000580332 0.00404324
0.527353 -0.000445148 -0.00226509
0.52772 0.00159736 0.000922619
0.528088 0.00394366 0.00237166
0.528455 -0.00687912 -0.00397832
0.528823 0.00283499 -0.00279199
0.52919 -0.00195333 -0.00383221
0.529558 -0.00168585 -0.000684631
0.529925 -0.00209744 -0.00127266
0.530293 0.000908183 0.00196643
0.53066 0.00108385 -0.00152908
0.531028 -0.00440503 0.00398043
0.531395 0.00406836 0.00231855
0.531763 -0.0087207 0.00706247
0.53213 0.00897251 -0.00215415
0.532498 -0.00279037 -0.00337109
0.532865 -0.0045148 -0.00297417
0.533233 -4.5441e-05 -0.00170938
0.5336 -0.00488303 0.000940178
0.533968 -0.00507863 0.00402298
0.534335 0.0100578 0.00151436
0.534703 -0.00575972 0.00138728
0.53507 0.00626867 -0.00421917
0.535438 -0.00471003 0.00183625
0.535805 -0.00275832 -0.00294585
0.536173 0.000307713 0.00268824
0.53654 0.00262598 0.00164378
0.536908 0.000219541 -0.00589201
0.537275 -0.00294221 -0.00175697
0.537643 -0.00399366 0.00190179
0.53801 -0.00164255 0.00237595
0.538378 5.81327e-05 -0.00833817
0.538745 -0.00561911 0.00350761
0.539113 -0.00292911 -0.00402921
0.53948 0.00526637 0.00560168
0.539848 -0.00412463 -0.00126123
0.540215 -0.000805756 0.00148804
0.540583 0.00394081 0.00841339
0.54095 0.00152926 -0.00674538
0.541318 0.00471205 0.00480269
0.541685 6.59924e-05 -0.00183747
0.542053 0.000695619 -0.0022956
0.54242 0.00077068 0.000576236
0.542788 -0.00681858 -0.00127684
0.543155 0.00479649 0.00151578
0.543523 0.0041015 0.000162366
0.54389 0.00541734 -0.000253998
0.544258 0.00152222 -0.000727225
0.544625 0.000757345 -0.00356052
0.544993 -0.00454292 0.00422811
0.54536 0.00354317 0.00100865
0.545727 -0.0054626 -0.0031292
0.546095 -0.00230473 0.00607841
0.546462 -0.0026612 -0.0126413
0.54683 -0.00120796 0.00530345
0.547197 0.00107701 0.00319809
0.547565 0.00884974 -0.00497563
0.547932 0.000286862 -0.00137333
0.5483 0.000255795 -0.00192177
0.548667 0.000890428 -0.00593887
0.549035 -0.00473167 0.00611113
0.549402 0.00118495 0.000278941
0.54977 0.00452274 -0.000831612
0.550137 -0.00443452 0.00146766
0.550505 0.00304954 -0.00506639
0.550872 -0.000524538 0.00171257
0.55124 -0.00355301 0.00130794
0.551607 0.000883514 0.00257377
0.551975 0.00375714 0.00230086
0.552342 0.0035948 -0.00333828
0.55271 -0.00675682 -0.00633945
0.553077 0.0064195 0.00381374
0.553445 -0.00357856 -0.000592658
0.553812 0.00849737 -0.000443905
0.55418 0.000231104 -0.00128495
0.554547 -0.000975746 -0.00673989
0.554915 -0.00109923 -0.00243096
0.555282 -0.00439518 0.00343256
0.55565 0.0025061 0.00134415
0.556017 -0.00479571 -0.00161021
0.556385 -0.00279065 0.00543673
0.556752 0.0039066 3.0975e-05
0.55712 -0.00485025 0.000945724
0.557487 0.00472149 -0.00235347
0.557855 -0.00281926 0.000318838
0.558222 -0.00220478 0.00596809
0.55859 0.00188391 0.00231578
0.558957 -0.00214378 0.00702643
0.559325 0.00499046 -0.00230899
0.559692 -0.00530357 -0.00613564
0.56006 -0.000865011 0.00472654
0.560427 0.00369978 -0.00618439
0.560795 -0.00545801 -0.00365232
0.561162 0.0106831 0.00258567
0.56153 0.000856419 -0.000190599
0.561897 1.8726e-05 -0.00243572
0.562265 0.00200225 0.0107466
0.562632 0.000683735 -0.00223652
0.563 0.00102411 -0.000292508
0.563367 -0.000787879 0.00413576
0.563735 -0.000929862 -0.00114053
0.564102 -0.00410723 -0.000908431
0.56447 0.00154002 0.00786553
0.564837 0.000313192 -0.0017978
0.565205 0.00509374 -0.00282234
0.565572 -0.00499123 -0.00197718
0.56594 -0.00279418 0.00100212
0.566307 0.000141853 -0.00202356
0.566675 -0.0043187 -0.00109737
0.567042 -0.00459371 0.00729035
0.56741 0.0106964 0.00020001
0.567777 -0.000747893 0.00340466
0.568145 -0.000521342 -0.00709963
0.568512 -0.00242834 0.00386389
0.56888 -0.00416389 0.00729632
0.569247 0.0093543 0.000909728
0.569615 0.00362774 0.000973899
0.569982 0.000867674 -0.000151654
0.57035 0.00013535 -0.00332772
0.570717 0.00430561 -0.00148233
0.571085 -0.00527011 -0.00830376
0.571452 -0.00422925 0.0010512
0.57182 0.00172533 -0.00397865
0.572187 -0.00235975 -0.000229299
0.572554 0.00269243 -0.000254003
0.572922 -0.004893 -0.00412283
0.573289 -0.000590222 0.00520424
0.573657 -0.00597371 -0.00742171
0.574024 0.0016522 0.0055534
0.574392 0.00729562 -0.00221707
0.574759 -0.00245781 -0.00187829
0.575127 0.00208705 0.00181063
0.575494 0.0063304 -0.000862174
0.575862 -0.00487614 0.00337562
0.576229 -0.00320145 0.00192728
0.576597 0.00392602 0.00635481
0.576964 -0.0110908 -0.000280898
0.577332 0.00225091 0.0012466
0.577699 0.00461566 0.0022981
0.578067 0.000257837 -0.00694829
0.578434 -0.00272945 -0.00142961
0.578802 -0.00388722 -0.00217334
0.579169 -0.00327077 0.000180819
0.579537 -0.00175144 -0.000406173
0.579904 0.000742645 0.005441
0.580272 0.00832926 -0.00566705
0.580639 -0.0019251 -0.00599527
0.581007 -0.0045676 -0.00296192
0.581374 -8.1026e-05 0.00453961
0.581742 0.00313234 -0.0105384
0.582109 -0.0067023 0.00307088
0.582477 -0.0061467 0.00106017
0.582844 0.00161483 -0.000406358
0.583212 -0.000261149 0.00229855
0.583579 -0.00143344 -0.00798036
0.583947 -0.00532028 0.00757873
0.584314 0.00374167 -0.00028054
0.584682 -0.00459458 0.000737839
0.585049 0.000135525 0.00497248
0.585417 0.00383238 0.00589928
0.585784 0.00965764 -0.00111895
0.586152 0.00429784 -0.00524338
0.586519 0.0045728 0.00104776
0.586887 0.00297467 -0.00489137
0.587254 -0.00037862 0.000298043
0.587622 0.00366338 -0.000792438
0.587989 -0.00512435 -0.00681547
0.588357 0.00426917 -0.00169483
0.588724 -0.00520004 0.00398408
0.589092 0.00337483 0.00320678
0.589459 -0.0025012 -0.000249438
0.589827 0.00300277 0.00341115
0.590194 -0.0025439 -0.000206426
0.590562 0.00133926 0.00361365
0.590929 0.00198384 -0.00372494
0.591297 -0.00453013 -0.000891315
0.591664 -0.00212878 -0.00876925
0.592032 0.00479006 0.00358185
0.592399 -0.00275422 0.002181
0.592767 0.00394188 0.00331716
0.593134 0.00441194 0.0029921
0.593502 0.00225211 -0.00726975
0.593869 0.00560133 -0.00432469
0.594237 -0.000640242 -0.00558974
0.594604 -0.00463076 -0.00412635
0.594972 -0.000652379 0.00945211
0.595339 0.00573504 -0.000779428
0.595707 0.00916586 -0.000237075
0.596074 -0.00455157 -0.0127962
0.596442 -0.00310045 0.00793916
0.596809 0.00448661 -0.00248644
0.597177 0.00314437 -0.00147964
0.597544 0.00136395 -0.00547128
0.597912 5.36046e-05 -0.00214953
0.598279 0.00483622 0.00205654
0.598647 -0.00108093 -0.00544575
0.599014 0.00283693 0.0047675
0.599382 0.00244452 -0.00206728
0.599749 -0.0018178 -0.00427216
0.600116 -0.00449415 0.00240949
0.600484 -0.00621942 0.0048339
0.600851 0.00503468 0.00812139
0.601219 -0.00408241 0.0030026
0.601586 0.00137431 0.00460584
0.601954 0.0047975 -0.00111789
0.602321 -0.00446016 -0.000468064
0.602689 0.00472526 -0.000117411
0.603056 0.00447185 0.000634324
0.603424 -0.00655229 -0.00761593
0.603791 -0.00127859 0.00760585
0.604159 0.00799121 -0.0018567
0.604526 -0.00891812 -0.0022795
0.604894 0.0100331 0.00537863
0.605261 -0.00984369 -0.00080063
0.605629 0.00135773 0.00547449
0.605996 0.00449991 0.00411169
0.606364 0.0110093 -0.00312834
0.606731 -0.00230138 0.00380513
0.607099 0.00205591 -0.00109904
0.607466 -0.00503016 -0.00246985
0.607834 -0.00637958 0.00347052
0.608201 0.00642062 -0.000340276
0.608569 -0.0022612 0.00940857
0.608936 0.0075716 0.00277796
0.609304 0.00582831 0.00111848
0.609671 -0.00100164 -0.00340794
0.610039 0.000959688 0.000927404
0.610406 -0.00524298 0.00536634
0.610774 0.0110573 0.00525505
0.611141 -0.00252745 -0.00768757
0.611509 0.00401256 0.00275957
0.611876 -0.00998126 0.000816199
0.612244 0.0104737 0.00985861
0.612611 0.00268424 0.00563401
0.612979 0.00484281 -0.0086823
0.613346 0.00121968 0.00443339
0.613714 -0.00438566 0.000865794
0.614081 -0.00183716 0.00710589
0.614449 0.00891879 0.00144476
0.614816 -0.00264514 -0.00212602
0.615184 0.00184718 -0.00601669
0.615551 -0.00789581 -0.00271082
0.615919 0.000891897 -0.00377117
0.616286 -0.00899045 -0.00227082
0.616654 -0.0012948 0.0048908
0.617021 0.00386221 0.00147741
0.617389 0.00126287 -0.0042365
0.617756 0.000933655 0.00361908
0.618124 0.00276678 -0.00463913
0.618491 -0.00062099 -0.000869142
0.618859 -0.00814971 0.00905388
0.619226 0.012369 -0.00420394
0.619594 -0.00722087 0.0051068
0.619961 0.00194169 -0.00494109
0.620329 -0.00328745 -0.00592885
0.620696 -0.0115504 0.00448837
0.621064 0.000794835 0.0124996
0.621431 0.00406562 -0.000312534
0.621799 -0.00588086 0.00470249
0.622166 0.00641545 0.000729799
0.622534 0.000467099 -0.00836376
0.622901 -0.00398178 0.00471408
0.623269 -0.00843922 -0.00159292
0.623636 -0.00224506 0.00716217
0.624004 -0.000733614 0.000944988
0.624371 -0.00291579 0.00148079
0.624739 -0.00211522 0.000986488
0.625106 0.000180141 -0.0035437
0.625474 -0.00358796 0.00669204
0.625841 0.00616463 -0.00457704
0.626209 -0.00563889 0.00901877
0.626576 0.00746063 -0.0106318
0.626944 -0.00740371 0.00236195
0.627311 -0.0129915 -0.00521428
0.627678 0.00870799 0.0124207
0.628046 -0.00719631 -0.00171789
0.628413 0.000711985 0.00288659
0.628781 -0.00247585 -0.00417257
0.629148 -0.00535978 0.00560629
0.629516 0.00382945 -0.00178213
0.629883 -0.00235748 0.00621429
0.630251 0.00414056 -0.00277739
0.630618 0.0065126 0.00434955
0.630986 0.00403395 -0.00416152
0.631353 0.00193681 -0.00458987
0.631721 -0.00455224 0.000667384
0.632088 0.0066073 -0.00150613
0.632456 -0.00186841 0.00590986
0.632823 0.008307 -0.00299925
0.633191 -0.00327019 -0.00194749
0.633558 -0.000742607 -0.00949507
0.633926 -0.00343976 0.00713639
0.634293 -0.00256067 -0.00155939
0.634661 0.00357724 -0.00177452
0.635028 0.00669013 0.00534384
0.635396 -0.00176462 -0.00919644
0.635763 -0.00396996 -0.00177042
0.636131 -0.00741279 0.00617366
0.636498 -0.00487796 -0.000850934
0.636866 -0.00176521 -0.000450199
0.637233 0.003274 0.00175298
0.637601 -0.00309997 0.00100536
0.637968 0.00408051 -0.0103265
0.638336 -0.00754652 -0.00466592
0.638703 0.00149358 0.00472291
0.639071 0.00623232 -0.00628874
0.639438 0.00532042 -0.00771022
0.639806 -0.00558584 -0.00665669
0.640173 -0.00647526 0.00193476
0.640541 0.00574483 0.00822553
0.640908 0.000805348 -0.00898478
0.641276 -0.00222765 0.00337603
0.641643 0.00282662 -0.000187613
0.642011 0.00510831 -0.00856367
0.642378 -0.0100319 0.0075024
0.642746 0.00898689 -0.00388772
0.643113 -0.0036539 -0.00916282
0.643481 -0.000641283 0.00230077
0.643848 -0.000533558 -0.00582753
0.644216 -0.00193888 0.00348515
0.644583 -0.00173035 0.000247883
0.644951 -0.000644328 -0.00338398
0.645318 -0.00438 0.00657174
0.645686 -0.00213447 -0.00219916
0.646053 0.00135009 0.00620694
0.646421 0.000699191 0.000952947
0.646788 0.0047008 0.000904105
0.647156 -0.00292242 0.00267957
0.647523 0.00085287 0.00634998
0.647891 0.00380646 -0.00273055
0.648258 0.00426036 0.00510987
0.648626 0.00648202 -0.00254801
0.648993 -0.00633699 -0.00064042
0.649361 0.00741004 0.00323305
0.649728 -0.00191272 0.00407381
0.650096 -0.000586176 -0.00501371
0.650463 -0.00815253 0.00555316
0.650831 0.00442416 -0.00212573
0.651198 0.0029673 -0.00930838
0.651566 0.000865149 -0.00294844
0.651933 0.00209301 -2.4389e-05
0.652301 0.002557 -0.00362828
0.652668 0.00446688 0.00573966
0.653036 0.00783342 -0.0074653
0.653403 -0.00622607 0.00111729
0.653771 0.000849303 0.00540245
0.654138 -0.00303667 0.0257831
0.654505 0.0236968 -0.0095671
0.654873 -0.00144227 -0.00986095
0.65524 -0.00734714 -0.00086887
0.655608 0.00151772 0.00587998
0.655975 0.00443715 -0.00368056
0.656343 -0.00284842 0.000957155
0.65671 0.000769241 0.00433518
0.657078 0.000558686 -0.00524057
0.657445 0.000858103 0.00746705
0.657813 0.0109157 0.000843554
0.65818 0.00556315 -0.00317637
0.658548 -0.000870163 -0.000568866
0.658915 0.00597524 0.000857784
0.659283 -0.0050257 -0.00234781
0.65965 0.00638641 -0.00183017
0.660018 -0.010594 -0.00232458
0.660385 0.0109627 -0.00400827
0.660753 -0.00247062 -0.00699913
0.66112 -0.0139194 -0.00583907
0.661488 -0.000124546 0.0135937
0.661855 -0.00273475 -0.00514208
0.662223 -0.00352421 0.000715232
0.66259 0.00170454 0.00778492
0.662958 -0.000962682 -0.00573966
0.663325 7.69218e-05 0.0142568
0.663693 0.000154388 -0.00549672
0.66406 -0.0038202 0.0043544
0.664428 -0.00597499 0.00569635
0.664795 0.0138708 0.00103592
0.665163 0.00290796 -0.0158771
0.66553 -0.0115708 -4.18744e-06
0.665898 0.0121106 0.0102109
0.666265 0.00116982 0.00111358
0.666633 -0.00365531 0.00518259
0.667 0.00816136 0.00478192
0.667368 -0.0101689 0.00268734
0.667735 0.00251842 0.00856364
0.668103 -0.00570359 -0.0049415
0.66847 0.00350503 0.00847193
0.668838 -0.0189203 -0.0230436
0.669205 -0.00672406 0.0221639
0.669573 0.00699134 0.00585228
0.66994 0.00684742 -0.00284698
0.670308 -0.000363047 0.00116835
0.670675 0.00174811 -0.00101362
0.671043 0.00352518 0.00287005
0.67141 0.00453146 -0.00347772
0.671778 -0.00294708 -0.00523425
0.672145 -0.00396459 -0.00252555
0.672513 -0.00510608 0.00813022
0.67288 0.000620437 0.0120157
0.673248 0.00468757 0.000395828
0.673615 -0.00560204 0.00781607
0.673983 0.00437058 -0.00709796
0.67435 -0.00685783 0.0125992
0.674718 0.0115452 -0.0134765
0.675085 0.000819437 0.00773149
0.675453 -0.00224692 0.0071367
0.67582 0.0249506 -0.00785156
0.676188 -0.0121294 -0.0151507
0.676555 0.00290403 -0.00509602
0.676923 0.0035448 0.00501405
0.67729 -0.00708639 -0.00549717
0.677658 0.0110899 0.00726863
0.678025 -0.0101351 -0.00630656
0.678393 0.00173052 0.00170493
0.67876 0.0015987 -0.00444554
0.679128 -0.01313 -0.0123374
0.679495 -0.00187245 0.0152478
0.679863 0.00231203 0.0174967
0.68023 0.0130719 -0.0115496
0.680598 -0.013715 0.0112719
0.680965 0.00492722 0.00118164
0.681333 -0.0102225 -0.0120495
0.6817 -0.00798893 0.00796413
0.682067 -0.0064944 -0.00718835
0.682435 -1.32573e-05 -9.62306e-05
0.682802 0.00616364 -0.00266859
0.68317 -0.00778694 -0.00854591
0.683537 0.0187099 0.00173733
0.683905 -0.00872359 -0.0123355
0.684272 0.000431508 0.00119065
0.68464 -0.00280401 0.000677269
0.685007 -0.00180315 0.00369661
0.685375 0.00543885 0.00283001
0.685742 -0.00270225 -0.00171761
0.68611 -0.00299942 0.00781265
0.686477 0.0134697 -0.00438541
0.686845 -0.00580723 -0.00126239
0.687212 0.00314968 -0.0010526
0.68758 -0.00781097 -0.00117884
0.687947 -0.0028936 0.00349541
0.688315 -0.00364627 -0.00904851
0.688682 0.00254157 0.00796265
0.68905 -0.00275683 -0.00805267
0.689417 0.00270975 0.00569109
0.689785 -0.000463365 0.00757073
0.690152 -0.00264462 -0.0067985
0.69052 0.00118469 0.0125739
0.690887 0.00841651 0.00813432
0.691255 0.0157287 -0.00198416
0.691622 -0.0102724 0.00570662
0.69199 0.013274 -0.00207276
0.692357 -0.0149582 0.00110265
0.692725 0.00668726 -0.00213674
0.693092 -0.000276567 0.000821456
0.69346 -0.00405349 0.00275019
0.693827 0.0210816 -0.00650457
0.694195 -0.00683963 0.000910677
0.694562 -0.0182634 -0.0129459
0.69493 0.00179312 0.0160197
0.695297 -0.00972093 -0.011945
0.695665 -0.00720279 0.011032
0.696032 0.018013 0.000290462
0.6964 0.00367943 -0.00673055
0.696767 0.00824548 -0.0135459
0.697135 0.00316729 0.0007565
0.697502 -0.0050962 0.00402374
0.69787 0.00783716 -0.00229188
0.698237 -0.00291853 0.0114451
0.698605 0.00942158 -0.0106302
0.698972 -0.00903683 0.00540537
0.69934 0.00673021 0.00536721
0.699707 0.00121621 0.00109769
0.700075 0.00414497 0.00102083
0.700442 0.000741531 0.00458408
0.70081 -0.00292153 -0.0107846
0.701177 -0.00315959 0.0210587
0.701545 0.0034159 -0.00219
0.701912 0.0034248 0.00265429
0.70228 -0.000650311 -0.0018817
0.702647 0.00504993 -0.000551232
0.703015 0.000248883 0.00128295
0.703382 0.00382343 -0.000725175
0.70375 0.000360794 0.00799576
0.704117 0.00659082 -0.00460468
0.704485 -0.00194296 0.00191971
0.704852 2.7477e-05 -0.011708
0.70522 6.21392e-05 0.00543055
0.705587 -0.0146146 -0.00406786
0.705955 -0.00475022 0.0125135
0.706322 -0.00314095 -0.00578301
0.70669 -0.00606148 0.0121711
0.707057 0.00413874 -0.0091397
0.707425 0.0016131 -0.000301674
0.707792 -0.00377958 0.00475301
0.70816 0.00471956 -0.000933889
0.708527 0.00433583 0.0199457
0.708894 -0.00522775 -0.00859448
0.709262 0.00660464 -0.000931737
0.709629 -0.00460176 0.000674502
0.709997 0.0118667 -0.0128208
0.710364 -0.00782435 -0.00376162
0.710732 -0.00496345 0.00402141
0.711099 -0.00418545 0.0086362
0.711467 0.011272 0.015982
0.711834 0.00592106 -0.0001937
0.712202 -0.0041945 -0.00414516
0.712569 -0.00183234 -0.00285341
0.712937 -0.0119592 0.000200271
0.713304 0.00553621 0.0149549
0.713672 0.011908 -0.0115684
0.714039 -0.0136691 -0.000715277
0.714407 -0.0110042 0.00471111
0.714774 0.000498947 0.00978935
0.715142 -0.0143736 0.0123196
0.715509 0.0124698 0.00252162
0.715877 -0.00892939 0.00038993
0.716244 -0.00265479 -0.00520305
0.716612 0.00409852 0.00447003
0.716979 -0.0032798 -0.00903753
0.717347 -0.00775923 0.0137078
0.717714 0.00144579 -0.00247397
0.718082 0.00127023 0.00895417
0.718449 -0.00753286 -0.00455762
0.718817 -0.00386638 0.0120281
0.719184 -0.000105202 0.00771756
0.719552 0.0106831 -0.000788717
0.719919 0.00147576 -0.00230046
0.720287 0.00490023 0.001142
0.720654 0.00479045 -0.00997621
0.721022 -0.000630761 -0.00792673
0.721389 -0.0043755 -0.00926827
0.721757 -0.00090894 0.00411575
0.722124 0.00502088 0.00758222
0.722492 0.00357587 -0.00716109
0.722859 -0.00660755 0.00645891
0.723227 -0.0231568 0.0010176
0.723594 0.0137481 0.0027732
0.723962 -0.000193018 -0.00713452
0.724329 -0.0100073 -0.0119186
0.724697 0.0064796 0.0221218
0.725064 -0.00236542 -0.00975199
0.725432 0.0071852 9.13108e-05
0.725799 -0.0011223 -0.00367796
0.726167 -0.0144476 0.00105079
0.726534 -0.00162085 0.000374541
0.726902 -0.0102566 0.00972678
0.727269 0.018181 -0.00186416
0.727637 -0.00197085 -0.00815631
0.728004 -0.00817937 -0.011619
0.728372 -0.00376335 0.0230864
0.728739 0.0055875 -0.00996616
0.729107 0.000677077 -0.0211652
0.729474 -0.0132443 0.00350395
0.729842 -0.00793429 -0.0194194
0.730209 -0.00288168 0.000952514
0.730577 -0.00927841 0.00359152
0.730944 0.0099131 -0.0112469
0.731312 -0.00800413 0.00550848
0.731679 0.00458455 0.00667902
0.732047 0.00399552 -0.00561335
0.732414 -0.00339164 -0.00656886
0.732782 -0.0154341 0.00297859
0.733149 0.000638406 0.00574233
0.733517 0.00322414 -0.0106219
0.733884 -0.0184961 -0.00270807
0.734252 -0.00801994 0.00303822
0.734619 0.00500402 0.0155175
0.734987 -0.000960535 -0.0047307
0.735354 -0.00285465 0.0132272
0.735722 0.0110942 0.00273328
0.736089 0.0126849 0.00737356
0.736456 0.0112314 -0.00260764
0.736824 -0.00817528 -0.00953576
0.737191 -0.00206259 0.00455271
0.737559 -0.00623676 -0.000416946
0.737926 0.00598558 -0.0215109
0.738294 -0.00928728 0.0099452
0.738661 0.00505321 0.0067702
0.739029 0.0236518 -0.010825
0.739396 -0.0184323 0.0012285
0.739764 0.00731324 -0.0125817
0.740131 -0.00368866 0.00841965
0.740499 -0.00499586 0.00717137
0.740866 -0.0039836 -0.00667795
0.741234 0.00974732 0.0144949
0.741601 -0.00138885 -0.0286953
0.741969 0.000220604 0.0129433
0.742336 0.000862764 0.000140441
0.742704 0.0150597 -0.00501371
0.743071 -0.00999729 -0.0102102
0.743439 0.000532642 -0.0014723
0.743806 0.0190349 0.0102967
0.744174 0.00670059 -0.016903
0.744541 0.00925781 0.00240339
0.744909 0.00499207 0.00463677
0.745276 0.000638701 -0.0112578
0.745644 0.00747348 0.00521748
0.746011 -0.00632789 -0.000334731
0.746379 -0.00103592 -0.00114146
0.746746 -0.00487294 0.00570711
0.747114 0.00318761 0.00365755
0.747481 0.00458185 -0.00690081
0.747849 -0.00173748 -0.0167999
0.748216 -0.00331333 0.0123376
0.748584 0.0118383 -0.0105558
0.748951 0.00840458 -0.0128329
0.749319 -0.0226011 -0.0111744
0.749686 0.0110889 0.00893191
0.750054 -0.0135286 -0.0121244
0.750421 -0.00253363 0.00328664
0.750789 -0.0158522 0.00675203
0.751156 -0.00902455 0.0205366
0.751524 0.0136153 -0.00389852
0.751891 0.000234648 0.00565145
0.752259 -0.00333965 -0.0144789
0.752626 0.0105315 0.0167559
0.752994 -0.00338551 -0.00778632
0.753361 -0.0018053 0.00331478
0.753729 0.00679138 0.0176493
0.754096 0.00546712 -0.0101271
0.754464 0.00388815 0.00525229
0.754831 0.00236854 0.00201136
0.755199 -0.00413357 -0.00556491
0.755566 0.0113529 -0.00773489
0.755934 -0.0232145 -0.00394856
0.756301 0.0213671 0.00249506
0.756669 -0.00823875 0.00516659
0.757036 0.00496631 0.00589789
0.757404 0.0047482 0.00258781
0.757771 0.000532923 0.00538227
0.758139 0.00593449 0.00302719
0.758506 -0.00589297 0.007414
0.758874 0.00273985 0.019627
0.759241 -0.000688631 0.00025521
0.759609 -0.0140515 0.000238466
0.759976 -0.000456625 0.0135317
0.760344 0.00336378 0.00776623
0.760711 0.0058165 -0.000378566
0.761079 0.00733167 -0.00126875
0.761446 -0.00744139 -0.00666817
0.761814 0.0050347 0.00224164
0.762181 -0.00275142 -0.00512742
0.762549 0.00334045 0.0147055
0.762916 0.0080128 -0.00667268
0.763284 0.00344805 -0.004529
0.763651 0.00205526 0.0193836
0.764018 0.0204157 -0.0201541
0.764386 -0.0199464 0.00394354
0.764753 0.010355 0.00168073
0.765121 0.00776025 0.00316981
0.765488 0.0032418 -0.0153269
0.765856 -0.00959174 -0.0213553
0.766223 -0.00935952 0.00864132
0.766591 -0.0123884 -0.0045017
0.766958 0.0104375 0.0112777
0.767326 -0.00812308 -0.00768678
0.767693 0.00726436 0.00489189
0.768061 -0.00543847 -0.00378462
0.768428 -0.0122529 -0.00100121
0.768796 0.00665159 0.0205145
0.769163 0.00818333 -0.00983547
0.769531 -0.0121987 -6.51274e-05
0.769898 0.00607232 0.00689729
0.770266 -0.00214125 0.00758259
0.770633 0.0113966 -0.0163022
0.771001 -0.00191127 0.0154692
0.771368 -0.00191032 -0.00937459
0.771736 -0.0177677 0.000391258
0.772103 -0.00174689 0.0130103
0.772471 -0.00820743 -0.00274499
0.772838 -0.00137797 -0.0082025
0.773206 0.00256735 0.00520135
0.773573 -0.0235015 -0.0143787
0.773941 -0.00362615 -0.00106309
0.774308 0.00560751 0.00191168
0.774676 -0.00516864 -0.0192906
0.775043 -0.00505989 0.0114321
0.775411 0.00157233 0.000838634
0.775778 -0.00664272 0.00526192
0.776146 -0.00108152 0.000954331
0.776513 -0.00885119 0.00824737
0.776881 0.013109 0.00861986
0.777248 -0.0141377 -0.0173477
0.777616 -0.008991 0.0138358
0.777983 0.00848385 0.00680436
0.778351 -0.00328567 -0.00561562
0.778718 0.000150755 0.0163234
0.779086 0.00870452 -0.0191491
0.779453 -0.00202864 0.00266389
0.779821 -0.00902499 0.0108868
0.780188 0.00556277 0.000300271
0.780556 0.00567134 0.0184275
0.780923 0.0178937 -0.0100703
0.781291 0.0224766 0.00349854
0.781658 -0.0122156 -0.0279207
0.782026 0.00634005 0.00169363
0.782393 -0.00722939 0.00489506
0.782761 -0.00499349 -0.00511756
0.783128 0.00566674 -0.00502023
0.783496 -0.00950579 -0.00463091
0.783863 -0.0084163 0.0145854
0.784231 0.0172736 -0.00698342
0.784598 -0.0139324 -0.0074635
0.784966 -0.00443578 -0.00758552
0.785333 0.00542289 0.0164272
0.785701 -0.0112557 -0.00248649
0.786068 0.000666447 0.00457039
0.786436 0.0144631 -0.0100245
0.786803 -0.00377041 -0.0147229
0.787171 0.00710733 -0.00964493
0.787538 0.0135175 -0.000828593
0.787906 -0.00848935 0.00398876
0.788273 0.0183012 -0.0164044
0.788641 0.0157474 -0.000991755
0.789008 -0.0200499 -0.00535435
0.789376 0.0239557 0.0112707
0.789743 -0.00677669 -0.00803577
0.790111 -0.0138341 -0.00449128
0.790478 0.00596407 0.00104225
0.790845 -0.00456051 -0.00678163
0.791213 -0.00290301 -0.0109115
0.79158 -0.0253363 0.00587393
0.791948 0.015852 0.00376074
0.792315 -0.00406798 -0.00744073
0.792683 -0.00636289 -0.00632701
0.79305 -0.000132079 0.0073316
0.793418 -0.000256685 4.6751e-05
0.793785 0.017272 0.0109036
0.794153 0.00311452 -0.00863171
0.79452 -0.00878848 -0.0119527
0.794888 0.000932825 0.0212322
0.795255 -0.00831961 -0.0322992
0.795623 0.00333906 0.023026
0.79599 -0.0308178 0.0128218
0.796358 0.0235084 0.0145209
0.796725 0.0134383 0.00894251
0.797093 0.000572001 -0.0137715
0.79746 -0.000357218 -0.000514642
0.797828 0.00599098 -0.00513171
0.798195 -0.000210089 0.00171456
0.798563 0.00749594 -0.00842693
0.79893 -0.00294036 0.0123604
0.799298 0.00940636 -0.0119431
0.799665 0.0037857 0.00730299
0.800033 -0.000508546 -0.00222016
0.8004 -0.00111529 -0.00443674
0.800768 0.00121857 -0.0151374
0.801135 0.00405661 0.0153251
0.801503 0.0153627 0.012285
0.80187 0.0177868 -0.00264253
0.802238 -0.00861259 0.0197385
0.802605 0.00207486 -0.00453851
0.802973 0.0176165 0.0141051
0.80334 -0.0169973 0.0158886
0.803708 0.0176674 -0.00610623
0.804075 -0.0160723 0.00121055
0.804443 -0.011201 0.00899457
0.80481 0.0228728 -0.0138608
0.805178 -0.00602979 0.00993043
0.805545 0.00652193 -0.00312928
0.805913 0.00593713 5.5158e-05
0.80628 -0.00166016 -0.0130211
0.806648 -0.00143542 -0.00113927
0.807015 -0.00961264 4.53637e-06
0.807383 0.00716849 0.00361851
0.80775 0.00622909 -0.00926395
0.808118 -0.00379621 0.000446846
0.808485 -0.00995145 0.0108982
0.808853 0.00317813 0.00738618
0.80922 0.01306 0.000662749
0.809588 -0.0210002 -0.00718245
0.809955 0.0363769 0.0111429
0.810323 -0.0131057 0.000600922
0.81069 0.0113136 -0.0276706
0.811058 -0.0148927 -0.00276929
0.811425 -0.0262744 0.00387383
0.811793 0.00945654 0.0137769
0.81216 0.00697928 0.00218482
0.812528 0.0070284 0.0105071
0.812895 0.0128243 -0.00765331
0.813263 -0.0087251 0.0198069
0.81363 -0.0044946 -0.00853592
0.813998 0.000416251 0.0300346
0.814365 0.000385757 -0.0176184
0.814733 0.00690733 0.00166649
0.8151 -0.00543384 -0.00962404
0.815468 0.0109626 0.00769606
0.815835 0.000859192 0.00116234
0.816203 -0.0223566 0.0132305
0.81657 0.00907046 0.0258764
0.816938 -0.00917142 -0.0111834
0.817305 0.00458908 -0.0016264
0.817673 -0.0183287 0.0238995
0.81804 0.000216584 -0.0156239
0.818407 -0.011543 0.00769054
0.818775 -0.00226938 -0.00215589
0.819142 0.00239129 -0.00957839
0.81951 -0.00457408 0.00619673
0.819877 -0.0110039 0.00278101
0.820245 0.00674908 0.00319959
0.820612 0.00275558 -0.00626957
0.82098 -0.00795309 -0.0161495
0.821347 0.00476564 0.0110397
0.821715 0.00740748 -0.0184847
0.822082 -0.0171842 -0.00729485
0.82245 0.00976418 0.0173988
0.822817 0.00196926 0.00496144
0.823185 -0.00264858 -0.000809633
0.823552 -0.0107035 -0.00651929
0.82392 -0.00187072 0.0136001
0.824287 0.00197382 -0.00786094
0.824655 -0.0120111 0.0168655
0.825022 -0.00441099 0.00509725
0.82539 0.00346084 0.0203466
0.825757 0.0177372 0.0122305
0.826125 0.0234373 -0.0202936
0.826492 0.008567 -0.00958704
0.82686 -0.00705424 -0.00967729
0.827227 -0.0110845 0.000475252
0.827595 -0.00360223 0.0321271
0.827962 -0.016966 -0.016446
0.82833 0.0172233 -0.00233849
0.828697 -0.0341169 -0.00504417
0.829065 0.0200893 -0.00774149
0.829432 -0.00953933 0.00270787
0.8298 0.0043143 0.00453879
0.830167 0.00683296 0.00465883
0.830535 -0.00672777 0.0104753
0.830902 -0.00429488 -0.0109729
0.83127 -0.0197231 0.00745142
0.831637 0.00212694 0.00954507
0.832005 0.017166 -0.00181359
0.832372 -0.0102081 -0.0113808
0.83274 0.00151591 0.00271119
0.833107 -0.00738064 -0.00143903
0.833475 0.014922 -0.0198374
0.833842 -0.00503596 0.00688302
0.83421 0.00697749 -0.0193604
0.834577 0.00401968 -0.00891037
0.834945 -0.00626883 -0.0117862
0.835312 -0.000631273 0.0170008
0.83568 0.0273488 -0.0130771
0.836047 -0.000317023 -0.0148433
0.836415 -0.00815863 0.0201965
0.836782 0.0238978 -0.00782092
0.83715 -0.0179677 -0.00801684
0.837517 -0.0186785 0.00568606
0.837885 -0.0102414 0.00758863
0.838252 0.0191271 -0.00238832
0.83862 -0.00219687 -0.0136298
0.838987 -0.00889003 -0.00674122
0.839355 -0.0140058 -0.00356689
0.839722 0.00085721 0.00744971
0.84009 -0.00752067 -0.0171997
0.840457 -0.0157356 0.0108181
0.840825 0.00117172 0.0151618
0.841192 -0.00926286 0.0232901
0.84156 0.0161248 0.0158995
0.841927 0.0189592 -0.00206698
0.842295 -0.0266761 -0.0106625
0.842662 0.0105703 -0.00715018
0.84303 0.0124474 0.0182404
0.843397 0.00411018 -0.0331716
0.843765 0.00476502 0.0156384
0.844132 0.00226319 0.00626984
0.8445 0.00198006 -0.0155867
0.844867 -0.0139756 0.0117122
0.845234 -0.00420426 0.00565004
0.845602 -0.00899391 -0.00708661
0.845969 0.0174038 0.00270313
0.846337 -0.017614 -0.00490336
0.846704 0.00327199 0.00540441
0.847072 -0.000718289 0.0217875
0.847439 0.00807396 -0.00784916
0.847807 -0.00879644 -0.00846864
0.848174 0.023071 0.0223849
0.848542 -0.00440907 -0.0111241
0.848909 0.0284797 0.0126873
0.849277 -0.00828453 0.00287776
0.849644 0.015742 0.0110678
0.850012 -0.0046011 -0.000224406
0.850379 0.00411947 0.0154956
0.850747 0.006393 0.0138287
0.851114 -0.00333154 -0.0231944
0.851482 -0.00357994 0.0106552
0.851849 -0.00302218 -0.00441786
0.852217 0.0121772 -0.0199783
0.852584 0.00799371 -0.00729124
0.852952 -0.0120973 -0.00197659
0.853319 0.021681 -0.00191258
0.853687 0.00195291 0.00486286
0.854054 0.0108268 -0.0163205
0.854422 -0.00913002 0.00497822
0.854789 0.00748254 -0.00403267
0.855157 0.0016568 -0.00605793
0.855524 -0.013916 0.00229974
0.855892 -0.00979255 -0.011113
0.856259 -0.01655 -0.0133568
0.856627 -0.036982 0.0208141
0.856994 0.0125739 0.00313174
0.857362 0.004314 0.0117436
0.857729 -0.0125683 0.00766214
0.858097 0.0157065 0.0211972
0.858464 0.000422009 -0.00169767
0.858832 -0.0139966 0.00159307
0.859199 0.0217207 0.0104426
0.859567 0.00541414 -0.0223806
0.859934 -0.0165227 0.00121968
0.860302 0.0207697 -0.0176046
0.860669 -0.0254092 0.0130443
0.861037 -0.0096207 -0.002455
0.861404 0.0116621 0.0219501
0.861772 -0.0353214 -0.0154481
0.862139 0.00219825 0.0194087
0.862507 0.0123997 -0.0051031
0.862874 -0.0340001 0.00925562
0.863242 0.0122213 0.00205088
0.863609 -0.0208892 0.021078
0.863977 0.0134267 -0.00308796
0.864344 -0.0235054 -0.00502259
0.864712 -0.00528696 0.00994991
0.865079 -0.00955455 7.40393e-05
0.865447 -0.00881816 -0.00641395
0.865814 0.0228727 -0.000583208
0.866182 0.00507683 -0.000639919
0.866549 0.00542125 -0.0117156
0.866917 0.015357 0.0057883
0.867284 -0.0204321 0.0105897
0.867652 0.00980218 0.00726262
0.868019 0.014466 0.0287531
0.868387 -0.00724497 -0.000379471
0.868754 0.0148539 -0.00709126
0.869122 -0.0214 0.00503176
0.869489 0.00616666 0.00209546
0.869857 0.00476675 0.000276017
0.870224 -0.00964612 -0.00213438
0.870592 0.00861253 -0.00368029
0.870959 0.0154822 0.00776441
0.871327 0.0171123 -0.0411078
0.871694 -0.00577848 -0.00841733
0.872062 -0.025756 -0.0181712
0.872429 -0.0170911 0.0123969
0.872796 -0.0226112 -0.00687697
0.873164 -0.0117636 0.0120513
0.873531 0.0137161 -0.0164032
0.873899 -0.0105118 -0.000299801
0.874266 0.00364904 0.0243326
0.874634 0.00602576 -0.0133781
0.875001 -0.00234805 0.0231385
0.875369 0.000502808 -0.0159324
0.875736 0.00344385 -0.0140455
0.876104 -0.0275497 0.00428603
0.876471 0.011845 -0.00286925
0.876839 -0.0122132 -0.0334891
0.877206 -0.0175483 0.0264033
0.877574 0.0118978 -0.0237672
0.877941 0.00547231 -0.00341531
0.878309 -0.0116687 -0.0170714
0.878676 0.00418335 0.00490803
0.879044 0.01666 -0.0109597
0.879411 -0.000198969 -0.0223713
0.879779 -0.00501987 -0.0143592
0.880146 0.0111186 -0.00110812
0.880514 -0.00171864 0.00631038
0.880881 -0.0111111 0.00588422
0.881249 0.00292325 0.00901279
0.881616 -0.00475206 0.0218252
0.881984 0.0109896 -0.0243637
0.882351 -0.0284727 -0.00126768
0.882719 -0.017523 0.012135
0.883086 -0.0212602 -0.000797179
0.883454 0.0166263 0.0177219
0.883821 0.00965186 -0.0114893
0.884189 -0.0106075 -0.0113268
0.884556 -0.00214912 0.0272599
0.884924 0.0167739 -0.0235852
0.885291 0.0101796 0.00341636
0.885659 -0.0165355 -0.0149645
0.886026 0.00360797 0.0321971
0.886394 0.00796906 0.00782533
0.886761 0.0265247 -0.00904527
0.887129 -0.0158959 -0.0238368
0.887496 0.0166188 -0.0206113
0.887864 -0.00725153 -0.0275539
0.888231 0.00260525 0.00222896
0.888599 0.000375402 0.00241628
0.888966 -0.0120893 -0.00257354
0.889334 0.00648541 0.0157123
0.889701 -0.00806305 -0.0176075
0.890069 0.00257232 -0.00031437
0.890436 -0.00815779 0.00778484
0.890804 0.0241374 0.00527448
0.891171 -0.0074667 -0.0109884
0.891539 0.0243798 0.00869199
0.891906 0.0115314 -0.0181239
0.892274 -0.00664301 -0.00762702
0.892641 0.0109249 0.0260094
0.893009 0.00224696 -0.010765
0.893376 0.014934 0.0140664
0.893744 -0.00333717 0.00975289
0.894111 0.0179221 0.0161775
0.894479 0.0236691 -0.0104998
0.894846 -0.00545912 0.00616116
0.895214 0.00318124 0.00499384
0.895581 0.0109522 -0.0136177
0.895949 -0.00553116 -0.00934406
0.896316 -0.014747 -0.0183858
0.896684 -0.0113322 0.0401082
0.897051 0.0308701 -0.0279395
0.897419 -0.00151487 0.00281665
0.897786 0.00634165 -0.0331711
0.898154 -0.0147618 0.00502603
0.898521 -0.0229811 0.00700941
0.898889 0.0232259 0.018199
0.899256 -0.015044 -0.0245167
0.899624 0.0232169 0.0206802
0.899991 -0.00815162 -0.00834616
0.900358 0.0239044 -0.00421105
0.900726 -0.0110423 -0.0209613
0.901093 -0.0282536 -0.00798061
0.901461 0.0026171 0.0352214
0.901828 0.00883552 -0.0145227
0.902196 0.0149233 -0.000861215
0.902563 0.0158484 0.00668389
0.902931 0.00561126 0.00386569
0.903298 0.00900718 0.0126231
0.903666 -0.00136288 -0.000494289
0.904033 -0.000437916 -0.00552579
0.904401 0.00138391 0.0193823
0.904768 0.0184875 0.00358651
0.905136 0.0096003 -0.0282277
0.905503 -0.0350926 -0.00356414
0.905871 -0.00353157 0.0273317
0.906238 0.0051925 -0.003148
0.906606 -0.00416303 0.0296195
0.906973 0.0130964 -0.0132399
0.907341 -0.0236213 0.0228025
0.907708 0.0103129 -0.0172261
0.908076 -0.0291599 0.0146626
0.908443 -0.0103136 0.0163546
0.908811 -0.0122978 -0.00579056
0.909178 -0.0103415 0.0284869
0.909546 0.0129174 0.0105187
0.909913 -0.00957169 0.000995689
0.910281 0.00639387 0.0203096
0.910648 0.0145836 0.00833822
0.911016 0.017569 0.00878926
0.911383 -0.000694495 -0.0314376
0.911751 -0.00168107 0.00797713
0.912118 -0.0237822 -0.0047266
0.912486 0.0197998 0.0293171
0.912853 -1.01455e-05 -0.0027389
0.913221 0.0172664 -0.0174032
0.913588 -0.00896104 -0.00773692
0.913956 0.00200681 -0.00300633
0.914323 -0.0221194 0.0179116
0.914691 0.0215065 0.00880242
0.915058 0.0114113 0.00824983
0.915426 0.0116014 0.00523748
0.915793 0.0238809 -0.0127622
0.916161 -0.0196762 -0.00231438
0.916528 -0.00266214 -0.0253606
0.916896 0.01342 0.0160522
0.917263 -0.00750233 0.000413187
0.917631 -0.000144927 -0.00292776
0.917998 -0.0207872 0.018347
0.918366 -0.0129744 -0.00957555
0.918733 0.00174202 0.0144078
0.919101 -0.0146939 -0.00304477
0.919468 -0.0134949 0.0133053
0.919836 0.00595392 0.0159897
0.920203 0.0295098 -0.0121721
0.920571 -0.0156662 -0.0249094
0.920938 0.00898085 0.016612
0.921306 -0.0276243 -0.014634
0.921673 0.0111793 0.00818248
0.922041 -0.0192107 -0.0201682
0.922408 0.00135881 0.0035796
0.922776 0.00206715 -0.014428
0.923143 -0.0205118 -0.0276563
0.923511 -0.00312093 0.00833949
0.923878 -0.00850007 -0.0256806
0.924246 -0.019836 -0.00232576
0.924613 -0.0179329 -0.000797169
0.924981 -0.0121058 0.00427568
0.925348 -0.00925246 0.0124235
0.925716 -0.0190174 -0.0113199
0.926083 -0.00355327 0.0273198
0.926451 0.0108321 0.00501396
0.926818 0.0248359 -0.0092629
0.927185 -0.023729 -0.00744509
0.927553 -0.000480753 0.0119716
0.92792 -0.00977188 -0.00668073
0.928288 -0.00126803 0.0254357
0.928655 0.00194942 0.00467671
0.929023 0.00969831 -0.0223236
0.92939 -0.0213287 0.0120137
0.929758 -0.00479652 0.0241375
0.930125 0.0202411 0.000734202
0.930493 -0.00700229 -0.0116582
0.93086 -0.0147207 -0.00212578
0.931228 0.0433721 0.00405511
0.931595 -0.0225196 -0.00149642
0.931963 0.0165477 0.0157857
0.93233 0.00992019 -0.0117628
0.932698 -0.00578934 -0.0198235
0.933065 0.000401255 -0.016074
0.933433 -0.0222319 -0.00545201
0.9338 0.0066377 -0.00265171
0.934168 -0.0112742 -0.00821342
0.934535 -0.00588298 -0.00954753
0.934903 -0.00400805 0.0272929
0.93527 0.0239348 0.0170961
0.935638 -0.0217366 0.00227214
0.936005 0.0114148 -0.00111703
0.936373 0.00687819 -0.000998847
0.93674 0.0229843 -0.0086511
0.937108 0.0142274 -0.0120021
0.937475 -0.000204068 -0.00403376
0.937843 0.0287551 -0.0199852
0.93821 -0.0218847 -0.0124633
0.938578 0.0227952 -0.0120043
0.938945 0.0108077 -0.00847967
0.939313 -0.0120454 -0.0216521
0.93968 0.00896931 -0.0133961
0.940048 -0.0331535 0.00643098
0.940415 0.0214036 -0.0103959
0.940783 -0.00846198 -0.0148266
0.94115 -0.0118962 0.0139391
0.941518 -0.0134786 0.0212232
0.941885 0.00325988 -0.0126269
0.942253 -0.0288168 0.0100698
0.94262 0.0418497 -0.0112595
0.942988 -0.0250282 -0.029639
0.943355 -0.00644741 -0.0254864
0.943723 -0.00017617 0.0270846
0.94409 0.0163885 -0.00736162
0.944458 0.00413839 -0.024158
0.944825 -0.0195307 0.0165993
0.945193 0.0322238 0.0116806
0.94556 0.0162507 -0.0351597
0.945928 -0.0470816 0.0237089
0.946295 0.0168466 0.00999061
0.946663 -0.0202655 0.00570438
0.94703 -0.00271656 0.0132326
0.947398 0.0208538 0.00489254
0.947765 -0.00663365 0.00652273
0.948133 0.0186414 -0.0114759
0.9485 0.0109581 0.0153862
0.948868 -0.00700521 -0.0158033
0.949235 0.0153954 0.0287315
0.949603 0.00921466 -0.0210968
0.94997 -0.0367918 0.00374769
0.950338 0.0096932 -0.0114867
0.950705 -0.0139206 -0.0143547
0.951073 0.00867573 0.00803956
0.95144 -0.0111836 0.0186427
0.951808 0.00428113 0.0257373
0.952175 0.00301737 0.00719429
0.952543 0.0124187 0.0376382
0.95291 0.0248368 -0.0328292
0.953278 0.00900526 0.00741508
0.953645 -0.00882384 0.00038403
0.954013 -0.00304131 -0.0127755
0.95438 0.00925823 0.0209577
0.954747 -0.0141436 -0.0274703
0.955115 -0.00211733 0.0129121
0.955482 0.0150815 0.0168466
0.95585 -0.00900587 -0.0103632
0.956217 0.00268645 -0.014471
0.956585 0.0182541 -0.00711685
0.956952 -0.00567288 -0.0649438
0.95732 -0.0140752 0.0419317
0.957687 0.0295345 -0.00259592
0.958055 0.0499789 0.00743811
0.958422 -0.00537153 -0.0222023
0.95879 0.00101478 0.00619354
0.959157 -0.00243196 0.0340854
0.959525 -0.00525317 -0.0239773
0.959892 -0.0112105 0.0451871
0.96026 0.00264534 0.0226487
0.960627 0.0314515 -0.0305353
0.960995 -0.0205335 -0.0316789
0.961362 -0.0164676 -0.0062669
0.96173 -0.0210355 -0.0129553
0.962097 -0.00144698 0.0249763
0.962465 0.0124502 0.00116447
0.962832 0.00146052 -0.00249604
0.9632 -0.0441162 0.00856262
0.963567 0.0207549 0.0140929
0.963935 -0.0322232 -0.0131059
0.964302 -0.00472439 0.021984
0.96467 0.0212798 -0.00885402
0.965037 0.00826167 0.00290237
0.965405 0.0298269 -0.0191668
0.965772 -0.00315723 0.00980848
0.96614 -0.0148901 -0.0191563
0.966507 -0.0273456 0.00111164
0.966875 -0.0147051 0.000693533
0.967242 -0.0368106 -0.0136368
0.96761 0.00559433 0.0266454
0.967977 -0.0016666 0.0048291
0.968345 0.0143489 2.51534e-05
0.968712 0.0210022 -0.0161054
0.96908 -0.0126319 -0.0352884
0.969447 0.000165323 -0.00241131
0.969815 0.0116869 -0.00974837
0.970182 -0.0230321 -0.00212849
0.97055 0.00314307 -0.0162788
0.970917 0.00455132 0.0159766
0.971285 -0.0128431 0.0147343
0.971652 0.0641083 0.0400152
0.97202 0.00124178 -0.0177192
0.972387 0.0111909 -0.00726712
0.972755 -0.0353025 0.03292
0.973122 0.001846 -0.0028199
0.97349 0.00101182 0.0242786
0.973857 -0.038306 -0.0188444
0.974225 0.0234735 0.0155611
0.974592 -0.0267428 -0.0076726
0.97496 -0.00815328 -0.0166751
0.975327 -0.00694449 0.018569
0.975695 0.043248 -0.000673178
0.976062 0.0129729 -0.0136735
0.97643 0.0194724 -0.00419011
0.976797 0.00626997 -0.0157367
0.977165 -0.0290877 0.0085698
0.977532 -0.00754738 0.00153768
0.9779 0.0200705 -0.0391496
0.978267 -0.0315976 -0.0160032
0.978635 -0.00125218 -0.0227102
0.979002 0.0103702 0.00742841
0.97937 -0.0385857 0.00163963
0.979737 0.0208402 -0.00864798
0.980105 0.00171363 0.0578615
0.980472 -0.0137001 -0.000281844
0.98084 0.0351318 -0.00418278
0.981207 -0.00115301 -0.00621884
0.981574 0.0199255 -0.0434046
0.981942 -4.62817e-05 -0.0037979
0.982309 0.0168383 -0.0115942
0.982677 -0.0022642 -0.0135635
0.983044 -0.00291556 0.00735159
0.983412 0.00888197 -0.00919791
0.983779 0.03067 0.037271
0.984147 0.0358693 -0.0256649
0.984514 0.00429783 0.0101808
0.984882 -0.00243676 -0.0227726
0.985249 0.0248205 0.010471
0.985617 -0.0350653 -0.0214783
0.985984 0.0134362 0.00931427
0.986352 -0.0381309 0.0175569
0.986719 -0.018207 0.00470929
0.987087 0.0144498 0.0342384
0.987454 0.00892293 -0.0260354
0.987822 0.0155511 -0.0224684
0.988189 -0.0269024 -0.017875
0.988557 0.0195837 0.00408901
0.988924 0.00186469 -0.00591662
0.989292 -0.0223412 -0.00535442
0.989659 0.0130199 -0.0125896
0.990027 0.0154465 0.0020396
0.990394 -0.0224594 -0.00178883
0.990762 0.00780343 0.0265705
0.991129 -0.0108483 0.0192092
0.991497 0.00254074 0.0138231
0.991864 -0.000347453 -0.0163881
0.992232 0.0281343 -0.0213099
0.992599 0.00440335 0.0159536
0.992967 0.0392946 -0.00420602
0.993334 0.0302568 -0.0291363
0.993702 -0.0273 0.0404935
0.994069 0.0133735 -0.0481557
0.994437 0.0219221 0.038129
0.994804 -0.0424577 -0.0118812
0.995172 -0.00337302 -0.0366418
0.995539 -0.00866808 0.0539354
0.995907 -0.000150384 -0.0340973
0.996274 0.0298856 0.0557847
0.996642 -0.00542454 -0.0117162
0.997009 -0.00672558 0.0194635
0.997377 0.0124051 0.0134374
0.997744 0.00468255 -0.00287556
0.998112 0.0384768 0.0329412
0.998479 -0.0378576 -0.0158011
0.998847 0.00988542 0.046681
0.999214 -0.0145416 0.00776008
0.999582 0.0243665 0.0149033
0.999949 -0.019112 0.0317876
1.00032 0.0571152 -0.0192235
1.00068 -0.0252264 -0.00679724
1.00105 -0.00472196 -0.0100246
1.00142 0.0210611 -0.0111297
1.00179 -0.00429707 -0.00729829
1.00215 0.00351618 -0.00703372
1.00252 0.00226339 0.0423653
1.00289 0.0532412 -0.000650966
1.00326 -0.00917604 -0.028077
1.00362 -0.0072178 0.0322997
1.00399 0.00211899 -0.0377519
1.00436 0.00687875 0.00655848
1.00473 -0.0242868 0.0110126
1.00509 0.0252043 0.0046092
1.00546 -0.00758238 0.0153825
1.00583 -0.00506922 -0.0308519
1.0062 -0.0255162 -0.00875963
1.00656 0.00769104 -0.00319774
1.00693 -0.00262425 0.0457742
1.0073 0.0189452 -0.00633902
1.00767 -0.017116 0.0463374
1.00803 0.0381458 0.034293
1.0084 -0.0328056 -0.0384917
1.00877 0.0320114 0.0118849
1.00914 -0.0385469 0.00252615
1.0095 -0.00557156 -0.0177812
1.00987 0.0464272 0.00998739
1.01024 -0.0297861 -0.0208935
1.01061 0.0129767 -0.00895898
1.01097 -0.0495606 0.00988474
1.01134 -0.00766549 0.00626887
1.01171 0.0114594 -0.0125323
1.01208 -0.0117075 -0.0161967
1.01244 -0.00910203 -0.00548786
1.01281 -0.0556256 0.036861
1.01318 0.00935174 0.017602
1.01355 -0.0134706 0.00143559
1.01391 0.00557648 -0.00673891
1.01428 -0.0234608 0.0285789
1.01465 -0.0102048 -0.0367456
1.01502 -0.0219381 0.0416659
1.01538 0.0125412 -0.0107601
1.01575 -0.0113391 -0.0131749
1.01612 0.00173998 0.0292339
1.01649 -0.00809409 0.00503874
1.01685 0.0248036 0.0393131
1.01722 0.00388406 -0.0213231
1.01759 -0.0329596 0.0157793
1.01796 0.0289278 0.0301656
1.01832 -0.0164088 -0.0235369
1.01869 0.00326935 0.0144687
1.01906 0.00504643 0.0102486
1.01943 0.0136682 -0.00914892
1.01979 -0.0159191 0.00962983
1.02016 -0.0251747 -0.00420227
1.02053 -0.00165295 0.0168981
1.0209 0.0245225 -0.00636331
1.02126 0.0248887 0.00132081
1.02163 -0.0268828 -0.0431435
1.022 -0.00214108 0.019398
1.02237 -0.0348983 -0.0224936
1.02273 -0.0440418 0.00436477
1.0231 0.0313132 0.0132743
1.02347 -0.00445544 -0.0133885
1.02384 0.0285249 -0.00947487
1.0242 0.00117646 -0.0154679
1.02457 -0.0196253 -0.00465497
1.02494 -0.00882924 0.00366349
1.02531 0.000582642 0.0361367
1.02567 0.0219533 -0.0238183
1.02604 0.00905156 -0.0238393
1.02641 -0.00974667 0.0126491
1.02678 0.029084 0.025902
1.02714 0.0251082 -0.028817
1.02751 0.00784068 -0.0329604
1.02788 -0.0381593 -0.0324616
1.02825 -0.0116602 -0.0216387
1.02861 -0.0136876 0.0246149
1.02898 -0.0079271 -0.0383232
1.02935 0.0127212 0.0184293
1.02972 0.001927 -0.0376991
1.03008 -0.0132256 -0.00817117
1.03045 0.0220135 -0.0153849
1.03082 -0.0439738 -0.0098337
1.03119 0.00325752 -0.00255433
1.03155 -0.0382098 0.00653871
1.03192 -0.0209098 0.0327213
1.03229 0.0163567 -0.00489407
1.03266 -0.0291577 0.00383593
1.03302 -0.0081951 0.0252563
1.03339 0.00470086 -0.014572
1.03376 0.0235771 -0.00652875
1.03413 -0.0345829 0.00697878
1.03449 0.0126831 -0.0190383
1.03486 -0.0039057 -0.0260007
1.03523 -0.0031186 -0.0188369
1.0356 0.00764901 0.00455586
1.03596 -0.00850363 0.0105479
1.03633 0.0128581 0.015696
1.0367 0.0307513 0.00203761
1.03707 -0.0139529 -0.031411
1.03743 0.0356603 -0.0129593
1.0378 -0.0469435 -0.00132492
1.03817 0.0412388 0.00879099
1.03854 -0.0021855 0.0355056
1.0389 -0.00281492 -0.0215104
1.03927 0.0176814 0.00638756
1.03964 0.0292896 0.00534045
1.04001 -0.0244287 -0.0404716
1.04037 -0.0119085 0.0134865
1.04074 -0.0048719 0.0220252
1.04111 8.14369e-05 -0.0146045
1.04148 -0.0318061 0.049454
1.04184 0.0383618 0.0109114
1.04221 -0.0078519 0.0351899
1.04258 0.0559323 -0.017529
1.04295 0.0212948 0.00290615
1.04331 0.000808548 -0.0453333
1.04368 0.0333388 0.0136282
1.04405 -0.0299187 -0.0358433
1.04442 -0.0110332 0.0476513
1.04478 0.0367106 -0.00102148
1.04515 0.0392671 0.012807
1.04552 0.00894642 -0.0291569
1.04589 -0.0190043 -0.0107787
1.04625 0.0228349 -0.019126
1.04662 -0.034546 -0.0465655
1.04699 -0.0221366 0.0078125
1.04736 0.0106055 0.0163113
1.04772 -0.00907976 -0.0416335
1.04809 0.00340475 -0.0160155
1.04846 0.00324184 0.0377095
1.04883 0.0137139 -0.0501286
1.04919 0.00864431 0.0341297
1.04956 0.0172684 -0.00264382
1.04993 0.0284986 0.00183547
1.0503 0.00527795 0.0280336
1.05066 0.0169812 -0.00816099
1.05103 -0.019053 -0.0211865
1.0514 -0.0393473 0.0306858
1.05177 0.0144372 -0.00257604
1.05213 -0.0149446 0.0277997
1.0525 0.00861816 -0.0517198
1.05287 -0.00453164 0.0536307
1.05324 -0.0292748 0.00907314
1.0536 0.040143 -0.0139306
1.05397 0.0090522 0.00304327
1.05434 -0.0299782 0.012752
1.05471 0.0206381 0.00953679
1.05507 0.0326691 -0.00650944
1.05544 -0.0389353 -0.0463969
1.05581 0.0310335 0.004224
1.05618 -0.0738799 -0.0431931
1.05654 -0.0146953 0.0564311
1.05691 -0.0114299 -0.0104477
1.05728 -0.00751203 0.0350151
1.05765 -0.0445056 0.0126012
1.05801 0.036749 0.0209176
1.05838 -0.0447828 0.017562
1.05875 0.0335258 0.0262144
1.05912 0.0320444 -0.0182683
1.05948 -0.0340424 -0.0264284
1.05985 -0.0270419 0.0570889
1.06022 0.0309034 0.0124196
1.06059 0.0196743 -0.040462
1.06095 -0.00230788 0.0174933
1.06132 0.0340521 0.00786917
1.06169 0.0263563 -0.0220083
1.06206 -0.0163256 -0.0108435
1.06242 0.0136856 0.0062466
1.06279 0.0279421 0.0197633
1.06316 -0.0317966 -0.000933346
1.06353 0.0200259 0.0224801
1.06389 -0.0171405 0.010675
1.06426 -0.0210873 -0.00226917
1.06463 -0.0063105 0.0375806
1.065 -0.0368741 -0.0126251
1.06536 0.0131707 0.0394463
1.06573 0.0113397 -0.00589175
1.0661 0.0288746 -0.0325043
1.06647 1.17781e-07 -0.0238177
1.06683 -0.0113951 -0.0426329
1.0672 0.0380063 0.00654402
1.06757 -0.0390569 -0.0137271
1.06794 -0.0397496 -0.0231468
1.0683 0.00825946 0.0313185
1.06867 -0.00845104 0.022646
1.06904 0.0201109 -0.0266819
1.06941 -0.0190392 -0.0128374
1.06977 -0.0338516 0.0135551
1.07014 0.0470473 0.00321011
1.07051 0.0100315 0.025639
1.07088 0.0543321 -0.0350762
1.07124 -0.0283222 -0.0527671
1.07161 -0.0292568 0.00588407
1.07198 -0.0167927 -0.000447403
1.07235 0.0267299 -0.0440051
1.07271 -0.031229 -0.0104751
1.07308 -0.00652353 -0.0224764
1.07345 0.00370742 -0.0319553
1.07382 -0.0660328 0.0451983
1.07418 0.0519888 -0.0049082
1.07455 -0.0345252 -0.018699
1.07492 -0.0105836 0.0030913
1.07529 0.0271202 0.00191607
1.07565 -0.00110898 0.0237951
1.07602 -0.0390722 -0.0185821
1.07639 0.00670856 0.0419117
1.07676 0.00815845 0.00531019
1.07712 0.000141917 -0.00176989
1.07749 -0.0414629 0.00637733
1.07786 -0.0295796 0.011974
1.07823 0.00981915 -0.00640125
1.07859 -0.00586035 -0.0147985
1.07896 -0.001487 -0.00273401
1.07933 -0.00109962 -0.0246844
1.0797 0.00371305 -0.0423896
1.08006 -0.0176272 0.0117763
1.08043 0.00177238 -0.0109076
1.0808 0.0138615 0.0273673
1.08117 0.00436761 0.0317853
1.08153 0.059517 -0.00320974
1.0819 0.0109524 0.0197137
1.08227 -0.0107047 -0.0304281
1.08264 0.035833 -0.0378406
1.083 -0.00740211 -0.00699099
1.08337 -0.00393096 -0.0605854
1.08374 -0.0125215 0.0411176
1.08411 -0.00151786 -0.00619355
1.08447 0.0457421 -0.00470231
1.08484 -0.012679 0.00603724
1.08521 0.00513137 0.0204242
1.08558 -0.0316041 0.01572
1.08594 0.0437524 0.033932
1.08631 0.00884177 -0.03131
1.08668 0.016493 -0.038682
1.08705 0.0193254 0.0599729
1.08741 0.039464 -0.0279367
1.08778 0.00441622 -0.0103349
1.08815 0.0309676 0.0294829
1.08852 -0.00720482 -0.0950688
1.08888 -0.0022727 0.0475403
1.08925 -0.00778648 -0.0442229
1.08962 -0.0372889 -0.00513896
1.08999 0.0473616 0.0355577
1.09035 -0.0591593 -0.02357
1.09072 0.058528 -0.00348939
1.09109 -0.0217402 -0.0260274
1.09145 -0.0291843 -0.00597755
1.09182 -0.00712329 0.011987
1.09219 0.0328106 -0.0357942
1.09256 -0.00649363 -0.045615
1.09292 0.00849564 0.00276343
1.09329 0.00797176 -0.000752477
1.09366 -0.0147326 -0.0220694
1.09403 0.00461793 0.0459385
1.09439 0.0477233 -0.0213779
1.09476 -0.0200687 0.0343992
1.09513 0.0241262 -0.013853
1.0955 -0.0060407 -0.00347461
1.09586 -0.0332414 -0.00958787
1.09623 -0.00760447 0.0106561
1.0966 -0.0378198 0.0393882
1.09697 0.0530947 0.00326912
1.09733 0.026798 0.00100093
1.0977 0.00203757 -0.00449859
1.09807 0.0585495 0.0671201
1.09844 0.00548117 0.00284206
1.0988 0.053613 -0.0349514
1.09917 -0.0435696 0.00849285
1.09954 0.0030931 0.000287155
1.09991 -0.0316424 0.00052044
1.10027 0.00878503 -0.0212926
1.10064 -0.0389652 0.0135182
1.10101 0.000876569 -0.0129079
1.10138 0.0398592 0.0503537
1.10174 -0.0620774 -0.0235593
1.10211 0.0217151 0.0401405
