0.411592 0.276145 0.19057 0.169647 0.19057 0.276145 0.133181 0.104013 0.100179 0.118845 0.0836509 0.0706056 0.0693698 0.0797248 0.0605556 0.0532984 0.0527608 0.0590152 0.0473639 0.042768 0.0424887 0.0466158 0.19057 0.133181 0.118845 0.0908055 0.0797248 0.0660186 0.0590152 0.0512405 0.0466158 0.104013 0.0836509 0.0797248 0.0660186 0.0613724 0.0527608 0.0489749 0.0706056 0.0605556 0.0590152 0.0512405 0.0489749 0.0532984 0.0473639 0.0466158 0 0 0 0 0 0 0 0 0 0 0 0 0 0 0 0 0 0 0 0 0 0 0 0 0 0 0 0 0 0 0 0 0 0 0 0 0 0 0 0 0 0 0 0 0 0 
0.276145 0.411592 0.276145 0.19057 0.169647 0.19057 0.19057 0.133181 0.118845 0.133181 0.104013 0.0836509 0.0797248 0.0908055 0.0706056 0.0605556 0.0590152 0.0660186 0.0532984 0.0473639 0.0466158 0.0512405 0.276145 0.19057 0.169647 0.118845 0.100179 0.0797248 0.0693698 0.0590152 0.0527608 0.133181 0.104013 0.100179 0.0797248 0.0732893 0.0613724 0.0562572 0.0836509 0.0706056 0.0693698 0.0590152 0.0562572 0.0605556 0.0532984 0.0527608 0 0 0 0 0 0 0 0 0 0 0 0 0 0 0 0 0 0 0 0 0 0 0 0 0 0 0 0 0 0 0 0 0 0 0 0 0 0 0 0 0 0 0 0 0 0 
0.19057 0.276145 0.411592 0.276145 0.19057 0.169647 0.276145 0.19057 0.169647 0.19057 0.133181 0.104013 0.100179 0.118845 0.0836509 0.0706056 0.0693698 0.0797248 0.0605556 0.0532984 0.0527608 0.0590152 0.19057 0.169647 0.19057 0.133181 0.118845 0.0908055 0.0797248 0.0660186 0.0590152 0.118845 0.100179 0.104013 0.0836509 0.0797248 0.0660186 0.0613724 0.0797248 0.0693698 0.0706056 0.0605556 0.0590152 0.0590152 0.0527608 0.0532984 0 0 0 0 0 0 0 0 0 0 0 0 0 0 0 0 0 0 0 0 0 0 0 0 0 0 0 0 0 0 0 0 0 0 0 0 0 0 0 0 0 0 0 0 0 0 
0.169647 0.19057 0.276145 0.411592 0.276145 0.19057 0.19057 0.169647 0.19057 0.276145 0.118845 0.100179 0.104013 0.133181 0.0797248 0.0693698 0.0706056 0.0836509 0.0590152 0.0527608 0.0532984 0.0605556 0.133181 0.118845 0.133181 0.104013 0.100179 0.0797248 0.0732893 0.0613724 0.0562572 0.0908055 0.0797248 0.0836509 0.0706056 0.0693698 0.0590152 0.0562572 0.0660186 0.0590152 0.0605556 0.0532984 0.0527608 0.0512405 0.0466158 0.0473639 0 0 0 0 0 0 0 0 0 0 0 0 0 0 0 0 0 0 0 0 0 0 0 0 0 0 0 0 0 0 0 0 0 0 0 0 0 0 0 0 0 0 0 0 0 0 
0.19057 0.169647 0.19057 0.276145 0.411592 0.276145 0.133181 0.118845 0.133181 0.19057 0.0908055 0.0797248 0.0836509 0.104013 0.0660186 0.0590152 0.0605556 0.0706056 0.0512405 0.0466158 0.0473639 0.0532984 0.118845 0.100179 0.104013 0.0836509 0.0797248 0.0660186 0.0613724 0.0527608 0.0489749 0.0797248 0.0693698 0.0706056 0.0605556 0.0590152 0.0512405 0.0489749 0.0590152 0.0527608 0.0532984 0.0473639 0.0466158 0.0466158 0.0424887 0.042768 0 0 0 0 0 0 0 0 0 0 0 0 0 0 0 0 0 0 0 0 0 0 0 0 0 0 0 0 0 0 0 0 0 0 0 0 0 0 0 0 0 0 0 0 0 0 
0.276145 0.19057 0.169647 0.19057 0.276145 0.411592 0.118845 0.100179 0.104013 0.133181 0.0797248 0.0693698 0.0706056 0.0836509 0.0590152 0.0527608 0.0532984 0.0605556 0.0466158 0.0424887 0.042768 0.0473639 0.133181 0.104013 0.100179 0.0797248 0.0732893 0.0613724 0.0562571 0.0489749 0.0452202 0.0836509 0.0706056 0.0693698 0.0590152 0.0562572 0.0489749 0.0462548 0.0605556 0.0532984 0.0527608 0.0466158 0.0452202 0.0473639 0.042768 0.0424887 0 0 0 0 0 0 0 0 0 0 0 0 0 0 0 0 0 0 0 0 0 0 0 0 0 0 0 0 0 0 0 0 0 0 0 0 0 0 0 0 0 0 0 0 0 0 
0.133181 0.19057 0.276145 0.19057 0.133181 0.118845 0.411592 0.276145 0.19057 0.169647 0.19057 0.133181 0.118845 0.133181 0.104013 0.0836509 0.0797248 0.0908055 0.0706056 0.0605556 0.0590152 0.0660186 0.169647 0.19057 0.276145 0.19057 0.169647 0.118845 0.100179 0.0797248 0.0693698 0.133181 0.118845 0.133181 0.104013 0.100179 0.0797248 0.0732893 0.0908055 0.0797248 0.0836509 0.0706056 0.0693698 0.0660186 0.0590152 0.0605556 0 0 0 0 0 0 0 0 0 0 0 0 0 0 0 0 0 0 0 0 0 0 0 0 0 0 0 0 0 0 0 0 0 0 0 0 0 0 0 0 0 0 0 0 0 0 
0.104013 0.133181 0.19057 0.169647 0.118845 0.100179 0.276145 0.411592 0.276145 0.19057 0.276145 0.19057 0.169647 0.19057 0.133181 0.104013 0.100179 0.118845 0.0836509 0.0706056 0.0693698 0.0797248 0.118845 0.133181 0.19057 0.169647 0.19057 0.133181 0.118845 0.0908055 0.0797248 0.104013 0.100179 0.118845 0.100179 0.104013 0.0836509 0.0797248 0.0797248 0.0732893 0.0797248 0.0693698 0.0706056 0.0613724 0.0562571 0.0590152 0 0 0 0 0 0 0 0 0 0 0 0 0 0 0 0 0 0 0 0 0 0 0 0 0 0 0 0 0 0 0 0 0 0 0 0 0 0 0 0 0 0 0 0 0 0 
0.100179 0.118845 0.169647 0.19057 0.133181 0.104013 0.19057 0.276145 0.411592 0.276145 0.19057 0.169647 0.19057 0.276145 0.118845 0.100179 0.104013 0.133181 0.0797248 0.0693698 0.0706056 0.0836509 0.100179 0.104013 0.133181 0.118845 0.133181 0.104013 0.100179 0.0797248 0.0732893 0.0836509 0.0797248 0.0908055 0.0797248 0.0836509 0.0706056 0.0693698 0.0660186 0.0613724 0.0660186 0.0590152 0.0605556 0.0527608 0.0489749 0.0512405 0 0 0 0 0 0 0 0 0 0 0 0 0 0 0 0 0 0 0 0 0 0 0 0 0 0 0 0 0 0 0 0 0 0 0 0 0 0 0 0 0 0 0 0 0 0 
0.118845 0.133181 0.19057 0.276145 0.19057 0.133181 0.169647 0.19057 0.276145 0.411592 0.133181 0.118845 0.133181 0.19057 0.0908055 0.0797248 0.0836509 0.104013 0.0660186 0.0590152 0.0605556 0.0706056 0.104013 0.100179 0.118845 0.100179 0.104013 0.0836509 0.0797248 0.0660186 0.0613724 0.0797248 0.0732893 0.0797248 0.0693698 0.0706056 0.0605556 0.0590152 0.0613724 0.0562572 0.0590152 0.0527608 0.0532984 0.0489749 0.0452202 0.0466158 0 0 0 0 0 0 0 0 0 0 0 0 0 0 0 0 0 0 0 0 0 0 0 0 0 0 0 0 0 0 0 0 0 0 0 0 0 0 0 0 0 0 0 0 0 0 
0.0836509 0.104013 0.133181 0.118845 0.0908055 0.0797248 0.19057 0.276145 0.19057 0.133181 0.411592 0.276145 0.19057 0.169647 0.19057 0.133181 0.118845 0.133181 0.104013 0.0836509 0.0797248 0.0908055 0.100179 0.118845 0.169647 0.19057 0.276145 0.19057 0.169647 0.118845 0.100179 0.100179 0.104013 0.133181 0.118845 0.133181 0.104013 0.100179 0.0836509 0.0797248 0.0908055 0.0797248 0.0836509 0.0660186 0.0613724 0.0660186 0 0 0 0 0 0 0 0 0 0 0 0 0 0 0 0 0 0 0 0 0 0 0 0 0 0 0 0 0 0 0 0 0 0 0 0 0 0 0 0 0 0 0 0 0 0 
0.0706056 0.0836509 0.104013 0.100179 0.0797248 0.0693698 0.133181 0.19057 0.169647 0.118845 0.276145 0.411592 0.276145 0.19057 0.276145 0.19057 0.169647 0.19057 0.133181 0.104013 0.100179 0.118845 0.0797248 0.0908055 0.118845 0.133181 0.19057 0.169647 0.19057 0.133181 0.118845 0.0797248 0.0836509 0.104013 0.100179 0.118845 0.100179 0.104013 0.0706056 0.0693698 0.0797248 0.0732893 0.0797248 0.0590152 0.0562571 0.0613724 0 0 0 0 0 0 0 0 0 0 0 0 0 0 0 0 0 0 0 0 0 0 0 0 0 0 0 0 0 0 0 0 0 0 0 0 0 0 0 0 0 0 0 0 0 0 
0.0693698 0.0797248 0.100179 0.104013 0.0836509 0.0706056 0.118845 0.169647 0.19057 0.133181 0.19057 0.276145 0.411592 0.276145 0.19057 0.169647 0.19057 0.276145 0.118845 0.100179 0.104013 0.133181 0.0732893 0.0797248 0.100179 0.104013 0.133181 0.118845 0.133181 0.104013 0.100179 0.0693698 0.0706056 0.0836509 0.0797248 0.0908055 0.0797248 0.0836509 0.0605556 0.0590152 0.0660186 0.0613724 0.0660186 0.0512405 0.0489749 0.0527608 0 0 0 0 0 0 0 0 0 0 0 0 0 0 0 0 0 0 0 0 0 0 0 0 0 0 0 0 0 0 0 0 0 0 0 0 0 0 0 0 0 0 0 0 0 0 
0.0797248 0.0908055 0.118845 0.133181 0.104013 0.0836509 0.133181 0.19057 0.276145 0.19057 0.169647 0.19057 0.276145 0.411592 0.133181 0.118845 0.133181 0.19057 0.0908055 0.0797248 0.0836509 0.104013 0.0797248 0.0836509 0.104013 0.100179 0.118845 0.100179 0.104013 0.0836509 0.0797248 0.0706056 0.0693698 0.0797248 0.0732893 0.0797248 0.0693698 0.0706056 0.0590152 0.0562572 0.0613724 0.0562572 0.0590152 0.0489749 0.0462548 0.0489749 0 0 0 0 0 0 0 0 0 0 0 0 0 0 0 0 0 0 0 0 0 0 0 0 0 0 0 0 0 0 0 0 0 0 0 0 0 0 0 0 0 0 0 0 0 0 
0.0605556 0.0706056 0.0836509 0.0797248 0.0660186 0.0590152 0.104013 0.133181 0.118845 0.0908055 0.19057 0.276145 0.19057 0.133181 0.411592 0.276145 0.19057 0.169647 0.19057 0.133181 0.118845 0.133181 0.0693698 0.0797248 0.100179 0.118845 0.169647 0.19057 0.276145 0.19057 0.169647 0.0732893 0.0797248 0.100179 0.104013 0.133181 0.118845 0.133181 0.0693698 0.0706056 0.0836509 0.0797248 0.0908055 0.0605556 0.0590152 0.0660186 0 0 0 0 0 0 0 0 0 0 0 0 0 0 0 0 0 0 0 0 0 0 0 0 0 0 0 0 0 0 0 0 0 0 0 0 0 0 0 0 0 0 0 0 0 0 
0.0532984 0.0605556 0.0706056 0.0693698 0.0590152 0.0527608 0.0836509 0.104013 0.100179 0.0797248 0.133181 0.19057 0.169647 0.118845 0.276145 0.411592 0.276145 0.19057 0.276145 0.19057 0.169647 0.19057 0.0590152 0.0660186 0.0797248 0.0908055 0.118845 0.133181 0.19057 0.169647 0.19057 0.0613724 0.0660186 0.0797248 0.0836509 0.104013 0.100179 0.118845 0.0590152 0.0605556 0.0706056 0.0693698 0.0797248 0.0532984 0.0527608 0.0590152 0 0 0 0 0 0 0 0 0 0 0 0 0 0 0 0 0 0 0 0 0 0 0 0 0 0 0 0 0 0 0 0 0 0 0 0 0 0 0 0 0 0 0 0 0 0 
0.0527608 0.0590152 0.0693698 0.0706056 0.0605556 0.0532984 0.0797248 0.100179 0.104013 0.0836509 0.118845 0.169647 0.19057 0.133181 0.19057 0.276145 0.411592 0.276145 0.19057 0.169647 0.19057 0.276145 0.0562572 0.0613724 0.0732893 0.0797248 0.100179 0.104013 0.133181 0.118845 0.133181 0.0562572 0.0590152 0.0693698 0.0706056 0.0836509 0.0797248 0.0908055 0.0527608 0.0532984 0.0605556 0.0590152 0.0660186 0.0473639 0.0466158 0.0512405 0 0 0 0 0 0 0 0 0 0 0 0 0 0 0 0 0 0 0 0 0 0 0 0 0 0 0 0 0 0 0 0 0 0 0 0 0 0 0 0 0 0 0 0 0 0 
0.0590152 0.0660186 0.0797248 0.0836509 0.0706056 0.0605556 0.0908055 0.118845 0.133181 0.104013 0.133181 0.19057 0.276145 0.19057 0.169647 0.19057 0.276145 0.411592 0.133181 0.118845 0.133181 0.19057 0.0613724 0.0660186 0.0797248 0.0836509 0.104013 0.100179 0.118845 0.100179 0.104013 0.0590152 0.0605556 0.0706056 0.0693698 0.0797248 0.0732893 0.0797248 0.0532984 0.0527608 0.0590152 0.0562572 0.0613724 0.0466158 0.0452202 0.0489749 0 0 0 0 0 0 0 0 0 0 0 0 0 0 0 0 0 0 0 0 0 0 0 0 0 0 0 0 0 0 0 0 0 0 0 0 0 0 0 0 0 0 0 0 0 0 
0.0473639 0.0532984 0.0605556 0.0590152 0.0512405 0.0466158 0.0706056 0.0836509 0.0797248 0.0660186 0.104013 0.133181 0.118845 0.0908055 0.19057 0.276145 0.19057 0.133181 0.411592 0.276145 0.19057 0.169647 0.0527608 0.0590152 0.0693698 0.0797248 0.100179 0.118845 0.169647 0.19057 0.276145 0.0562572 0.0613724 0.0732893 0.0797248 0.100179 0.104013 0.133181 0.0562572 0.0590152 0.0693698 0.0706056 0.0836509 0.0527608 0.0532984 0.0605556 0 0 0 0 0 0 0 0 0 0 0 0 0 0 0 0 0 0 0 0 0 0 0 0 0 0 0 0 0 0 0 0 0 0 0 0 0 0 0 0 0 0 0 0 0 0 
0.042768 0.0473639 0.0532984 0.0527608 0.0466158 0.0424887 0.0605556 0.0706056 0.0693698 0.0590152 0.0836509 0.104013 0.100179 0.0797248 0.133181 0.19057 0.169647 0.118845 0.276145 0.411592 0.276145 0.19057 0.0466158 0.0512405 0.0590152 0.0660186 0.0797248 0.0908055 0.118845 0.133181 0.19057 0.0489749 0.0527608 0.0613724 0.0660186 0.0797248 0.0836509 0.104013 0.0489749 0.0512405 0.0590152 0.0605556 0.0706056 0.0466158 0.0473639 0.0532984 0 0 0 0 0 0 0 0 0 0 0 0 0 0 0 0 0 0 0 0 0 0 0 0 0 0 0 0 0 0 0 0 0 0 0 0 0 0 0 0 0 0 0 0 0 0 
0.0424887 0.0466158 0.0527608 0.0532984 0.0473639 0.042768 0.0590152 0.0693698 0.0706056 0.0605556 0.0797248 0.100179 0.104013 0.0836509 0.118845 0.169647 0.19057 0.133181 0.19057 0.276145 0.411592 0.276145 0.0452202 0.0489749 0.0562571 0.0613724 0.0732893 0.0797248 0.100179 0.104013 0.133181 0.0462548 0.0489749 0.0562571 0.0590152 0.0693698 0.0706056 0.0836509 0.0452202 0.0466158 0.0527608 0.0532984 0.0605556 0.0424887 0.042768 0.0473639 0 0 0 0 0 0 0 0 0 0 0 0 0 0 0 0 0 0 0 0 0 0 0 0 0 0 0 0 0 0 0 0 0 0 0 0 0 0 0 0 0 0 0 0 0 0 
0.0466158 0.0512405 0.0590152 0.0605556 0.0532984 0.0473639 0.0660186 0.0797248 0.0836509 0.0706056 0.0908055 0.118845 0.133181 0.104013 0.133181 0.19057 0.276145 0.19057 0.169647 0.19057 0.276145 0.411592 0.0489749 0.0527608 0.0613724 0.0660186 0.0797248 0.0836509 0.104013 0.100179 0.118845 0.0489749 0.0512405 0.0590152 0.0605556 0.0706056 0.0693698 0.0797248 0.0466158 0.0473639 0.0532984 0.0527608 0.0590152 0.042768 0.0424887 0.0466158 0 0 0 0 0 0 0 0 0 0 0 0 0 0 0 0 0 0 0 0 0 0 0 0 0 0 0 0 0 0 0 0 0 0 0 0 0 0 0 0 0 0 0 0 0 0 
0.19057 0.276145 0.19057 0.133181 0.118845 0.133181 0.169647 0.118845 0.100179 0.104013 0.100179 0.0797248 0.0732893 0.0797248 0.0693698 0.0590152 0.0562572 0.0613724 0.0527608 0.0466158 0.0452202 0.0489749 0.411592 0.276145 0.19057 0.133181 0.104013 0.0836509 0.0706056 0.0605556 0.0532984 0.19057 0.133181 0.118845 0.0908055 0.0797248 0.0660186 0.0590152 0.104013 0.0836509 0.0797248 0.0660186 0.0613724 0.0706056 0.0605556 0.0590152 0 0 0 0 0 0 0 0 0 0 0 0 0 0 0 0 0 0 0 0 0 0 0 0 0 0 0 0 0 0 0 0 0 0 0 0 0 0 0 0 0 0 0 0 0 0 
0.133181 0.19057 0.169647 0.118845 0.100179 0.104013 0.19057 0.133181 0.104013 0.100179 0.118845 0.0908055 0.0797248 0.0836509 0.0797248 0.0660186 0.0613724 0.0660186 0.0590152 0.0512405 0.0489749 0.0527608 0.276145 0.411592 0.276145 0.19057 0.133181 0.104013 0.0836509 0.0706056 0.0605556 0.276145 0.19057 0.169647 0.118845 0.100179 0.0797248 0.0693698 0.133181 0.104013 0.100179 0.0797248 0.0732893 0.0836509 0.0706056 0.0693698 0 0 0 0 0 0 0 0 0 0 0 0 0 0 0 0 0 0 0 0 0 0 0 0 0 0 0 0 0 0 0 0 0 0 0 0 0 0 0 0 0 0 0 0 0 0 
0.118845 0.169647 0.19057 0.133181 0.104013 0.100179 0.276145 0.19057 0.133181 0.118845 0.169647 0.118845 0.100179 0.104013 0.100179 0.0797248 0.0732893 0.0797248 0.0693698 0.0590152 0.0562571 0.0613724 0.19057 0.276145 0.411592 0.276145 0.19057 0.133181 0.104013 0.0836509 0.0706056 0.19057 0.169647 0.19057 0.133181 0.118845 0.0908055 0.0797248 0.118845 0.100179 0.104013 0.0836509 0.0797248 0.0797248 0.0693698 0.0706056 0 0 0 0 0 0 0 0 0 0 0 0 0 0 0 0 0 0 0 0 0 0 0 0 0 0 0 0 0 0 0 0 0 0 0 0 0 0 0 0 0 0 0 0 0 0 
0.0908055 0.118845 0.133181 0.104013 0.0836509 0.0797248 0.19057 0.169647 0.118845 0.100179 0.19057 0.133181 0.104013 0.100179 0.118845 0.0908055 0.0797248 0.0836509 0.0797248 0.0660186 0.0613724 0.0660186 0.133181 0.19057 0.276145 0.411592 0.276145 0.19057 0.133181 0.104013 0.0836509 0.169647 0.19057 0.276145 0.19057 0.169647 0.118845 0.100179 0.133181 0.118845 0.133181 0.104013 0.100179 0.0908055 0.0797248 0.0836509 0 0 0 0 0 0 0 0 0 0 0 0 0 0 0 0 0 0 0 0 0 0 0 0 0 0 0 0 0 0 0 0 0 0 0 0 0 0 0 0 0 0 0 0 0 0 
0.0797248 0.100179 0.118845 0.100179 0.0797248 0.0732893 0.169647 0.19057 0.133181 0.104013 0.276145 0.19057 0.133181 0.118845 0.169647 0.118845 0.100179 0.104013 0.100179 0.0797248 0.0732893 0.0797248 0.104013 0.133181 0.19057 0.276145 0.411592 0.276145 0.19057 0.133181 0.104013 0.118845 0.133181 0.19057 0.169647 0.19057 0.133181 0.118845 0.104013 0.100179 0.118845 0.100179 0.104013 0.0797248 0.0732893 0.0797248 0 0 0 0 0 0 0 0 0 0 0 0 0 0 0 0 0 0 0 0 0 0 0 0 0 0 0 0 0 0 0 0 0 0 0 0 0 0 0 0 0 0 0 0 0 0 
0.0660186 0.0797248 0.0908055 0.0797248 0.0660186 0.0613724 0.118845 0.133181 0.104013 0.0836509 0.19057 0.169647 0.118845 0.100179 0.19057 0.133181 0.104013 0.100179 0.118845 0.0908055 0.0797248 0.0836509 0.0836509 0.104013 0.133181 0.19057 0.276145 0.411592 0.276145 0.19057 0.133181 0.100179 0.118845 0.169647 0.19057 0.276145 0.19057 0.169647 0.100179 0.104013 0.133181 0.118845 0.133181 0.0836509 0.0797248 0.0908055 0 0 0 0 0 0 0 0 0 0 0 0 0 0 0 0 0 0 0 0 0 0 0 0 0 0 0 0 0 0 0 0 0 0 0 0 0 0 0 0 0 0 0 0 0 0 
0.0590152 0.0693698 0.0797248 0.0732893 0.0613724 0.0562571 0.100179 0.118845 0.100179 0.0797248 0.169647 0.19057 0.133181 0.104013 0.276145 0.19057 0.133181 0.118845 0.169647 0.118845 0.100179 0.104013 0.0706056 0.0836509 0.104013 0.133181 0.19057 0.276145 0.411592 0.276145 0.19057 0.0797248 0.0908055 0.118845 0.133181 0.19057 0.169647 0.19057 0.0797248 0.0836509 0.104013 0.100179 0.118845 0.0706056 0.0693698 0.0797248 0 0 0 0 0 0 0 0 0 0 0 0 0 0 0 0 0 0 0 0 0 0 0 0 0 0 0 0 0 0 0 0 0 0 0 0 0 0 0 0 0 0 0 0 0 0 
0.0512405 0.0590152 0.0660186 0.0613724 0.0527608 0.0489749 0.0797248 0.0908055 0.0797248 0.0660186 0.118845 0.133181 0.104013 0.0836509 0.19057 0.169647 0.118845 0.100179 0.19057 0.133181 0.104013 0.100179 0.0605556 0.0706056 0.0836509 0.104013 0.133181 0.19057 0.276145 0.411592 0.276145 0.0693698 0.0797248 0.100179 0.118845 0.169647 0.19057 0.276145 0.0732893 0.0797248 0.100179 0.104013 0.133181 0.0693698 0.0706056 0.0836509 0 0 0 0 0 0 0 0 0 0 0 0 0 0 0 0 0 0 0 0 0 0 0 0 0 0 0 0 0 0 0 0 0 0 0 0 0 0 0 0 0 0 0 0 0 0 
0.0466158 0.0527608 0.0590152 0.0562572 0.0489749 0.0452202 0.0693698 0.0797248 0.0732893 0.0613724 0.100179 0.118845 0.100179 0.0797248 0.169647 0.19057 0.133181 0.104013 0.276145 0.19057 0.133181 0.118845 0.0532984 0.0605556 0.0706056 0.0836509 0.104013 0.133181 0.19057 0.276145 0.411592 0.0590152 0.0660186 0.0797248 0.0908055 0.118845 0.133181 0.19057 0.0613724 0.0660186 0.0797248 0.0836509 0.104013 0.0590152 0.0605556 0.0706056 0 0 0 0 0 0 0 0 0 0 0 0 0 0 0 0 0 0 0 0 0 0 0 0 0 0 0 0 0 0 0 0 0 0 0 0 0 0 0 0 0 0 0 0 0 0 
0.104013 0.133181 0.118845 0.0908055 0.0797248 0.0836509 0.133181 0.104013 0.0836509 0.0797248 0.100179 0.0797248 0.0693698 0.0706056 0.0732893 0.0613724 0.0562572 0.0590152 0.0562572 0.0489749 0.0462548 0.0489749 0.19057 0.276145 0.19057 0.169647 0.118845 0.100179 0.0797248 0.0693698 0.0590152 0.411592 0.276145 0.19057 0.133181 0.104013 0.0836509 0.0706056 0.19057 0.133181 0.118845 0.0908055 0.0797248 0.104013 0.0836509 0.0797248 0 0 0 0 0 0 0 0 0 0 0 0 0 0 0 0 0 0 0 0 0 0 0 0 0 0 0 0 0 0 0 0 0 0 0 0 0 0 0 0 0 0 0 0 0 0 
0.0836509 0.104013 0.100179 0.0797248 0.0693698 0.0706056 0.118845 0.100179 0.0797248 0.0732893 0.104013 0.0836509 0.0706056 0.0693698 0.0797248 0.0660186 0.0590152 0.0605556 0.0613724 0.0527608 0.0489749 0.0512405 0.133181 0.19057 0.169647 0.19057 0.133181 0.118845 0.0908055 0.0797248 0.0660186 0.276145 0.411592 0.276145 0.19057 0.133181 0.104013 0.0836509 0.276145 0.19057 0.169647 0.118845 0.100179 0.133181 0.104013 0.100179 0 0 0 0 0 0 0 0 0 0 0 0 0 0 0 0 0 0 0 0 0 0 0 0 0 0 0 0 0 0 0 0 0 0 0 0 0 0 0 0 0 0 0 0 0 0 
0.0797248 0.100179 0.104013 0.0836509 0.0706056 0.0693698 0.133181 0.118845 0.0908055 0.0797248 0.133181 0.104013 0.0836509 0.0797248 0.100179 0.0797248 0.0693698 0.0706056 0.0732893 0.0613724 0.0562571 0.0590152 0.118845 0.169647 0.19057 0.276145 0.19057 0.169647 0.118845 0.100179 0.0797248 0.19057 0.276145 0.411592 0.276145 0.19057 0.133181 0.104013 0.19057 0.169647 0.19057 0.133181 0.118845 0.118845 0.100179 0.104013 0 0 0 0 0 0 0 0 0 0 0 0 0 0 0 0 0 0 0 0 0 0 0 0 0 0 0 0 0 0 0 0 0 0 0 0 0 0 0 0 0 0 0 0 0 0 
0.0660186 0.0797248 0.0836509 0.0706056 0.0605556 0.0590152 0.104013 0.100179 0.0797248 0.0693698 0.118845 0.100179 0.0797248 0.0732893 0.104013 0.0836509 0.0706056 0.0693698 0.0797248 0.0660186 0.0590152 0.0605556 0.0908055 0.118845 0.133181 0.19057 0.169647 0.19057 0.133181 0.118845 0.0908055 0.133181 0.19057 0.276145 0.411592 0.276145 0.19057 0.133181 0.169647 0.19057 0.276145 0.19057 0.169647 0.133181 0.118845 0.133181 0 0 0 0 0 0 0 0 0 0 0 0 0 0 0 0 0 0 0 0 0 0 0 0 0 0 0 0 0 0 0 0 0 0 0 0 0 0 0 0 0 0 0 0 0 0 
0.0613724 0.0732893 0.0797248 0.0693698 0.0590152 0.0562572 0.100179 0.104013 0.0836509 0.0706056 0.133181 0.118845 0.0908055 0.0797248 0.133181 0.104013 0.0836509 0.0797248 0.100179 0.0797248 0.0693698 0.0706056 0.0797248 0.100179 0.118845 0.169647 0.19057 0.276145 0.19057 0.169647 0.118845 0.104013 0.133181 0.19057 0.276145 0.411592 0.276145 0.19057 0.118845 0.133181 0.19057 0.169647 0.19057 0.104013 0.100179 0.118845 0 0 0 0 0 0 0 0 0 0 0 0 0 0 0 0 0 0 0 0 0 0 0 0 0 0 0 0 0 0 0 0 0 0 0 0 0 0 0 0 0 0 0 0 0 0 
0.0527608 0.0613724 0.0660186 0.0590152 0.0512405 0.0489749 0.0797248 0.0836509 0.0706056 0.0605556 0.104013 0.100179 0.0797248 0.0693698 0.118845 0.100179 0.0797248 0.0732893 0.104013 0.0836509 0.0706056 0.0693698 0.0660186 0.0797248 0.0908055 0.118845 0.133181 0.19057 0.169647 0.19057 0.133181 0.0836509 0.104013 0.133181 0.19057 0.276145 0.411592 0.276145 0.100179 0.118845 0.169647 0.19057 0.276145 0.100179 0.104013 0.133181 0 0 0 0 0 0 0 0 0 0 0 0 0 0 0 0 0 0 0 0 0 0 0 0 0 0 0 0 0 0 0 0 0 0 0 0 0 0 0 0 0 0 0 0 0 0 
0.0489749 0.0562572 0.0613724 0.0562572 0.0489749 0.0462548 0.0732893 0.0797248 0.0693698 0.0590152 0.100179 0.104013 0.0836509 0.0706056 0.133181 0.118845 0.0908055 0.0797248 0.133181 0.104013 0.0836509 0.0797248 0.0590152 0.0693698 0.0797248 0.100179 0.118845 0.169647 0.19057 0.276145 0.19057 0.0706056 0.0836509 0.104013 0.133181 0.19057 0.276145 0.411592 0.0797248 0.0908055 0.118845 0.133181 0.19057 0.0797248 0.0836509 0.104013 0 0 0 0 0 0 0 0 0 0 0 0 0 0 0 0 0 0 0 0 0 0 0 0 0 0 0 0 0 0 0 0 0 0 0 0 0 0 0 0 0 0 0 0 0 0 
0.0706056 0.0836509 0.0797248 0.0660186 0.0590152 0.0605556 0.0908055 0.0797248 0.0660186 0.0613724 0.0836509 0.0706056 0.0605556 0.0590152 0.0693698 0.0590152 0.0527608 0.0532984 0.0562572 0.0489749 0.0452202 0.0466158 0.104013 0.133181 0.118845 0.133181 0.104013 0.100179 0.0797248 0.0732893 0.0613724 0.19057 0.276145 0.19057 0.169647 0.118845 0.100179 0.0797248 0.411592 0.276145 0.19057 0.133181 0.104013 0.19057 0.133181 0.118845 0 0 0 0 0 0 0 0 0 0 0 0 0 0 0 0 0 0 0 0 0 0 0 0 0 0 0 0 0 0 0 0 0 0 0 0 0 0 0 0 0 0 0 0 0 0 
0.0605556 0.0706056 0.0693698 0.0590152 0.0527608 0.0532984 0.0797248 0.0732893 0.0613724 0.0562572 0.0797248 0.0693698 0.0590152 0.0562572 0.0706056 0.0605556 0.0532984 0.0527608 0.0590152 0.0512405 0.0466158 0.0473639 0.0836509 0.104013 0.100179 0.118845 0.100179 0.104013 0.0836509 0.0797248 0.0660186 0.133181 0.19057 0.169647 0.19057 0.133181 0.118845 0.0908055 0.276145 0.411592 0.276145 0.19057 0.133181 0.276145 0.19057 0.169647 0 0 0 0 0 0 0 0 0 0 0 0 0 0 0 0 0 0 0 0 0 0 0 0 0 0 0 0 0 0 0 0 0 0 0 0 0 0 0 0 0 0 0 0 0 0 
0.0590152 0.0693698 0.0706056 0.0605556 0.0532984 0.0527608 0.0836509 0.0797248 0.0660186 0.0590152 0.0908055 0.0797248 0.0660186 0.0613724 0.0836509 0.0706056 0.0605556 0.0590152 0.0693698 0.0590152 0.0527608 0.0532984 0.0797248 0.100179 0.104013 0.133181 0.118845 0.133181 0.104013 0.100179 0.0797248 0.118845 0.169647 0.19057 0.276145 0.19057 0.169647 0.118845 0.19057 0.276145 0.411592 0.276145 0.19057 0.19057 0.169647 0.19057 0 0 0 0 0 0 0 0 0 0 0 0 0 0 0 0 0 0 0 0 0 0 0 0 0 0 0 0 0 0 0 0 0 0 0 0 0 0 0 0 0 0 0 0 0 0 
0.0512405 0.0590152 0.0605556 0.0532984 0.0473639 0.0466158 0.0706056 0.0693698 0.0590152 0.0527608 0.0797248 0.0732893 0.0613724 0.0562572 0.0797248 0.0693698 0.0590152 0.0562572 0.0706056 0.0605556 0.0532984 0.0527608 0.0660186 0.0797248 0.0836509 0.104013 0.100179 0.118845 0.100179 0.104013 0.0836509 0.0908055 0.118845 0.133181 0.19057 0.169647 0.19057 0.133181 0.133181 0.19057 0.276145 0.411592 0.276145 0.169647 0.19057 0.276145 0 0 0 0 0 0 0 0 0 0 0 0 0 0 0 0 0 0 0 0 0 0 0 0 0 0 0 0 0 0 0 0 0 0 0 0 0 0 0 0 0 0 0 0 0 0 
0.0489749 0.0562572 0.0590152 0.0527608 0.0466158 0.0452202 0.0693698 0.0706056 0.0605556 0.0532984 0.0836509 0.0797248 0.0660186 0.0590152 0.0908055 0.0797248 0.0660186 0.0613724 0.0836509 0.0706056 0.0605556 0.0590152 0.0613724 0.0732893 0.0797248 0.100179 0.104013 0.133181 0.118845 0.133181 0.104013 0.0797248 0.100179 0.118845 0.169647 0.19057 0.276145 0.19057 0.104013 0.133181 0.19057 0.276145 0.411592 0.118845 0.133181 0.19057 0 0 0 0 0 0 0 0 0 0 0 0 0 0 0 0 0 0 0 0 0 0 0 0 0 0 0 0 0 0 0 0 0 0 0 0 0 0 0 0 0 0 0 0 0 0 
0.0532984 0.0605556 0.0590152 0.0512405 0.0466158 0.0473639 0.0660186 0.0613724 0.0527608 0.0489749 0.0660186 0.0590152 0.0512405 0.0489749 0.0605556 0.0532984 0.0473639 0.0466158 0.0527608 0.0466158 0.0424887 0.042768 0.0706056 0.0836509 0.0797248 0.0908055 0.0797248 0.0836509 0.0706056 0.0693698 0.0590152 0.104013 0.133181 0.118845 0.133181 0.104013 0.100179 0.0797248 0.19057 0.276145 0.19057 0.169647 0.118845 0.411592 0.276145 0.19057 0 0 0 0 0 0 0 0 0 0 0 0 0 0 0 0 0 0 0 0 0 0 0 0 0 0 0 0 0 0 0 0 0 0 0 0 0 0 0 0 0 0 0 0 0 0 
0.0473639 0.0532984 0.0527608 0.0466158 0.0424887 0.042768 0.0590152 0.0562571 0.0489749 0.0452202 0.0613724 0.0562571 0.0489749 0.0462548 0.0590152 0.0527608 0.0466158 0.0452202 0.0532984 0.0473639 0.042768 0.0424887 0.0605556 0.0706056 0.0693698 0.0797248 0.0732893 0.0797248 0.0693698 0.0706056 0.0605556 0.0836509 0.104013 0.100179 0.118845 0.100179 0.104013 0.0836509 0.133181 0.19057 0.169647 0.19057 0.133181 0.276145 0.411592 0.276145 0 0 0 0 0 0 0 0 0 0 0 0 0 0 0 0 0 0 0 0 0 0 0 0 0 0 0 0 0 0 0 0 0 0 0 0 0 0 0 0 0 0 0 0 0 0 
0.0466158 0.0527608 0.0532984 0.0473639 0.042768 0.0424887 0.0605556 0.0590152 0.0512405 0.0466158 0.0660186 0.0613724 0.0527608 0.0489749 0.0660186 0.0590152 0.0512405 0.0489749 0.0605556 0.0532984 0.0473639 0.0466158 0.0590152 0.0693698 0.0706056 0.0836509 0.0797248 0.0908055 0.0797248 0.0836509 0.0706056 0.0797248 0.100179 0.104013 0.133181 0.118845 0.133181 0.104013 0.118845 0.169647 0.19057 0.276145 0.19057 0.19057 0.276145 0.411592 0 0 0 0 0 0 0 0 0 0 0 0 0 0 0 0 0 0 0 0 0 0 0 0 0 0 0 0 0 0 0 0 0 0 0 0 0 0 0 0 0 0 0 0 0 0 
0 0 0 0 0 0 0 0 0 0 0 0 0 0 0 0 0 0 0 0 0 0 0 0 0 0 0 0 0 0 0 0 0 0 0 0 0 0 0 0 0 0 0 0 0 0 0.411592 0.276145 0.19057 0.169647 0.19057 0.276145 0.133181 0.104013 0.100179 0.118845 0.0836509 0.0706056 0.0693698 0.0797248 0.0605556 0.0532984 0.0527608 0.0590152 0.0473639 0.042768 0.0424887 0.0466158 0.19057 0.133181 0.118845 0.0908055 0.0797248 0.0660186 0.0590152 0.0512405 0.0466158 0.104013 0.0836509 0.0797248 0.0660186 0.0613724 0.0527608 0.0489749 0.0706056 0.0605556 0.0590152 0.0512405 0.0489749 0.0532984 0.0473639 0.0466158 
0 0 0 0 0 0 0 0 0 0 0 0 0 0 0 0 0 0 0 0 0 0 0 0 0 0 0 0 0 0 0 0 0 0 0 0 0 0 0 0 0 0 0 0 0 0 0.276145 0.411592 0.276145 0.19057 0.169647 0.19057 0.19057 0.133181 0.118845 0.133181 0.104013 0.0836509 0.0797248 0.0908055 0.0706056 0.0605556 0.0590152 0.0660186 0.0532984 0.0473639 0.0466158 0.0512405 0.276145 0.19057 0.169647 0.118845 0.100179 0.0797248 0.0693698 0.0590152 0.0527608 0.133181 0.104013 0.100179 0.0797248 0.0732893 0.0613724 0.0562572 0.0836509 0.0706056 0.0693698 0.0590152 0.0562572 0.0605556 0.0532984 0.0527608 
0 0 0 0 0 0 0 0 0 0 0 0 0 0 0 0 0 0 0 0 0 0 0 0 0 0 0 0 0 0 0 0 0 0 0 0 0 0 0 0 0 0 0 0 0 0 0.19057 0.276145 0.411592 0.276145 0.19057 0.169647 0.276145 0.19057 0.169647 0.19057 0.133181 0.104013 0.100179 0.118845 0.0836509 0.0706056 0.0693698 0.0797248 0.0605556 0.0532984 0.0527608 0.0590152 0.19057 0.169647 0.19057 0.133181 0.118845 0.0908055 0.0797248 0.0660186 0.0590152 0.118845 0.100179 0.104013 0.0836509 0.0797248 0.0660186 0.0613724 0.0797248 0.0693698 0.0706056 0.0605556 0.0590152 0.0590152 0.0527608 0.0532984 
0 0 0 0 0 0 0 0 0 0 0 0 0 0 0 0 0 0 0 0 0 0 0 0 0 0 0 0 0 0 0 0 0 0 0 0 0 0 0 0 0 0 0 0 0 0 0.169647 0.19057 0.276145 0.411592 0.276145 0.19057 0.19057 0.169647 0.19057 0.276145 0.118845 0.100179 0.104013 0.133181 0.0797248 0.0693698 0.0706056 0.0836509 0.0590152 0.0527608 0.0532984 0.0605556 0.133181 0.118845 0.133181 0.104013 0.100179 0.0797248 0.0732893 0.0613724 0.0562572 0.0908055 0.0797248 0.0836509 0.0706056 0.0693698 0.0590152 0.0562572 0.0660186 0.0590152 0.0605556 0.0532984 0.0527608 0.0512405 0.0466158 0.0473639 
0 0 0 0 0 0 0 0 0 0 0 0 0 0 0 0 0 0 0 0 0 0 0 0 0 0 0 0 0 0 0 0 0 0 0 0 0 0 0 0 0 0 0 0 0 0 0.19057 0.169647 0.19057 0.276145 0.411592 0.276145 0.133181 0.118845 0.133181 0.19057 0.0908055 0.0797248 0.0836509 0.104013 0.0660186 0.0590152 0.0605556 0.0706056 0.0512405 0.0466158 0.0473639 0.0532984 0.118845 0.100179 0.104013 0.0836509 0.0797248 0.0660186 0.0613724 0.0527608 0.0489749 0.0797248 0.0693698 0.0706056 0.0605556 0.0590152 0.0512405 0.0489749 0.0590152 0.0527608 0.0532984 0.0473639 0.0466158 0.0466158 0.0424887 0.042768 
0 0 0 0 0 0 0 0 0 0 0 0 0 0 0 0 0 0 0 0 0 0 0 0 0 0 0 0 0 0 0 0 0 0 0 0 0 0 0 0 0 0 0 0 0 0 0.276145 0.19057 0.169647 0.19057 0.276145 0.411592 0.118845 0.100179 0.104013 0.133181 0.0797248 0.0693698 0.0706056 0.0836509 0.0590152 0.0527608 0.0532984 0.0605556 0.0466158 0.0424887 0.042768 0.0473639 0.133181 0.104013 0.100179 0.0797248 0.0732893 0.0613724 0.0562571 0.0489749 0.0452202 0.0836509 0.0706056 0.0693698 0.0590152 0.0562572 0.0489749 0.0462548 0.0605556 0.0532984 0.0527608 0.0466158 0.0452202 0.0473639 0.042768 0.0424887 
0 0 0 0 0 0 0 0 0 0 0 0 0 0 0 0 0 0 0 0 0 0 0 0 0 0 0 0 0 0 0 0 0 0 0 0 0 0 0 0 0 0 0 0 0 0 0.133181 0.19057 0.276145 0.19057 0.133181 0.118845 0.411592 0.276145 0.19057 0.169647 0.19057 0.133181 0.118845 0.133181 0.104013 0.0836509 0.0797248 0.0908055 0.0706056 0.0605556 0.0590152 0.0660186 0.169647 0.19057 0.276145 0.19057 0.169647 0.118845 0.100179 0.0797248 0.0693698 0.133181 0.118845 0.133181 0.104013 0.100179 0.0797248 0.0732893 0.0908055 0.0797248 0.0836509 0.0706056 0.0693698 0.0660186 0.0590152 0.0605556 
0 0 0 0 0 0 0 0 0 0 0 0 0 0 0 0 0 0 0 0 0 0 0 0 0 0 0 0 0 0 0 0 0 0 0 0 0 0 0 0 0 0 0 0 0 0 0.104013 0.133181 0.19057 0.169647 0.118845 0.100179 0.276145 0.411592 0.276145 0.19057 0.276145 0.19057 0.169647 0.19057 0.133181 0.104013 0.100179 0.118845 0.0836509 0.0706056 0.0693698 0.0797248 0.118845 0.133181 0.19057 0.169647 0.19057 0.133181 0.118845 0.0908055 0.0797248 0.104013 0.100179 0.118845 0.100179 0.104013 0.0836509 0.0797248 0.0797248 0.0732893 0.0797248 0.0693698 0.0706056 0.0613724 0.0562571 0.0590152 
0 0 0 0 0 0 0 0 0 0 0 0 0 0 0 0 0 0 0 0 0 0 0 0 0 0 0 0 0 0 0 0 0 0 0 0 0 0 0 0 0 0 0 0 0 0 0.100179 0.118845 0.169647 0.19057 0.133181 0.104013 0.19057 0.276145 0.411592 0.276145 0.19057 0.169647 0.19057 0.276145 0.118845 0.100179 0.104013 0.133181 0.0797248 0.0693698 0.0706056 0.0836509 0.100179 0.104013 0.133181 0.118845 0.133181 0.104013 0.100179 0.0797248 0.0732893 0.0836509 0.0797248 0.0908055 0.0797248 0.0836509 0.0706056 0.0693698 0.0660186 0.0613724 0.0660186 0.0590152 0.0605556 0.0527608 0.0489749 0.0512405 
0 0 0 0 0 0 0 0 0 0 0 0 0 0 0 0 0 0 0 0 0 0 0 0 0 0 0 0 0 0 0 0 0 0 0 0 0 0 0 0 0 0 0 0 0 0 0.118845 0.133181 0.19057 0.276145 0.19057 0.133181 0.169647 0.19057 0.276145 0.411592 0.133181 0.118845 0.133181 0.19057 0.0908055 0.0797248 0.0836509 0.104013 0.0660186 0.0590152 0.0605556 0.0706056 0.104013 0.100179 0.118845 0.100179 0.104013 0.0836509 0.0797248 0.0660186 0.0613724 0.0797248 0.0732893 0.0797248 0.0693698 0.0706056 0.0605556 0.0590152 0.0613724 0.0562572 0.0590152 0.0527608 0.0532984 0.0489749 0.0452202 0.0466158 
0 0 0 0 0 0 0 0 0 0 0 0 0 0 0 0 0 0 0 0 0 0 0 0 0 0 0 0 0 0 0 0 0 0 0 0 0 0 0 0 0 0 0 0 0 0 0.0836509 0.104013 0.133181 0.118845 0.0908055 0.0797248 0.19057 0.276145 0.19057 0.133181 0.411592 0.276145 0.19057 0.169647 0.19057 0.133181 0.118845 0.133181 0.104013 0.0836509 0.0797248 0.0908055 0.100179 0.118845 0.169647 0.19057 0.276145 0.19057 0.169647 0.118845 0.100179 0.100179 0.104013 0.133181 0.118845 0.133181 0.104013 0.100179 0.0836509 0.0797248 0.0908055 0.0797248 0.0836509 0.0660186 0.0613724 0.0660186 
0 0 0 0 0 0 0 0 0 0 0 0 0 0 0 0 0 0 0 0 0 0 0 0 0 0 0 0 0 0 0 0 0 0 0 0 0 0 0 0 0 0 0 0 0 0 0.0706056 0.0836509 0.104013 0.100179 0.0797248 0.0693698 0.133181 0.19057 0.169647 0.118845 0.276145 0.411592 0.276145 0.19057 0.276145 0.19057 0.169647 0.19057 0.133181 0.104013 0.100179 0.118845 0.0797248 0.0908055 0.118845 0.133181 0.19057 0.169647 0.19057 0.133181 0.118845 0.0797248 0.0836509 0.104013 0.100179 0.118845 0.100179 0.104013 0.0706056 0.0693698 0.0797248 0.0732893 0.0797248 0.0590152 0.0562571 0.0613724 
0 0 0 0 0 0 0 0 0 0 0 0 0 0 0 0 0 0 0 0 0 0 0 0 0 0 0 0 0 0 0 0 0 0 0 0 0 0 0 0 0 0 0 0 0 0 0.0693698 0.0797248 0.100179 0.104013 0.0836509 0.0706056 0.118845 0.169647 0.19057 0.133181 0.19057 0.276145 0.411592 0.276145 0.19057 0.169647 0.19057 0.276145 0.118845 0.100179 0.104013 0.133181 0.0732893 0.0797248 0.100179 0.104013 0.133181 0.118845 0.133181 0.104013 0.100179 0.0693698 0.0706056 0.0836509 0.0797248 0.0908055 0.0797248 0.0836509 0.0605556 0.0590152 0.0660186 0.0613724 0.0660186 0.0512405 0.0489749 0.0527608 
0 0 0 0 0 0 0 0 0 0 0 0 0 0 0 0 0 0 0 0 0 0 0 0 0 0 0 0 0 0 0 0 0 0 0 0 0 0 0 0 0 0 0 0 0 0 0.0797248 0.0908055 0.118845 0.133181 0.104013 0.0836509 0.133181 0.19057 0.276145 0.19057 0.169647 0.19057 0.276145 0.411592 0.133181 0.118845 0.133181 0.19057 0.0908055 0.0797248 0.0836509 0.104013 0.0797248 0.0836509 0.104013 0.100179 0.118845 0.100179 0.104013 0.0836509 0.0797248 0.0706056 0.0693698 0.0797248 0.0732893 0.0797248 0.0693698 0.0706056 0.0590152 0.0562572 0.0613724 0.0562572 0.0590152 0.0489749 0.0462548 0.0489749 
0 0 0 0 0 0 0 0 0 0 0 0 0 0 0 0 0 0 0 0 0 0 0 0 0 0 0 0 0 0 0 0 0 0 0 0 0 0 0 0 0 0 0 0 0 0 0.0605556 0.0706056 0.0836509 0.0797248 0.0660186 0.0590152 0.104013 0.133181 0.118845 0.0908055 0.19057 0.276145 0.19057 0.133181 0.411592 0.276145 0.19057 0.169647 0.19057 0.133181 0.118845 0.133181 0.0693698 0.0797248 0.100179 0.118845 0.169647 0.19057 0.276145 0.19057 0.169647 0.0732893 0.0797248 0.100179 0.104013 0.133181 0.118845 0.133181 0.0693698 0.0706056 0.0836509 0.0797248 0.0908055 0.0605556 0.0590152 0.0660186 
0 0 0 0 0 0 0 0 0 0 0 0 0 0 0 0 0 0 0 0 0 0 0 0 0 0 0 0 0 0 0 0 0 0 0 0 0 0 0 0 0 0 0 0 0 0 0.0532984 0.0605556 0.0706056 0.0693698 0.0590152 0.0527608 0.0836509 0.104013 0.100179 0.0797248 0.133181 0.19057 0.169647 0.118845 0.276145 0.411592 0.276145 0.19057 0.276145 0.19057 0.169647 0.19057 0.0590152 0.0660186 0.0797248 0.0908055 0.118845 0.133181 0.19057 0.169647 0.19057 0.0613724 0.0660186 0.0797248 0.0836509 0.104013 0.100179 0.118845 0.0590152 0.0605556 0.0706056 0.0693698 0.0797248 0.0532984 0.0527608 0.0590152 
0 0 0 0 0 0 0 0 0 0 0 0 0 0 0 0 0 0 0 0 0 0 0 0 0 0 0 0 0 0 0 0 0 0 0 0 0 0 0 0 0 0 0 0 0 0 0.0527608 0.0590152 0.0693698 0.0706056 0.0605556 0.0532984 0.0797248 0.100179 0.104013 0.0836509 0.118845 0.169647 0.19057 0.133181 0.19057 0.276145 0.411592 0.276145 0.19057 0.169647 0.19057 0.276145 0.0562572 0.0613724 0.0732893 0.0797248 0.100179 0.104013 0.133181 0.118845 0.133181 0.0562572 0.0590152 0.0693698 0.0706056 0.0836509 0.0797248 0.0908055 0.0527608 0.0532984 0.0605556 0.0590152 0.0660186 0.0473639 0.0466158 0.0512405 
0 0 0 0 0 0 0 0 0 0 0 0 0 0 0 0 0 0 0 0 0 0 0 0 0 0 0 0 0 0 0 0 0 0 0 0 0 0 0 0 0 0 0 0 0 0 0.0590152 0.0660186 0.0797248 0.0836509 0.0706056 0.0605556 0.0908055 0.118845 0.133181 0.104013 0.133181 0.19057 0.276145 0.19057 0.169647 0.19057 0.276145 0.411592 0.133181 0.118845 0.133181 0.19057 0.0613724 0.0660186 0.0797248 0.0836509 0.104013 0.100179 0.118845 0.100179 0.104013 0.0590152 0.0605556 0.0706056 0.0693698 0.0797248 0.0732893 0.0797248 0.0532984 0.0527608 0.0590152 0.0562572 0.0613724 0.0466158 0.0452202 0.0489749 
0 0 0 0 0 0 0 0 0 0 0 0 0 0 0 0 0 0 0 0 0 0 0 0 0 0 0 0 0 0 0 0 0 0 0 0 0 0 0 0 0 0 0 0 0 0 0.0473639 0.0532984 0.0605556 0.0590152 0.0512405 0.0466158 0.0706056 0.0836509 0.0797248 0.0660186 0.104013 0.133181 0.118845 0.0908055 0.19057 0.276145 0.19057 0.133181 0.411592 0.276145 0.19057 0.169647 0.0527608 0.0590152 0.0693698 0.0797248 0.100179 0.118845 0.169647 0.19057 0.276145 0.0562572 0.0613724 0.0732893 0.0797248 0.100179 0.104013 0.133181 0.0562572 0.0590152 0.0693698 0.0706056 0.0836509 0.0527608 0.0532984 0.0605556 
0 0 0 0 0 0 0 0 0 0 0 0 0 0 0 0 0 0 0 0 0 0 0 0 0 0 0 0 0 0 0 0 0 0 0 0 0 0 0 0 0 0 0 0 0 0 0.042768 0.0473639 0.0532984 0.0527608 0.0466158 0.0424887 0.0605556 0.0706056 0.0693698 0.0590152 0.0836509 0.104013 0.100179 0.0797248 0.133181 0.19057 0.169647 0.118845 0.276145 0.411592 0.276145 0.19057 0.0466158 0.0512405 0.0590152 0.0660186 0.0797248 0.0908055 0.118845 0.133181 0.19057 0.0489749 0.0527608 0.0613724 0.0660186 0.0797248 0.0836509 0.104013 0.0489749 0.0512405 0.0590152 0.0605556 0.0706056 0.0466158 0.0473639 0.0532984 
0 0 0 0 0 0 0 0 0 0 0 0 0 0 0 0 0 0 0 0 0 0 0 0 0 0 0 0 0 0 0 0 0 0 0 0 0 0 0 0 0 0 0 0 0 0 0.0424887 0.0466158 0.0527608 0.0532984 0.0473639 0.042768 0.0590152 0.0693698 0.0706056 0.0605556 0.0797248 0.100179 0.104013 0.0836509 0.118845 0.169647 0.19057 0.133181 0.19057 0.276145 0.411592 0.276145 0.0452202 0.0489749 0.0562571 0.0613724 0.0732893 0.0797248 0.100179 0.104013 0.133181 0.0462548 0.0489749 0.0562571 0.0590152 0.0693698 0.0706056 0.0836509 0.0452202 0.0466158 0.0527608 0.0532984 0.0605556 0.0424887 0.042768 0.0473639 
0 0 0 0 0 0 0 0 0 0 0 0 0 0 0 0 0 0 0 0 0 0 0 0 0 0 0 0 0 0 0 0 0 0 0 0 0 0 0 0 0 0 0 0 0 0 0.0466158 0.0512405 0.0590152 0.0605556 0.0532984 0.0473639 0.0660186 0.0797248 0.0836509 0.0706056 0.0908055 0.118845 0.133181 0.104013 0.133181 0.19057 0.276145 0.19057 0.169647 0.19057 0.276145 0.411592 0.0489749 0.0527608 0.0613724 0.0660186 0.0797248 0.0836509 0.104013 0.100179 0.118845 0.0489749 0.0512405 0.0590152 0.0605556 0.0706056 0.0693698 0.0797248 0.0466158 0.0473639 0.0532984 0.0527608 0.0590152 0.042768 0.0424887 0.0466158 
0 0 0 0 0 0 0 0 0 0 0 0 0 0 0 0 0 0 0 0 0 0 0 0 0 0 0 0 0 0 0 0 0 0 0 0 0 0 0 0 0 0 0 0 0 0 0.19057 0.276145 0.19057 0.133181 0.118845 0.133181 0.169647 0.118845 0.100179 0.104013 0.100179 0.0797248 0.0732893 0.0797248 0.0693698 0.0590152 0.0562572 0.0613724 0.0527608 0.0466158 0.0452202 0.0489749 0.411592 0.276145 0.19057 0.133181 0.104013 0.0836509 0.0706056 0.0605556 0.0532984 0.19057 0.133181 0.118845 0.0908055 0.0797248 0.0660186 0.0590152 0.104013 0.0836509 0.0797248 0.0660186 0.0613724 0.0706056 0.0605556 0.0590152 
0 0 0 0 0 0 0 0 0 0 0 0 0 0 0 0 0 0 0 0 0 0 0 0 0 0 0 0 0 0 0 0 0 0 0 0 0 0 0 0 0 0 0 0 0 0 0.133181 0.19057 0.169647 0.118845 0.100179 0.104013 0.19057 0.133181 0.104013 0.100179 0.118845 0.0908055 0.0797248 0.0836509 0.0797248 0.0660186 0.0613724 0.0660186 0.0590152 0.0512405 0.0489749 0.0527608 0.276145 0.411592 0.276145 0.19057 0.133181 0.104013 0.0836509 0.0706056 0.0605556 0.276145 0.19057 0.169647 0.118845 0.100179 0.0797248 0.0693698 0.133181 0.104013 0.100179 0.0797248 0.0732893 0.0836509 0.0706056 0.0693698 
0 0 0 0 0 0 0 0 0 0 0 0 0 0 0 0 0 0 0 0 0 0 0 0 0 0 0 0 0 0 0 0 0 0 0 0 0 0 0 0 0 0 0 0 0 0 0.118845 0.169647 0.19057 0.133181 0.104013 0.100179 0.276145 0.19057 0.133181 0.118845 0.169647 0.118845 0.100179 0.104013 0.100179 0.0797248 0.0732893 0.0797248 0.0693698 0.0590152 0.0562571 0.0613724 0.19057 0.276145 0.411592 0.276145 0.19057 0.133181 0.104013 0.0836509 0.0706056 0.19057 0.169647 0.19057 0.133181 0.118845 0.0908055 0.0797248 0.118845 0.100179 0.104013 0.0836509 0.0797248 0.0797248 0.0693698 0.0706056 
0 0 0 0 0 0 0 0 0 0 0 0 0 0 0 0 0 0 0 0 0 0 0 0 0 0 0 0 0 0 0 0 0 0 0 0 0 0 0 0 0 0 0 0 0 0 0.0908055 0.118845 0.133181 0.104013 0.0836509 0.0797248 0.19057 0.169647 0.118845 0.100179 0.19057 0.133181 0.104013 0.100179 0.118845 0.0908055 0.0797248 0.0836509 0.0797248 0.0660186 0.0613724 0.0660186 0.133181 0.19057 0.276145 0.411592 0.276145 0.19057 0.133181 0.104013 0.0836509 0.169647 0.19057 0.276145 0.19057 0.169647 0.118845 0.100179 0.133181 0.118845 0.133181 0.104013 0.100179 0.0908055 0.0797248 0.0836509 
0 0 0 0 0 0 0 0 0 0 0 0 0 0 0 0 0 0 0 0 0 0 0 0 0 0 0 0 0 0 0 0 0 0 0 0 0 0 0 0 0 0 0 0 0 0 0.0797248 0.100179 0.118845 0.100179 0.0797248 0.0732893 0.169647 0.19057 0.133181 0.104013 0.276145 0.19057 0.133181 0.118845 0.169647 0.118845 0.100179 0.104013 0.100179 0.0797248 0.0732893 0.0797248 0.104013 0.133181 0.19057 0.276145 0.411592 0.276145 0.19057 0.133181 0.104013 0.118845 0.133181 0.19057 0.169647 0.19057 0.133181 0.118845 0.104013 0.100179 0.118845 0.100179 0.104013 0.0797248 0.0732893 0.0797248 
0 0 0 0 0 0 0 0 0 0 0 0 0 0 0 0 0 0 0 0 0 0 0 0 0 0 0 0 0 0 0 0 0 0 0 0 0 0 0 0 0 0 0 0 0 0 0.0660186 0.0797248 0.0908055 0.0797248 0.0660186 0.0613724 0.118845 0.133181 0.104013 0.0836509 0.19057 0.169647 0.118845 0.100179 0.19057 0.133181 0.104013 0.100179 0.118845 0.0908055 0.0797248 0.0836509 0.0836509 0.104013 0.133181 0.19057 0.276145 0.411592 0.276145 0.19057 0.133181 0.100179 0.118845 0.169647 0.19057 0.276145 0.19057 0.169647 0.100179 0.104013 0.133181 0.118845 0.133181 0.0836509 0.0797248 0.0908055 
0 0 0 0 0 0 0 0 0 0 0 0 0 0 0 0 0 0 0 0 0 0 0 0 0 0 0 0 0 0 0 0 0 0 0 0 0 0 0 0 0 0 0 0 0 0 0.0590152 0.0693698 0.0797248 0.0732893 0.0613724 0.0562571 0.100179 0.118845 0.100179 0.0797248 0.169647 0.19057 0.133181 0.104013 0.276145 0.19057 0.133181 0.118845 0.169647 0.118845 0.100179 0.104013 0.0706056 0.0836509 0.104013 0.133181 0.19057 0.276145 0.411592 0.276145 0.19057 0.0797248 0.0908055 0.118845 0.133181 0.19057 0.169647 0.19057 0.0797248 0.0836509 0.104013 0.100179 0.118845 0.0706056 0.0693698 0.0797248 
0 0 0 0 0 0 0 0 0 0 0 0 0 0 0 0 0 0 0 0 0 0 0 0 0 0 0 0 0 0 0 0 0 0 0 0 0 0 0 0 0 0 0 0 0 0 0.0512405 0.0590152 0.0660186 0.0613724 0.0527608 0.0489749 0.0797248 0.0908055 0.0797248 0.0660186 0.118845 0.133181 0.104013 0.0836509 0.19057 0.169647 0.118845 0.100179 0.19057 0.133181 0.104013 0.100179 0.0605556 0.0706056 0.0836509 0.104013 0.133181 0.19057 0.276145 0.411592 0.276145 0.0693698 0.0797248 0.100179 0.118845 0.169647 0.19057 0.276145 0.0732893 0.0797248 0.100179 0.104013 0.133181 0.0693698 0.0706056 0.0836509 
0 0 0 0 0 0 0 0 0 0 0 0 0 0 0 0 0 0 0 0 0 0 0 0 0 0 0 0 0 0 0 0 0 0 0 0 0 0 0 0 0 0 0 0 0 0 0.0466158 0.0527608 0.0590152 0.0562572 0.0489749 0.0452202 0.0693698 0.0797248 0.0732893 0.0613724 0.100179 0.118845 0.100179 0.0797248 0.169647 0.19057 0.133181 0.104013 0.276145 0.19057 0.133181 0.118845 0.0532984 0.0605556 0.0706056 0.0836509 0.104013 0.133181 0.19057 0.276145 0.411592 0.0590152 0.0660186 0.0797248 0.0908055 0.118845 0.133181 0.19057 0.0613724 0.0660186 0.0797248 0.0836509 0.104013 0.0590152 0.0605556 0.0706056 
0 0 0 0 0 0 0 0 0 0 0 0 0 0 0 0 0 0 0 0 0 0 0 0 0 0 0 0 0 0 0 0 0 0 0 0 0 0 0 0 0 0 0 0 0 0 0.104013 0.133181 0.118845 0.0908055 0.0797248 0.0836509 0.133181 0.104013 0.0836509 0.0797248 0.100179 0.0797248 0.0693698 0.0706056 0.0732893 0.0613724 0.0562572 0.0590152 0.0562572 0.0489749 0.0462548 0.0489749 0.19057 0.276145 0.19057 0.169647 0.118845 0.100179 0.0797248 0.0693698 0.0590152 0.411592 0.276145 0.19057 0.133181 0.104013 0.0836509 0.0706056 0.19057 0.133181 0.118845 0.0908055 0.0797248 0.104013 0.0836509 0.0797248 
0 0 0 0 0 0 0 0 0 0 0 0 0 0 0 0 0 0 0 0 0 0 0 0 0 0 0 0 0 0 0 0 0 0 0 0 0 0 0 0 0 0 0 0 0 0 0.0836509 0.104013 0.100179 0.0797248 0.0693698 0.0706056 0.118845 0.100179 0.0797248 0.0732893 0.104013 0.0836509 0.0706056 0.0693698 0.0797248 0.0660186 0.0590152 0.0605556 0.0613724 0.0527608 0.0489749 0.0512405 0.133181 0.19057 0.169647 0.19057 0.133181 0.118845 0.0908055 0.0797248 0.0660186 0.276145 0.411592 0.276145 0.19057 0.133181 0.104013 0.0836509 0.276145 0.19057 0.169647 0.118845 0.100179 0.133181 0.104013 0.100179 
0 0 0 0 0 0 0 0 0 0 0 0 0 0 0 0 0 0 0 0 0 0 0 0 0 0 0 0 0 0 0 0 0 0 0 0 0 0 0 0 0 0 0 0 0 0 0.0797248 0.100179 0.104013 0.0836509 0.0706056 0.0693698 0.133181 0.118845 0.0908055 0.0797248 0.133181 0.104013 0.0836509 0.0797248 0.100179 0.0797248 0.0693698 0.0706056 0.0732893 0.0613724 0.0562571 0.0590152 0.118845 0.169647 0.19057 0.276145 0.19057 0.169647 0.118845 0.100179 0.0797248 0.19057 0.276145 0.411592 0.276145 0.19057 0.133181 0.104013 0.19057 0.169647 0.19057 0.133181 0.118845 0.118845 0.100179 0.104013 
0 0 0 0 0 0 0 0 0 0 0 0 0 0 0 0 0 0 0 0 0 0 0 0 0 0 0 0 0 0 0 0 0 0 0 0 0 0 0 0 0 0 0 0 0 0 0.0660186 0.0797248 0.0836509 0.0706056 0.0605556 0.0590152 0.104013 0.100179 0.0797248 0.0693698 0.118845 0.100179 0.0797248 0.0732893 0.104013 0.0836509 0.0706056 0.0693698 0.0797248 0.0660186 0.0590152 0.0605556 0.0908055 0.118845 0.133181 0.19057 0.169647 0.19057 0.133181 0.118845 0.0908055 0.133181 0.19057 0.276145 0.411592 0.276145 0.19057 0.133181 0.169647 0.19057 0.276145 0.19057 0.169647 0.133181 0.118845 0.133181 
0 0 0 0 0 0 0 0 0 0 0 0 0 0 0 0 0 0 0 0 0 0 0 0 0 0 0 0 0 0 0 0 0 0 0 0 0 0 0 0 0 0 0 0 0 0 0.0613724 0.0732893 0.0797248 0.0693698 0.0590152 0.0562572 0.100179 0.104013 0.0836509 0.0706056 0.133181 0.118845 0.0908055 0.0797248 0.133181 0.104013 0.0836509 0.0797248 0.100179 0.0797248 0.0693698 0.0706056 0.0797248 0.100179 0.118845 0.169647 0.19057 0.276145 0.19057 0.169647 0.118845 0.104013 0.133181 0.19057 0.276145 0.411592 0.276145 0.19057 0.118845 0.133181 0.19057 0.169647 0.19057 0.104013 0.100179 0.118845 
0 0 0 0 0 0 0 0 0 0 0 0 0 0 0 0 0 0 0 0 0 0 0 0 0 0 0 0 0 0 0 0 0 0 0 0 0 0 0 0 0 0 0 0 0 0 0.0527608 0.0613724 0.0660186 0.0590152 0.0512405 0.0489749 0.0797248 0.0836509 0.0706056 0.0605556 0.104013 0.100179 0.0797248 0.0693698 0.118845 0.100179 0.0797248 0.0732893 0.104013 0.0836509 0.0706056 0.0693698 0.0660186 0.0797248 0.0908055 0.118845 0.133181 0.19057 0.169647 0.19057 0.133181 0.0836509 0.104013 0.133181 0.19057 0.276145 0.411592 0.276145 0.100179 0.118845 0.169647 0.19057 0.276145 0.100179 0.104013 0.133181 
0 0 0 0 0 0 0 0 0 0 0 0 0 0 0 0 0 0 0 0 0 0 0 0 0 0 0 0 0 0 0 0 0 0 0 0 0 0 0 0 0 0 0 0 0 0 0.0489749 0.0562572 0.0613724 0.0562572 0.0489749 0.0462548 0.0732893 0.0797248 0.0693698 0.0590152 0.100179 0.104013 0.0836509 0.0706056 0.133181 0.118845 0.0908055 0.0797248 0.133181 0.104013 0.0836509 0.0797248 0.0590152 0.0693698 0.0797248 0.100179 0.118845 0.169647 0.19057 0.276145 0.19057 0.0706056 0.0836509 0.104013 0.133181 0.19057 0.276145 0.411592 0.0797248 0.0908055 0.118845 0.133181 0.19057 0.0797248 0.0836509 0.104013 
0 0 0 0 0 0 0 0 0 0 0 0 0 0 0 0 0 0 0 0 0 0 0 0 0 0 0 0 0 0 0 0 0 0 0 0 0 0 0 0 0 0 0 0 0 0 0.0706056 0.0836509 0.0797248 0.0660186 0.0590152 0.0605556 0.0908055 0.0797248 0.0660186 0.0613724 0.0836509 0.0706056 0.0605556 0.0590152 0.0693698 0.0590152 0.0527608 0.0532984 0.0562572 0.0489749 0.0452202 0.0466158 0.104013 0.133181 0.118845 0.133181 0.104013 0.100179 0.0797248 0.0732893 0.0613724 0.19057 0.276145 0.19057 0.169647 0.118845 0.100179 0.0797248 0.411592 0.276145 0.19057 0.133181 0.104013 0.19057 0.133181 0.118845 
0 0 0 0 0 0 0 0 0 0 0 0 0 0 0 0 0 0 0 0 0 0 0 0 0 0 0 0 0 0 0 0 0 0 0 0 0 0 0 0 0 0 0 0 0 0 0.0605556 0.0706056 0.0693698 0.0590152 0.0527608 0.0532984 0.0797248 0.0732893 0.0613724 0.0562572 0.0797248 0.0693698 0.0590152 0.0562572 0.0706056 0.0605556 0.0532984 0.0527608 0.0590152 0.0512405 0.0466158 0.0473639 0.0836509 0.104013 0.100179 0.118845 0.100179 0.104013 0.0836509 0.0797248 0.0660186 0.133181 0.19057 0.169647 0.19057 0.133181 0.118845 0.0908055 0.276145 0.411592 0.276145 0.19057 0.133181 0.276145 0.19057 0.169647 
0 0 0 0 0 0 0 0 0 0 0 0 0 0 0 0 0 0 0 0 0 0 0 0 0 0 0 0 0 0 0 0 0 0 0 0 0 0 0 0 0 0 0 0 0 0 0.0590152 0.0693698 0.0706056 0.0605556 0.0532984 0.0527608 0.0836509 0.0797248 0.0660186 0.0590152 0.0908055 0.0797248 0.0660186 0.0613724 0.0836509 0.0706056 0.0605556 0.0590152 0.0693698 0.0590152 0.0527608 0.0532984 0.0797248 0.100179 0.104013 0.133181 0.118845 0.133181 0.104013 0.100179 0.0797248 0.118845 0.169647 0.19057 0.276145 0.19057 0.169647 0.118845 0.19057 0.276145 0.411592 0.276145 0.19057 0.19057 0.169647 0.19057 
0 0 0 0 0 0 0 0 0 0 0 0 0 0 0 0 0 0 0 0 0 0 0 0 0 0 0 0 0 0 0 0 0 0 0 0 0 0 0 0 0 0 0 0 0 0 0.0512405 0.0590152 0.0605556 0.0532984 0.0473639 0.0466158 0.0706056 0.0693698 0.0590152 0.0527608 0.0797248 0.0732893 0.0613724 0.0562572 0.0797248 0.0693698 0.0590152 0.0562572 0.0706056 0.0605556 0.0532984 0.0527608 0.0660186 0.0797248 0.0836509 0.104013 0.100179 0.118845 0.100179 0.104013 0.0836509 0.0908055 0.118845 0.133181 0.19057 0.169647 0.19057 0.133181 0.133181 0.19057 0.276145 0.411592 0.276145 0.169647 0.19057 0.276145 
0 0 0 0 0 0 0 0 0 0 0 0 0 0 0 0 0 0 0 0 0 0 0 0 0 0 0 0 0 0 0 0 0 0 0 0 0 0 0 0 0 0 0 0 0 0 0.0489749 0.0562572 0.0590152 0.0527608 0.0466158 0.0452202 0.0693698 0.0706056 0.0605556 0.0532984 0.0836509 0.0797248 0.0660186 0.0590152 0.0908055 0.0797248 0.0660186 0.0613724 0.0836509 0.0706056 0.0605556 0.0590152 0.0613724 0.0732893 0.0797248 0.100179 0.104013 0.133181 0.118845 0.133181 0.104013 0.0797248 0.100179 0.118845 0.169647 0.19057 0.276145 0.19057 0.104013 0.133181 0.19057 0.276145 0.411592 0.118845 0.133181 0.19057 
0 0 0 0 0 0 0 0 0 0 0 0 0 0 0 0 0 0 0 0 0 0 0 0 0 0 0 0 0 0 0 0 0 0 0 0 0 0 0 0 0 0 0 0 0 0 0.0532984 0.0605556 0.0590152 0.0512405 0.0466158 0.0473639 0.0660186 0.0613724 0.0527608 0.0489749 0.0660186 0.0590152 0.0512405 0.0489749 0.0605556 0.0532984 0.0473639 0.0466158 0.0527608 0.0466158 0.0424887 0.042768 0.0706056 0.0836509 0.0797248 0.0908055 0.0797248 0.0836509 0.0706056 0.0693698 0.0590152 0.104013 0.133181 0.118845 0.133181 0.104013 0.100179 0.0797248 0.19057 0.276145 0.19057 0.169647 0.118845 0.411592 0.276145 0.19057 
0 0 0 0 0 0 0 0 0 0 0 0 0 0 0 0 0 0 0 0 0 0 0 0 0 0 0 0 0 0 0 0 0 0 0 0 0 0 0 0 0 0 0 0 0 0 0.0473639 0.0532984 0.0527608 0.0466158 0.0424887 0.042768 0.0590152 0.0562571 0.0489749 0.0452202 0.0613724 0.0562571 0.0489749 0.0462548 0.0590152 0.0527608 0.0466158 0.0452202 0.0532984 0.0473639 0.042768 0.0424887 0.0605556 0.0706056 0.0693698 0.0797248 0.0732893 0.0797248 0.0693698 0.0706056 0.0605556 0.0836509 0.104013 0.100179 0.118845 0.100179 0.104013 0.0836509 0.133181 0.19057 0.169647 0.19057 0.133181 0.276145 0.411592 0.276145 
0 0 0 0 0 0 0 0 0 0 0 0 0 0 0 0 0 0 0 0 0 0 0 0 0 0 0 0 0 0 0 0 0 0 0 0 0 0 0 0 0 0 0 0 0 0 0.0466158 0.0527608 0.0532984 0.0473639 0.042768 0.0424887 0.0605556 0.0590152 0.0512405 0.0466158 0.0660186 0.0613724 0.0527608 0.0489749 0.0660186 0.0590152 0.0512405 0.0489749 0.0605556 0.0532984 0.0473639 0.0466158 0.0590152 0.0693698 0.0706056 0.0836509 0.0797248 0.0908055 0.0797248 0.0836509 0.0706056 0.0797248 0.100179 0.104013 0.133181 0.118845 0.133181 0.104013 0.118845 0.169647 0.19057 0.276145 0.19057 0.19057 0.276145 0.411592 
