0 -0 0
0.000367493 -2.7409e-06 7.47284e-07
0.000734987 3.63062e-06 7.45385e-06
0.00110248 4.10741e-06 -5.135e-06
0.00146997 -3.08576e-06 2.44763e-07
0.00183747 1.53165e-06 1.02493e-06
0.00220496 3.33005e-07 -6.81623e-07
0.00257245 4.20709e-07 3.38935e-07
0.00293995 9.88925e-07 1.42952e-07
0.00330744 1.18216e-06 2.01882e-07
0.00367493 1.59972e-06 3.2186e-07
0.00404243 2.29609e-06 8.78484e-07
0.00440992 4.21003e-06 -7.08084e-07
0.00477741 -4.67991e-06 3.06091e-06
0.00514491 4.50778e-05 2.30377e-05
0.0055124 -6.7555e-05 -0.000188461
0.00587989 -0.000244884 0.000882091
0.00624739 0.00303553 -0.00236923
0.00661488 -0.0147933 0.00713845
0.00698237 0.0805636 -0.00179561
0.00734987 -0.0882628 -0.104328
0.00771736 -0.0140308 0.053734
0.00808485 2.683e-05 0.000362247
0.00845234 0.00241098 0.00112151
0.00881984 -0.000197218 -0.000445713
0.00918733 2.22773e-05 7.58944e-05
0.00955482 9.38364e-06 -1.04086e-05
0.00992232 1.76467e-06 3.17244e-06
0.0102898 3.49137e-06 2.4267e-06
0.0106573 2.76326e-06 1.35069e-06
0.0110248 2.13334e-06 3.29776e-07
0.0113923 -1.42221e-07 1.82925e-06
0.0117598 9.26187e-06 6.37106e-07
0.0121273 -2.03201e-05 -1.94626e-05
0.0124948 1.68431e-05 9.90241e-05
0.0128623 0.000158006 -0.000301038
0.0132298 -0.000959854 0.00050996
0.0135973 0.00327308 8.73632e-05
0.0139647 -0.00777081 -0.0049614
0.0143322 0.00493663 0.0184066
0.0146997 0.0132702 -0.0180886
0.0150672 -0.013301 -0.000488956
0.0154347 0.0014286 0.00299633
0.0158022 0.000270351 0.000220791
0.0161697 0.000182528 -0.000175786
0.0165372 -4.92492e-05 -5.15004e-06
0.0169047 3.97433e-06 -1.88331e-06
0.0172722 -1.51279e-06 -2.35446e-06
0.0176397 -8.27981e-07 -2.69922e-06
0.0180072 -8.83185e-07 -2.69599e-06
0.0183747 -4.68253e-07 -3.11423e-06
0.0187422 -2.19835e-06 -3.703e-06
0.0191096 2.58367e-06 4.53032e-07
0.0194771 -7.60894e-07 -2.3322e-05
0.0198446 -4.17043e-05 3.95423e-05
0.0202121 0.000161813 -2.63213e-05
0.0205796 -0.00035816 -0.00020308
0.0209471 0.000391791 0.000817684
0.0213146 0.000399652 -0.00168097
0.0216821 -0.00206366 0.00127537
0.0220496 0.00218657 0.000673509
0.0224171 -0.000476853 -0.00123072
0.0227846 -0.000189067 0.000326286
0.0231521 2.67805e-05 -1.91349e-05
0.0235196 2.75449e-05 -1.58878e-05
0.0238871 -3.03607e-06 -1.80183e-05
0.0242546 1.96469e-05 -8.5355e-07
0.024622 1.70442e-05 -1.83954e-06
0.0249895 1.28364e-05 2.66253e-06
0.025357 9.12517e-06 3.37461e-06
0.0257245 7.90773e-06 4.32636e-06
0.026092 6.17181e-06 -1.88241e-07
0.0264595 -5.94846e-07 5.40502e-06
0.026827 1.54581e-05 1.84024e-06
0.0271945 -1.58833e-05 -7.55292e-06
0.027562 4.90361e-05 2.69036e-05
0.0279295 -6.34587e-05 -0.000143742
0.028297 -0.000117656 0.000273098
0.0286645 0.000311904 -0.000174691
0.029032 -0.00047329 0.000149076
0.0293995 0.000794247 0.000423173
0.029767 0.000200168 -0.000887714
0.0301344 -0.00046177 -6.16771e-05
0.0305019 -3.66713e-05 0.000148047
0.0308694 4.62255e-05 4.05471e-05
0.0312369 1.70602e-05 -7.31615e-06
0.0316044 1.98691e-06 5.1195e-06
0.0319719 4.3796e-06 6.10496e-06
0.0323394 3.79024e-06 5.33313e-06
0.0327069 3.38863e-06 4.44552e-06
0.0330744 1.78422e-06 4.70216e-06
0.0334419 4.98159e-06 6.04133e-06
0.0338094 2.2491e-06 -3.54865e-06
0.0341769 -1.07627e-05 1.24563e-05
0.0345444 2.94438e-05 1.31384e-05
0.0349119 -1.84532e-05 -3.92064e-05
0.0352794 -1.75138e-05 6.81582e-05
0.0356468 7.76356e-05 -4.39033e-05
0.0360143 -0.000108323 -2.12122e-05
0.0363818 6.5946e-05 0.0001089
0.0367493 3.63509e-05 -9.69909e-05
0.0371168 -6.38692e-05 1.22325e-05
0.0374843 1.15998e-05 2.65847e-05
0.0378518 3.69982e-06 -4.65309e-06
0.0382193 1.79342e-06 1.46321e-06
0.0385868 -2.04966e-06 3.58746e-06
0.0389543 1.49962e-06 2.47404e-06
0.0393218 9.60865e-07 3.06235e-06
0.0396893 1.20487e-07 2.5382e-06
0.0400568 8.08706e-07 1.69827e-06
0.0404243 8.5712e-07 1.58236e-06
0.0407918 2.5583e-07 1.3718e-06
0.0411592 8.47853e-08 1.19323e-06
0.0415267 8.36559e-07 2.47817e-06
0.0418942 2.56951e-07 7.96492e-07
0.0422617 5.67119e-08 1.83606e-06
0.0426292 3.58562e-06 9.07731e-07
0.0429967 -4.12897e-06 -4.64949e-06
0.0433642 3.72488e-08 1.43951e-05
0.0437317 2.21562e-05 -1.28119e-05
0.0440992 -2.94357e-05 -1.67282e-05
0.0444667 -4.61947e-06 3.67347e-05
0.0448342 2.64018e-05 2.76379e-06
0.0452017 2.95883e-06 -8.50431e-06
0.0455692 1.60844e-06 1.54275e-06
0.0459367 -4.67359e-07 1.77975e-06
0.0463042 1.37035e-06 1.89253e-06
0.0466716 -1.37539e-07 3.37377e-06
0.0470391 -3.84389e-08 9.69673e-07
0.0474066 1.44274e-07 2.82408e-06
0.0477741 6.63441e-07 2.65315e-06
0.0481416 -1.28211e-08 2.86604e-06
0.0485091 1.52526e-06 4.6826e-07
0.0488766 -2.45008e-07 3.35363e-06
0.0492441 -1.28459e-06 -9.74849e-07
0.0496116 -1.55659e-08 1.36704e-07
0.0499791 9.94952e-08 2.89732e-06
0.0503466 -4.49154e-06 3.51252e-07
0.0507141 1.11005e-05 2.26611e-06
0.0510816 -8.34489e-06 -7.74783e-07
0.0514491 2.97342e-06 1.80383e-07
0.0518165 2.29218e-06 4.81595e-06
0.052184 2.48925e-06 -7.47471e-06
0.0525515 5.73234e-06 -7.17853e-06
0.052919 -6.31397e-07 1.40749e-06
0.0532865 -1.87e-06 -3.46159e-06
0.053654 2.1891e-06 -9.08337e-07
0.0540215 -2.67204e-06 -8.16092e-07
0.054389 1.68245e-07 -2.48987e-06
0.0547565 1.80799e-06 9.39261e-07
0.055124 6.43362e-07 8.02247e-07
0.0554915 -3.95586e-07 -1.22232e-07
0.055859 1.18646e-06 -5.19443e-08
0.0562265 -2.30956e-07 1.92983e-06
0.056594 1.16053e-06 1.45433e-06
0.0569615 1.30283e-06 -1.97457e-06
0.0573289 -5.43833e-08 1.61193e-06
0.0576964 -3.53185e-06 2.42309e-06
0.0580639 9.29595e-06 6.24362e-06
0.0584314 -1.45723e-06 -6.95281e-06
0.0587989 -1.16666e-06 4.0555e-06
0.0591664 -9.99599e-07 2.51154e-06
0.0595339 1.51928e-06 -1.34087e-06
0.0599014 1.19024e-06 -1.5059e-06
0.0602689 -2.98848e-06 8.03663e-07
0.0606364 -5.76623e-07 4.95128e-07
0.0610039 2.93063e-06 1.30428e-06
0.0613714 3.0809e-06 -3.17374e-06
0.0617389 8.17828e-07 -2.60858e-06
0.0621064 7.82797e-07 -7.38311e-07
0.0624739 -4.04681e-07 -2.139e-06
0.0628413 -1.16083e-06 -3.16515e-06
0.0632088 -4.01065e-07 6.48748e-07
0.0635763 -1.15379e-06 3.28665e-06
0.0639438 4.8994e-06 -1.48215e-06
0.0643113 5.15378e-06 2.63429e-06
0.0646788 -1.32695e-06 2.71774e-06
0.0650463 1.02152e-05 -1.00809e-05
0.0654138 -1.25737e-05 8.49699e-06
0.0657813 1.84649e-06 5.28256e-06
0.0661488 1.17135e-05 3.52232e-06
0.0665163 -5.53016e-06 -1.70956e-06
0.0668838 5.46701e-06 -9.79081e-08
0.0672513 8.09876e-06 7.69411e-06
0.0676188 -4.48885e-06 6.14918e-06
0.0679863 7.36408e-06 4.93785e-06
0.0683537 4.47941e-06 8.24064e-06
0.0687212 3.45016e-06 2.56296e-06
0.0690887 8.76129e-06 5.51537e-06
0.0694562 2.38237e-07 2.48548e-06
0.0698237 -5.82139e-07 -1.3059e-06
0.0701912 2.58277e-07 1.89625e-07
0.0705587 2.18299e-06 1.79684e-06
0.0709262 -5.76826e-07 9.30061e-07
0.0712937 -3.50384e-06 -7.43021e-06
0.0716612 -4.73523e-06 9.75808e-06
0.0720287 5.98827e-06 1.27198e-06
0.0723962 1.20503e-06 -9.30518e-06
0.0727637 -7.893e-06 7.75405e-06
0.0731312 8.88609e-06 -9.72771e-07
0.0734987 -5.64505e-06 2.9477e-06
0.0738661 -3.35705e-07 5.02504e-06
0.0742336 3.58831e-06 6.93132e-06
0.0746011 5.34225e-06 6.72155e-06
0.0749686 5.38277e-06 -4.69814e-06
0.0753361 6.9278e-07 -2.06995e-06
0.0757036 -4.0026e-07 1.66639e-06
0.0760711 -6.30059e-06 7.19259e-06
0.0764386 3.74393e-06 2.12608e-06
0.0768061 3.67796e-06 5.48942e-06
0.0771736 5.67211e-07 2.66907e-06
0.0775411 5.96823e-06 -1.64653e-06
0.0779086 3.11963e-06 5.39378e-06
0.0782761 -4.69624e-06 -7.28044e-06
0.0786436 1.75986e-07 -3.94486e-06
0.0790111 -1.4841e-05 1.07713e-05
0.0793785 4.21036e-06 -1.2666e-05
0.079746 -1.40574e-05 1.51006e-05
0.0801135 2.09017e-05 1.03406e-06
0.080481 -4.87583e-06 -2.0787e-05
0.0808485 -1.0543e-05 7.65737e-06
0.081216 -9.0562e-06 -5.63545e-08
0.0815835 1.75911e-05 1.07693e-05
0.081951 -4.84415e-06 6.40665e-06
0.0823185 4.40782e-06 -1.08616e-05
0.082686 -1.27464e-05 -1.10897e-06
0.0830535 -2.34926e-05 -1.19513e-07
0.083421 -1.21093e-05 4.691e-06
0.0837885 -1.24095e-05 2.55909e-06
0.084156 -1.17852e-05 5.16177e-06
0.0845234 3.10483e-06 3.61072e-06
0.0848909 1.01762e-05 4.75549e-06
0.0852584 -8.34654e-06 -2.88358e-06
0.0856259 -1.52784e-06 -9.21589e-06
0.0859934 2.35235e-06 1.57051e-05
0.0863609 9.50459e-06 -1.09839e-05
0.0867284 -2.61805e-06 -2.9905e-06
0.0870959 4.58951e-06 -2.39842e-06
0.0874634 -5.66786e-06 5.6109e-06
0.0878309 7.50442e-06 3.13722e-06
0.0881984 -1.73067e-06 4.74689e-06
0.0885659 3.03155e-07 -2.30549e-06
0.0889334 -1.13608e-05 -7.82507e-06
0.0893009 -2.47781e-05 5.52487e-06
0.0896684 -2.59679e-06 5.64818e-06
0.0900358 4.35785e-06 1.51715e-05
0.0904033 -1.67864e-06 1.92041e-06
0.0907708 1.37886e-05 -1.74759e-05
0.0911383 2.51168e-06 -1.82151e-06
0.0915058 -1.25381e-05 3.95184e-06
0.0918733 -6.57109e-06 -6.88631e-06
0.0922408 -1.92896e-06 2.14347e-05
0.0926083 -9.65594e-06 -5.35754e-06
0.0929758 5.33521e-06 -5.65168e-06
0.0933433 8.95395e-06 3.4226e-05
0.0937108 1.2583e-05 -3.93459e-05
0.0940783 -1.42835e-06 3.21652e-05
0.0944458 2.83615e-05 -3.81473e-05
0.0948133 -3.32505e-05 2.01466e-05
0.0951808 9.09426e-06 2.17255e-05
0.0955482 7.66501e-06 1.19264e-05
0.0959157 1.04145e-05 -1.23766e-05
0.0962832 -2.86919e-05 8.54366e-06
0.0966507 -2.29369e-05 -5.74489e-07
0.0970182 -4.02715e-06 2.12537e-05
0.0973857 6.3354e-06 -2.95833e-06
0.0977532 1.95148e-05 -3.06601e-05
0.0981207 7.13464e-06 -3.34001e-05
0.0984882 2.72345e-06 -1.98291e-05
0.0988557 -4.74545e-06 -1.40285e-05
0.0992232 1.13013e-05 -9.75405e-06
0.0995907 -1.60444e-05 6.56084e-06
0.0999582 3.33085e-07 -2.04775e-05
0.100326 -1.98596e-06 8.74401e-06
0.100693 -7.01287e-06 1.05554e-06
0.101061 -6.56821e-06 1.13341e-06
0.101428 -1.2098e-05 1.52021e-05
0.101796 3.02589e-05 1.52739e-05
0.102163 -1.65206e-05 -2.8127e-05
0.102531 -1.33946e-05 3.2752e-05
0.102898 -4.7791e-06 -2.29374e-06
0.103266 -7.80782e-06 -1.09638e-05
0.103633 -8.08745e-06 2.19061e-06
0.104001 1.97942e-05 -2.71054e-05
0.104368 1.38155e-05 -1.60294e-05
0.104736 -3.47803e-05 -1.66166e-05
0.105103 1.11126e-07 -4.05406e-06
0.105471 -9.55935e-06 1.85237e-05
0.105838 -7.49747e-06 1.67444e-05
0.106206 -1.47156e-05 -2.62969e-05
0.106573 1.46332e-05 1.00557e-05
0.106941 -1.60058e-05 -2.55109e-05
0.107308 8.88689e-06 -4.03165e-05
0.107676 -3.15666e-06 1.99149e-05
0.108043 -4.4384e-05 -5.29379e-05
0.108411 8.55727e-06 5.83615e-05
0.108778 -1.27155e-05 -5.19674e-05
0.109145 -7.50921e-06 7.52405e-05
0.109513 1.75856e-05 -1.85407e-05
0.10988 -3.11012e-06 -3.74627e-05
0.110248 -4.73262e-05 -1.99946e-05
0.110615 -3.00864e-06 2.00727e-05
0.110983 2.4801e-05 -3.21927e-05
0.11135 1.50739e-05 -4.08794e-05
0.111718 -2.03696e-05 -3.32764e-05
0.112085 -7.33603e-06 2.90913e-06
0.112453 1.87758e-05 1.55515e-05
0.11282 4.55594e-05 4.54264e-05
0.113188 2.42624e-05 1.90441e-05
0.113555 2.68598e-05 2.25639e-05
0.113923 8.77717e-06 2.48574e-05
0.11429 2.18396e-05 -2.18823e-06
0.114658 -7.35066e-06 1.24314e-05
0.115025 4.65276e-05 -1.23091e-05
0.115393 -3.30707e-05 -2.51242e-05
0.11576 3.43318e-05 1.21079e-05
0.116128 -1.39497e-06 -5.76948e-05
0.116495 -7.24999e-05 3.34344e-05
0.116863 5.16168e-05 1.20504e-05
0.11723 -1.04337e-05 -3.11186e-05
0.117598 -7.94474e-06 -4.16586e-05
0.117965 -4.65258e-06 2.02372e-05
0.118333 4.47423e-05 -1.88185e-05
0.1187 1.49625e-05 1.46168e-05
0.119068 -1.1888e-05 1.83916e-05
0.119435 4.79098e-05 1.40634e-05
0.119803 1.96698e-05 -5.24745e-06
0.12017 1.2418e-05 -2.01858e-05
0.120538 -1.1781e-05 -3.0856e-05
0.120905 2.87251e-05 -6.70735e-06
0.121273 9.22642e-06 -3.98609e-06
0.12164 9.47614e-06 -7.26522e-06
0.122008 3.69484e-05 4.2091e-05
0.122375 4.99149e-08 -1.07553e-05
0.122743 8.15149e-05 3.91315e-05
0.12311 -2.47379e-05 -4.24101e-05
0.123478 5.02571e-05 4.32232e-05
0.123845 -3.56492e-05 -9.55913e-05
0.124213 -5.84142e-05 8.82691e-06
0.12458 1.4678e-05 6.50397e-05
0.124948 7.00198e-05 -1.03214e-05
0.125315 1.92677e-05 -2.96547e-05
0.125683 -5.49722e-06 2.3532e-05
0.12605 1.03663e-05 4.22685e-05
0.126418 4.58737e-05 5.52786e-06
0.126785 2.66081e-05 -2.68801e-05
0.127153 -2.83485e-05 1.4506e-05
0.12752 -5.88644e-05 4.76593e-06
0.127888 -6.10163e-05 3.24288e-05
0.128255 -7.57017e-05 -1.82153e-07
0.128623 -3.58126e-05 -1.05454e-05
0.12899 -5.63956e-05 4.31984e-05
0.129358 6.22104e-05 -1.39699e-05
0.129725 -6.2766e-05 3.41869e-05
0.130093 6.88507e-05 -1.26392e-05
0.13046 -9.05685e-05 2.10588e-05
0.130828 8.185e-05 0.000107011
0.131195 6.61198e-05 -0.000116031
0.131563 -5.05579e-05 2.12786e-05
0.13193 2.22362e-05 2.354e-05
0.132298 5.69875e-05 4.39163e-05
0.132665 -7.65831e-06 -4.77253e-05
0.133033 -2.63855e-05 7.07384e-05
0.1334 -1.67663e-05 5.40326e-06
0.133768 1.2412e-05 1.74647e-05
0.134135 -5.40821e-05 -2.13097e-05
0.134503 -3.71641e-05 -1.52263e-06
0.13487 -2.22854e-05 6.00204e-05
0.135238 1.77256e-05 3.43403e-05
0.135605 4.98047e-05 -9.01036e-06
0.135973 -2.55495e-05 2.32547e-05
0.13634 -1.41667e-05 2.77364e-05
0.136707 -4.26956e-05 2.26561e-06
0.137075 3.71141e-05 -3.76075e-06
0.137442 -0.000135229 1.31902e-05
0.13781 3.28023e-05 2.47284e-05
0.138177 -8.34354e-05 -9.46805e-06
0.138545 7.26014e-05 0.000106529
0.138912 0.000128676 -3.91313e-05
0.13928 -4.05298e-05 -8.70756e-05
0.139647 -6.82872e-05 2.92629e-05
0.140015 2.2012e-05 4.85635e-05
0.140382 -3.4035e-05 2.85615e-06
0.14075 2.77879e-06 9.05867e-06
0.141117 1.15595e-05 -1.65537e-05
0.141485 -1.70793e-05 6.25002e-05
0.141852 8.92251e-06 -1.58678e-05
0.14222 3.68376e-05 -2.34956e-05
0.142587 -3.91519e-05 -8.63447e-05
0.142955 5.8959e-05 -0.00013689
0.143322 -2.50188e-05 1.43606e-05
0.14369 6.91603e-05 -9.38061e-05
0.144057 -7.27733e-05 3.20532e-05
0.144425 2.15407e-05 -7.30062e-05
0.144792 -7.69632e-05 9.24466e-05
0.14516 0.000121482 -0.000110204
0.145527 -0.000153284 -6.32695e-05
0.145895 9.91257e-06 0.000129531
0.146262 1.78452e-06 -4.29774e-05
0.14663 -2.20888e-05 5.22236e-05
0.146997 -6.08315e-05 3.32841e-05
0.147365 8.77487e-05 3.07784e-05
0.147732 -3.08202e-05 -6.28601e-05
0.1481 2.006e-05 -3.57142e-05
0.148467 -5.90203e-05 2.85645e-05
0.148835 6.30467e-05 -6.25808e-05
0.149202 6.24735e-05 3.49709e-05
0.14957 -1.50217e-05 -7.50351e-05
0.149937 9.14923e-06 -6.39513e-05
0.150305 -9.19729e-05 3.49741e-05
0.150672 -3.24844e-05 3.64656e-05
0.15104 -1.64147e-05 -2.46927e-05
0.151407 4.10757e-05 -1.64869e-05
0.151775 -7.70399e-05 1.61364e-05
0.152142 8.92791e-05 -7.16975e-05
0.15251 -6.39268e-05 -1.20464e-05
0.152877 8.38228e-05 -1.92333e-06
0.153245 -0.000108122 -9.81272e-05
0.153612 -0.000138756 0.000107014
0.15398 1.04086e-05 0.000117907
0.154347 7.09512e-05 -1.51813e-05
0.154715 -4.03934e-05 -1.00536e-05
0.155082 -1.8188e-05 -1.16728e-05
0.15545 9.63404e-06 -4.44308e-05
0.155817 -5.26399e-05 5.37714e-05
0.156185 -3.91105e-05 -1.70266e-05
0.156552 1.44053e-05 2.46256e-05
0.15692 -6.67555e-05 2.34598e-06
0.157287 5.68639e-05 -6.59347e-05
0.157655 0.000113413 0.000135673
0.158022 9.31874e-06 -4.22805e-05
0.15839 -5.08808e-06 7.48357e-05
0.158757 1.71253e-05 4.32475e-06
0.159125 7.05587e-05 6.58275e-05
0.159492 3.43462e-05 -0.000173064
0.15986 -5.67478e-05 0.000116879
0.160227 0.000139464 8.18743e-05
0.160595 1.7622e-05 -0.000138375
0.160962 3.23868e-05 2.66359e-05
0.16133 -6.04839e-05 -6.24586e-05
0.161697 -2.63207e-05 -5.40205e-05
0.162065 -0.000142757 9.93019e-06
0.162432 3.12229e-05 4.84443e-05
0.1628 -4.25484e-06 4.18209e-05
0.163167 2.01575e-05 -7.11541e-05
0.163535 5.49251e-05 4.21476e-05
0.163902 -0.000153748 2.41335e-05
0.164269 8.63806e-05 -1.1555e-05
0.164637 -3.51839e-05 5.24351e-05
0.165004 7.02158e-05 -8.23615e-05
0.165372 5.41049e-05 -0.000102061
0.165739 2.67179e-06 -0.000106577
0.166107 -4.93321e-05 2.144e-05
0.166474 0.000106763 -0.000127791
0.166842 -9.37017e-05 7.28772e-05
0.167209 0.000126928 -3.62438e-05
0.167577 -2.67262e-05 -5.89825e-06
0.167944 0.000135084 -9.509e-07
0.168312 0.000108304 -0.000104066
0.168679 -3.41477e-05 -0.000144063
0.169047 -7.07396e-05 1.93229e-05
0.169414 -1.26532e-05 4.60872e-06
0.169782 4.90827e-05 -6.5946e-05
0.170149 4.95131e-06 7.99942e-05
0.170517 -1.65213e-05 -6.81611e-05
0.170884 1.73066e-05 -1.16142e-05
0.171252 -9.40376e-05 -4.81138e-05
0.171619 9.19901e-05 -7.83471e-05
0.171987 0.000102845 7.00081e-05
0.172354 -5.4069e-05 -1.51224e-05
0.172722 -7.62227e-05 4.10212e-05
0.173089 -4.81769e-05 -2.26901e-05
0.173457 -5.73811e-05 5.36581e-05
0.173824 -8.54025e-05 -3.85583e-05
0.174192 3.5878e-05 0.000200762
0.174559 9.09091e-05 7.84028e-06
0.174927 -0.000162706 -8.71832e-05
0.175294 -4.96663e-05 0.000219439
0.175662 2.54817e-05 9.55892e-05
0.176029 7.54665e-05 -5.70766e-05
0.176397 -6.72757e-05 1.10244e-05
0.176764 0.00025623 -8.92603e-05
0.177132 -2.62482e-05 -0.000105121
0.177499 1.06163e-05 -0.000111369
0.177867 3.94433e-05 9.51767e-05
0.178234 -6.87696e-05 8.37305e-06
0.178602 0.000211866 -0.00010216
0.178969 -8.97511e-05 -7.42304e-06
0.179337 -5.1139e-06 -1.76865e-05
0.179704 5.58578e-05 0.000156364
0.180072 -1.28312e-06 8.7944e-05
0.180439 0.00013835 0.000112858
0.180807 -1.89908e-05 -0.000115119
0.181174 3.15542e-05 0.000311376
0.181542 0.00010935 -0.000118915
0.181909 -2.37302e-05 0.000146965
0.182277 -2.70211e-05 4.50515e-05
0.182644 2.48755e-05 0.000122241
0.183012 -0.000195241 9.72766e-05
0.183379 0.000125808 0.000187762
0.183747 -9.53793e-06 6.50306e-05
0.184114 0.000138854 -7.30437e-05
0.184482 -1.25284e-05 4.37516e-05
0.184849 -9.35318e-05 -0.000119782
0.185217 -1.65892e-05 6.91725e-05
0.185584 4.5822e-05 -5.37692e-05
0.185952 9.16772e-05 -0.000191332
0.186319 2.6644e-05 7.7939e-05
0.186687 -0.000155394 0.000142869
0.187054 2.0522e-05 2.74422e-05
0.187422 -5.94203e-05 -2.76969e-05
0.187789 0.000143809 -0.000128054
0.188157 -3.71959e-05 -0.000140226
0.188524 -6.99659e-06 3.84501e-06
0.188892 -8.81752e-05 -8.74813e-05
0.189259 -0.000304891 7.4714e-05
0.189627 0.000164924 6.79953e-05
0.189994 -3.59939e-05 -0.000181587
0.190362 -0.000160644 -0.000188403
0.190729 -8.3674e-05 9.39975e-05
0.191096 6.44272e-05 -4.55645e-05
0.191464 -8.64481e-05 0.000118216
0.191831 -1.52251e-05 0.00010559
0.192199 0.000165234 0.000187661
0.192566 -0.000115439 3.38071e-05
0.192934 0.000201416 -7.85009e-05
0.193301 -0.000140021 0.000127523
0.193669 2.74768e-05 -2.35609e-05
0.194036 6.12892e-05 -2.3355e-05
0.194404 -0.000164224 -8.3875e-05
0.194771 -2.44761e-05 -0.000226395
0.195139 -0.000229334 7.50982e-05
0.195506 0.000106391 7.92691e-05
0.195874 -0.000216296 -0.000231852
0.196241 -2.67933e-06 0.000155045
0.196609 -0.000202403 -0.000145827
0.196976 -3.26479e-05 0.000120475
0.197344 -0.000163168 2.67756e-06
0.197711 0.000159334 -0.000249083
0.198079 -0.000210712 -2.39617e-05
0.198446 -9.85915e-05 -0.000253956
0.198814 -0.00014506 0.000250419
0.199181 -1.09452e-05 1.28131e-05
0.199549 0.000201801 2.7544e-05
0.199916 1.52846e-05 -1.36029e-05
0.200284 2.91675e-05 -1.82442e-05
0.200651 4.24097e-05 0.000135144
0.201019 0.000100743 4.81324e-05
0.201386 -0.000119376 -0.000297897
0.201754 -0.000134775 -2.45121e-05
0.202121 6.39219e-05 -0.000161724
0.202489 -4.27227e-05 7.17932e-06
0.202856 0.000140129 0.000192212
0.203224 -5.74012e-06 -0.000119943
0.203591 2.11339e-05 0.000207605
0.203959 0.000308383 -0.000400402
0.204326 -0.000136951 -2.40021e-05
0.204694 -6.96391e-05 8.22497e-06
0.205061 0.000288727 0.000151831
0.205429 0.000205133 -5.82977e-05
0.205796 -5.25694e-05 3.1577e-07
0.206164 0.000148217 -6.9553e-05
0.206531 3.44312e-06 -3.7431e-05
0.206899 -0.00024469 -0.00010126
0.207266 -0.000161842 -0.000150052
0.207634 -0.000216668 0.000195427
0.208001 0.000140498 6.16042e-05
0.208369 0.000117593 -0.000132121
0.208736 2.06382e-05 5.55873e-05
0.209104 2.44792e-05 -0.000144852
0.209471 0.000263309 0.000319566
0.209839 0.000240425 -7.8632e-05
0.210206 -5.65269e-05 -0.000185072
0.210574 0.000219718 4.93206e-05
0.210941 -0.000364216 -0.000108609
0.211309 0.000322756 0.000107761
0.211676 -0.000116931 -0.000157853
0.212044 3.0746e-05 -0.000372879
0.212411 -7.06212e-05 0.000318494
0.212779 0.000132668 -4.94253e-05
0.213146 0.000240578 3.00229e-05
0.213514 -1.79702e-05 -0.000140695
0.213881 -3.34545e-05 -0.000253744
0.214249 -6.8722e-05 9.69247e-05
0.214616 -0.000213701 -0.00013832
0.214984 0.000102865 6.86625e-05
0.215351 -9.84316e-05 -6.60361e-07
0.215719 6.5862e-05 -0.000114391
0.216086 3.01508e-05 0.000179972
0.216454 0.0003227 -0.000321956
0.216821 7.53723e-05 0.000105409
0.217189 0.000185312 -0.000136132
0.217556 -0.000274656 0.000114867
0.217924 0.000172821 8.44282e-05
0.218291 -0.000323237 -0.000412621
0.218658 -6.76347e-05 0.000519527
0.219026 -7.15519e-05 0.000216163
0.219393 0.000310217 -4.90787e-05
0.219761 -0.000366862 3.04767e-05
0.220128 -0.000193621 0.000185766
