0 -0 0
0.000367493 -2.74092e-06 7.47155e-07
0.000734987 3.63029e-06 7.45415e-06
0.00110248 4.10823e-06 -5.13467e-06
0.00146997 -3.08577e-06 2.4387e-07
0.00183747 1.53133e-06 1.02562e-06
0.00220496 3.34626e-07 -6.81957e-07
0.00257245 4.19691e-07 3.37634e-07
0.00293995 9.88625e-07 1.44278e-07
0.00330744 1.18353e-06 2.01832e-07
0.00367493 1.60228e-06 3.20628e-07
0.00404243 2.29706e-06 8.7409e-07
0.00440992 4.20617e-06 -7.09152e-07
0.00477741 -4.67846e-06 3.05852e-06
0.00514491 4.50728e-05 2.30312e-05
0.0055124 -6.75513e-05 -0.00018845
0.00587989 -0.000244855 0.000882063
0.00624739 0.00303547 -0.00236926
0.00661488 -0.0147934 0.0071385
0.00698237 0.0805637 -0.00179555
0.00734987 -0.0882629 -0.104328
0.00771736 -0.014031 0.0537341
0.00808485 2.68346e-05 0.000362254
0.00845234 0.00241096 0.00112145
0.00881984 -0.000197238 -0.00044564
0.00918733 2.23074e-05 7.58647e-05
0.00955482 9.30769e-06 -1.04593e-05
0.00992232 1.74698e-06 3.25363e-06
0.0102898 3.51313e-06 2.44613e-06
0.0106573 2.7691e-06 1.36082e-06
0.0110248 2.14302e-06 2.9148e-07
0.0113923 -1.7776e-07 1.86885e-06
0.0117598 9.29528e-06 6.8156e-07
0.0121273 -2.03391e-05 -1.95018e-05
0.0124948 1.68485e-05 9.91571e-05
0.0128623 0.000158202 -0.000301118
0.0132298 -0.000960127 0.000509782
0.0135973 0.00327296 8.78076e-05
0.0139647 -0.00777035 -0.00496147
0.0143322 0.0049362 0.0184061
0.0146997 0.0132699 -0.018088
0.0150672 -0.0133004 -0.000488981
0.0154347 0.00142814 0.00299598
0.0158022 0.000270258 0.00022136
0.0161697 0.000182849 -0.000175964
0.0165372 -4.96933e-05 -5.21415e-06
0.0169047 4.08109e-06 -1.37005e-06
0.0172722 -1.19037e-06 -2.44894e-06
0.0176397 -7.79971e-07 -2.69048e-06
0.0180072 -7.44901e-07 -2.57647e-06
0.0183747 -4.08913e-07 -2.97295e-06
0.0187422 -1.63578e-06 -3.49167e-06
0.0191096 2.86847e-06 6.23511e-08
0.0194771 -8.75618e-07 -2.29113e-05
0.0198446 -4.08016e-05 3.9445e-05
0.0202121 0.000161639 -2.69123e-05
0.0205796 -0.000358031 -0.000202107
0.0209471 0.000392797 0.000816711
0.0213146 0.000399312 -0.00168215
0.0216821 -0.00206545 0.00127755
0.0220496 0.00219043 0.00067207
0.0224171 -0.000478082 -0.00123272
0.0227846 -0.000189135 0.000326014
0.0231521 2.80363e-05 -2.05963e-05
0.0235196 2.57075e-05 -1.56849e-05
0.0238871 -2.31273e-06 -1.72906e-05
0.0242546 2.02405e-05 -1.96901e-06
0.024622 1.58979e-05 -1.55011e-06
0.0249895 1.29904e-05 3.15306e-06
0.025357 9.11039e-06 3.59735e-06
0.0257245 8.60225e-06 4.44187e-06
0.026092 5.85399e-06 -1.36927e-06
0.0264595 -2.20176e-06 6.29546e-06
0.026827 1.69286e-05 2.55212e-06
0.0271945 -1.63099e-05 -9.12808e-06
0.027562 4.83924e-05 2.74236e-05
0.0279295 -6.32844e-05 -0.000144979
0.028297 -0.00011929 0.000272942
0.0286645 0.000313094 -0.000173651
0.029032 -0.000472856 0.000146073
0.0293995 0.000791051 0.000422526
0.029767 0.000200835 -0.000885245
0.0301344 -0.000461501 -6.43442e-05
0.0305019 -3.90816e-05 0.000149416
0.0308694 4.86113e-05 4.14455e-05
0.0312369 1.62089e-05 -1.00888e-05
0.0316044 -1.10223e-06 7.36422e-06
0.0319719 5.5059e-06 7.47568e-06
0.0323394 3.44085e-06 5.4522e-06
0.0327069 3.53091e-06 5.26654e-06
0.0330744 4.55543e-07 3.65368e-06
0.0334419 2.49394e-06 8.85437e-06
0.0338094 5.49099e-06 -1.2113e-06
0.0341769 -1.08283e-05 1.00819e-05
0.0345444 2.77029e-05 1.29115e-05
0.0349119 -1.82537e-05 -3.75109e-05
0.0352794 -1.77523e-05 6.96564e-05
0.0356468 8.12541e-05 -4.50451e-05
0.0360143 -0.000107755 -1.98168e-05
0.0363818 6.22998e-05 0.000103546
0.0367493 3.85653e-05 -8.93394e-05
0.0371168 -6.1915e-05 1.26453e-05
0.0374843 1.69714e-05 2.88986e-05
0.0378518 1.07045e-05 -4.22813e-06
0.0382193 -3.16174e-06 -2.73644e-06
0.0385868 -1.22881e-06 6.75573e-06
0.0389543 4.87375e-06 1.5435e-06
0.0393218 -1.11504e-06 -4.29737e-07
0.0396893 4.35518e-07 2.00115e-06
0.0400568 -3.05858e-07 -3.88494e-07
0.0404243 -9.84339e-07 3.81781e-06
0.0407918 4.22976e-06 1.21303e-06
0.0411592 7.92905e-08 -3.79074e-06
0.0415267 -2.5508e-06 1.45096e-06
0.0418942 1.1915e-06 2.85785e-06
0.0422617 1.7913e-06 1.8406e-06
0.0426292 5.97645e-06 -2.48127e-06
0.0429967 -9.55623e-06 -6.12862e-06
0.0433642 1.00654e-06 2.2658e-05
0.0437317 2.75629e-05 -1.8327e-05
0.0440992 -3.55668e-05 -1.77801e-05
0.0444667 -2.04538e-06 4.05937e-05
0.0448342 2.74097e-05 -4.11581e-06
0.0452017 -4.77657e-06 -5.39178e-06
0.0455692 6.19518e-06 7.35281e-06
0.0459367 3.24547e-06 -5.4494e-06
0.0463042 -5.92698e-06 2.90659e-06
0.0466716 3.66085e-06 5.5902e-06
0.0470391 1.01853e-06 -1.48442e-07
0.0474066 4.13306e-07 3.97134e-06
0.0477741 3.10753e-06 -7.03972e-07
0.0481416 -2.88747e-06 7.53278e-07
0.0485091 2.17086e-07 5.58098e-06
0.0488766 1.93249e-06 2.45027e-06
0.0492441 2.52149e-06 1.65187e-06
0.0496116 -1.17218e-06 -1.10617e-06
0.0499791 -4.93814e-06 7.04587e-06
0.0503466 6.4981e-06 4.99686e-06
0.0507141 -2.08925e-06 -3.79579e-06
0.0510816 -3.16675e-06 1.08759e-05
0.0514491 1.03677e-05 -8.16073e-07
0.0518165 -1.07399e-05 -8.06608e-06
0.052184 -4.64248e-06 1.97434e-05
0.0525515 2.11514e-05 4.54314e-07
0.052919 -7.7167e-06 -1.70703e-05
0.0532865 -8.99345e-06 1.41015e-05
0.053654 1.6059e-05 4.39156e-06
0.0540215 9.268e-07 -7.63344e-06
0.054389 2.94318e-06 1.99314e-06
0.0547565 3.62414e-06 -6.34477e-06
0.055124 -3.40741e-06 4.55779e-06
0.0554915 1.19007e-05 3.17863e-06
0.055859 4.08739e-06 -1.04223e-05
0.0562265 -1.70178e-06 -7.41986e-07
0.056594 4.84471e-07 -2.42723e-06
0.0569615 -1.85311e-06 3.17426e-06
0.0573289 1.11793e-05 -3.07987e-06
0.0576964 -7.79337e-06 -1.35449e-05
0.0580639 -6.78817e-06 1.17473e-05
0.0584314 1.47389e-05 -8.87704e-06
0.0587989 -2.11517e-05 -1.18697e-05
0.0591664 1.88946e-08 2.71982e-05
0.0595339 2.50635e-05 -1.93681e-05
0.0599014 -3.27088e-05 -1.8237e-05
0.0602689 -5.7136e-06 3.59616e-05
0.0606364 2.49739e-05 -7.51304e-06
0.0610039 -1.70082e-05 -1.21961e-05
0.0613714 -6.33144e-07 1.37895e-05
0.0617389 -1.33872e-06 -5.98337e-06
0.0621064 -1.13534e-05 1.33983e-05
0.0624739 1.72261e-05 3.97839e-06
0.0628413 -5.6038e-06 -1.56577e-05
0.0632088 -1.23631e-05 9.02159e-06
0.0635763 2.06494e-06 2.07503e-06
0.0639438 -9.39555e-07 3.11975e-06
0.0643113 1.01455e-05 -5.5128e-06
0.0646788 -1.67953e-05 -1.3801e-05
0.0650463 -6.28822e-06 1.86407e-05
0.0654138 1.71139e-05 -1.24972e-05
0.0657813 -2.82205e-05 -6.53434e-06
0.0661488 1.03848e-05 2.90394e-05
0.0665163 1.67753e-05 -3.47423e-05
0.0668838 -5.02561e-05 2.6468e-06
0.0672513 1.86952e-05 4.80395e-05
0.0676188 2.47631e-05 -3.31867e-05
0.0679863 -3.89799e-05 7.528e-07
0.0683537 1.34959e-05 3.13172e-05
0.0687212 4.35436e-06 -1.37577e-05
0.0690887 -9.70589e-06 2.09697e-05
0.0694562 2.81073e-05 5.06947e-06
0.0698237 -9.26453e-06 -1.27487e-05
0.0701912 -3.66457e-07 2.21274e-05
0.0705587 1.93457e-05 2.65827e-07
0.0709262 4.14119e-06 6.31209e-06
0.0712937 2.13353e-05 -3.72337e-06
0.0716612 -1.10396e-05 -1.61737e-05
0.0720287 2.69186e-06 2.67828e-05
0.0723962 2.90024e-05 -1.32261e-05
0.0727637 -2.08248e-05 -1.29914e-05
0.0731312 1.58266e-05 1.4208e-05
0.0734987 2.19395e-07 -3.683e-05
0.0738661 -4.06237e-05 2.31282e-05
0.0742336 4.6275e-05 1.68555e-05
0.0746011 -9.20579e-06 -6.40947e-05
0.0749686 -5.46232e-05 3.01706e-05
0.0753361 3.86651e-05 2.1669e-05
0.0757036 -1.02331e-05 -4.03316e-05
0.0760711 -1.91835e-05 2.54933e-05
0.0764386 2.20443e-05 -6.57343e-06
0.0768061 -2.87411e-05 -7.02066e-06
0.0771736 1.19739e-05 2.94387e-05
0.0775411 1.34514e-05 -1.99005e-05
0.0779086 -1.84756e-05 1.18853e-05
0.0782761 2.54656e-05 1.92697e-06
0.0786436 -1.78027e-05 -2.08487e-05
0.0790111 -2.88796e-06 3.61146e-05
0.0793785 3.66803e-05 -1.71434e-05
0.079746 -2.07811e-05 -2.36151e-05
0.0801135 4.04254e-06 1.11716e-05
0.080481 -8.01126e-06 -1.67245e-05
0.0808485 -1.09954e-06 3.04759e-05
0.081216 5.64991e-05 -2.96776e-05
0.0815835 -5.68818e-05 -5.08159e-05
0.081951 -2.26548e-05 7.7161e-05
0.0823185 7.73473e-05 -1.49292e-05
0.082686 -3.98304e-05 -4.41496e-05
0.0830535 -6.6124e-06 5.32567e-05
0.083421 2.53566e-05 -2.40491e-05
0.0837885 -4.21154e-05 1.74626e-05
0.084156 4.57078e-05 4.16978e-05
0.0845234 1.18219e-06 -4.92098e-05
0.0848909 -4.41774e-05 3.29681e-05
0.0852584 4.44686e-05 1.66892e-05
0.0856259 -2.08575e-05 -2.75877e-05
0.0859934 -3.91062e-06 4.12533e-05
0.0863609 4.24753e-05 -2.93976e-05
0.0867284 -3.33658e-05 -2.58444e-05
0.0870959 8.09968e-07 2.29276e-05
0.0874634 7.41474e-06 -1.00609e-05
0.0878309 2.5204e-05 9.43334e-06
0.0881984 2.91244e-05 -6.30993e-05
0.0885659 -8.43703e-05 -1.19601e-05
0.0889334 3.9542e-05 8.51656e-05
0.0893009 7.31491e-05 -8.31905e-05
0.0896684 -9.23602e-05 -2.74602e-05
0.0900358 2.86235e-05 6.1958e-05
0.0904033 1.48981e-05 -7.54776e-05
0.0907708 -7.15677e-05 3.43112e-05
0.0911383 7.59075e-05 2.00792e-05
0.0915058 -3.04365e-05 -0.000106931
0.0918733 -7.44713e-05 5.13404e-05
0.0922408 6.26018e-05 1.09855e-05
0.0926083 -3.31286e-05 -5.87346e-05
0.0929758 -1.00982e-05 3.04224e-05
0.0933433 2.34484e-05 -4.17782e-05
0.0937108 -6.3125e-05 2.43208e-07
0.0940783 1.95204e-05 4.43422e-05
0.0944458 1.36408e-05 -2.4967e-05
0.0948133 -1.30557e-05 1.61958e-05
0.0951808 -1.0473e-05 -1.57041e-05
0.0955482 -6.70899e-05 4.56292e-05
0.0959157 6.86722e-05 7.52054e-05
0.0962832 8.96004e-06 -8.51327e-05
0.0966507 -0.000117201 5.80337e-05
0.0970182 8.06668e-05 7.9891e-05
0.0973857 -1.30493e-05 -8.43028e-05
0.0977532 -7.89668e-05 9.36824e-05
0.0981207 0.000113923 1.84881e-05
0.0984882 -5.7134e-05 -0.000103191
0.0988557 -6.00532e-05 0.000110443
0.0992232 0.000107824 6.95773e-06
0.0995907 -3.04878e-05 -6.46208e-05
0.0999582 3.67687e-06 4.47364e-05
0.100326 1.90316e-05 -3.74587e-05
0.100693 -4.63247e-05 3.85225e-05
0.101061 8.7059e-05 3.68025e-05
0.101428 4.97851e-06 -8.01014e-05
0.101796 -6.27832e-05 3.54992e-05
0.102163 3.34034e-05 3.49571e-05
0.102531 1.18013e-05 8.71719e-06
0.102898 4.43438e-05 9.2005e-07
0.103266 -3.53768e-05 -6.09295e-05
0.103633 -4.16813e-05 8.42315e-05
0.104001 0.000125824 1.19501e-05
0.104368 -3.42561e-05 -9.8279e-05
0.104736 -1.99303e-05 8.77223e-05
0.105103 0.000137584 -4.23014e-05
0.105471 -6.49746e-05 -7.85165e-05
0.105838 2.31702e-05 0.000109956
0.106206 0.000137961 -7.49507e-05
0.106573 -4.94739e-05 -7.05356e-05
0.106941 2.97956e-05 4.63366e-05
0.107308 2.39548e-05 -6.49421e-05
0.107676 -2.61424e-05 3.14228e-05
0.108043 0.000104511 -2.1335e-05
0.108411 -6.52698e-05 -0.000135913
0.108778 -0.000116456 6.52437e-05
0.109145 7.37762e-05 4.09522e-05
0.109513 4.98278e-06 -9.70923e-05
0.10988 -9.23871e-05 -5.20516e-05
0.110248 -8.68227e-05 1.95969e-05
0.110615 3.29293e-06 5.35575e-05
0.110983 2.00984e-05 -6.60022e-05
0.11135 -0.000109115 -3.2019e-05
0.111718 2.73835e-06 6.84937e-05
0.112085 8.65761e-06 -6.72686e-05
0.112453 -0.00011365 4.52786e-05
0.11282 9.41428e-05 8.98783e-05
0.113188 2.93176e-05 -0.000122349
0.113555 -0.000136184 4.60218e-05
0.113923 6.59252e-05 9.56131e-05
0.11429 1.95136e-05 -6.25974e-05
0.114658 -3.69009e-05 5.60977e-05
0.115025 6.78917e-05 -1.53929e-05
0.115393 -8.48067e-05 -7.97779e-05
0.11576 -5.57355e-05 0.000111043
0.116128 0.000119451 2.5973e-05
0.116495 1.51836e-06 -0.000129366
0.116863 -0.000115519 -1.65803e-05
0.11723 -1.96447e-07 0.000111619
0.117598 0.000109214 -2.99052e-06
0.117965 -4.06504e-05 -8.82226e-05
0.118333 -4.90706e-05 9.5631e-05
0.1187 0.000110746 2.46891e-05
0.119068 -8.3075e-05 -5.00474e-05
0.119435 -2.4275e-05 0.000198147
0.119803 0.000210851 -2.50032e-06
0.12017 -0.000111264 -0.000132789
0.120538 -0.000105865 0.000209075
0.120905 0.000192425 7.04693e-05
0.121273 5.24429e-06 -0.000105063
0.12164 -4.14165e-05 5.08172e-05
0.122008 4.94768e-05 -6.07088e-06
0.122375 -5.98577e-06 -7.70037e-06
0.122743 5.83048e-05 2.22992e-05
0.12311 5.93997e-05 -6.99372e-05
0.123478 2.47236e-06 -8.02034e-05
0.123845 -3.89177e-05 -2.68909e-05
0.124213 2.97579e-05 5.52398e-05
0.12458 0.000119513 -0.000105219
0.124948 -0.000107119 -0.000137817
0.125315 -3.15753e-05 0.000118938
0.125683 0.000121622 -0.000108102
0.12605 -0.000191384 -0.00010258
0.126418 3.41851e-05 0.00019482
0.126785 0.000162558 -0.00019692
0.127153 -0.00030457 -0.000119998
0.12752 -9.3424e-06 0.000269665
0.127888 0.00021196 -0.000103415
0.128255 -0.000144006 -0.0001293
0.128623 -5.8807e-05 7.59241e-05
0.12899 -7.96421e-07 1.26017e-05
0.129358 4.48627e-05 8.38741e-05
0.129725 9.97712e-05 -9.50919e-05
0.130093 -0.00014013 -5.8909e-05
0.13046 2.24367e-05 0.000156643
0.130828 9.0509e-05 -4.67868e-05
0.131195 -6.06476e-05 2.04051e-05
0.131563 8.97933e-05 9.24684e-06
0.13193 -9.52242e-05 -8.38178e-05
0.132298 -5.20686e-05 0.000174788
0.132665 0.000143536 -5.80497e-05
0.133033 -0.000168762 -5.89486e-05
0.1334 4.49446e-05 0.000182388
0.133768 5.78844e-05 -0.000197287
0.134135 -0.000290851 6.22113e-05
0.134503 0.000177436 0.000248939
0.13487 9.33447e-05 -0.000254748
0.135238 -0.00025317 1.93257e-05
0.135605 8.29347e-05 0.000128274
0.135973 -3.527e-05 -3.55714e-05
0.13634 5.89596e-05 0.000143467
0.136707 0.000139883 -0.000213132
0.137075 -0.000304728 -2.30245e-05
0.137442 0.000118865 0.000335128
0.13781 0.000227684 -0.000226647
0.138177 -0.000216366 -6.83543e-05
0.138545 0.000114414 0.000144914
0.138912 1.63379e-05 -0.000167113
0.13928 -0.000103221 0.000108163
0.139647 0.000220561 5.09978e-06
0.140015 -3.30737e-05 -0.000162246
0.140382 -2.6754e-05 5.43659e-05
0.14075 2.05847e-05 -7.02415e-05
0.141117 -3.86995e-05 0.000132477
0.141485 0.000278439 -9.80003e-06
0.141852 -0.000132024 -0.000296121
0.14222 -0.000185131 0.000260605
0.142587 0.000298909 3.10552e-05
0.142955 -0.000151559 -0.000191988
0.143322 7.56517e-06 0.000222893
0.14369 0.00017248 -0.000240105
0.144057 -0.000409759 -1.07986e-05
0.144425 0.000171777 0.000385133
0.144792 0.00023559 -0.000368572
0.14516 -0.000426503 -4.13795e-05
0.145527 0.000107673 0.000302748
0.145895 7.22818e-05 -0.000243041
0.146262 -0.000249895 0.000115715
0.14663 0.000198796 0.000165836
0.146997 -1.2918e-05 -0.000231195
0.147365 -0.000237605 6.8417e-05
0.147732 2.53647e-05 0.000222242
0.1481 0.000177013 7.63623e-05
0.148467 7.79053e-05 -0.000232311
0.148835 -0.000335499 -3.76881e-05
0.149202 8.24519e-05 0.000440362
0.14957 0.000408145 -0.000212953
0.149937 -0.000305899 -0.000265124
0.150305 4.24369e-05 0.000332641
0.150672 0.000305526 -0.000245835
0.15104 -0.000298061 -9.37146e-05
0.151407 0.000256008 0.00026876
0.151775 0.000245641 -0.000432012
0.152142 -0.000391276 -3.06021e-05
0.15251 0.000231935 0.000290169
0.152877 0.000184711 -0.000335535
0.153245 -0.000274224 2.92861e-05
0.153612 0.000187995 0.000172011
0.15398 3.25055e-05 -0.000277054
0.154347 -0.000301694 9.09907e-05
0.154715 0.00012217 0.000296878
0.155082 0.000241959 -0.000177626
0.15545 -0.000238559 -0.000263545
0.155817 -0.000298566 0.000310504
0.156185 0.000357657 0.000277133
0.156552 0.000205207 -0.000449455
0.15692 -0.000427868 -7.57179e-05
0.157287 9.84021e-05 0.000381613
0.157655 0.000264359 -0.000234408
0.158022 -0.000209186 -0.000120962
0.15839 0.000129445 0.000131033
0.158757 3.59929e-05 -0.000297037
0.159125 -0.000323545 1.16973e-05
0.159492 0.000159737 0.00017911
0.15986 8.01205e-05 -0.000306932
0.160227 -0.000365025 -9.32329e-05
0.160595 -7.08486e-05 0.000138267
0.160962 -2.89878e-05 -0.000138394
0.16133 -0.000281001 2.84228e-05
0.161697 1.34287e-05 0.000150702
0.162065 7.28142e-06 -0.000255332
0.162432 -0.000460269 -1.58941e-05
0.1628 -5.08968e-05 0.000486989
0.163167 0.000393823 -6.99372e-05
0.163535 -0.000207386 -0.00030909
0.163902 -0.000254271 0.0003441
0.164269 0.000277599 0.000260439
0.164637 0.000149801 -5.28994e-05
0.165004 5.33802e-05 0.000102951
0.165372 0.000101011 6.11253e-05
0.165739 -1.63163e-06 8.34774e-05
0.166107 9.77804e-05 0.000190884
0.166474 0.000182591 0.000110743
0.166842 0.000136692 -6.83083e-05
0.167209 -0.000108767 -0.000129959
0.167577 -0.000136678 0.000219696
0.167944 0.000238989 0.000148428
0.168312 6.90205e-05 -0.000234892
0.168679 -0.000102732 -4.47786e-05
0.169047 -8.65096e-06 -2.66671e-05
0.169414 -0.000158122 0.000120059
0.169782 0.000295398 0.000212648
0.170149 0.000222935 -0.000413213
0.170517 -0.000440764 1.89281e-05
0.170884 0.000199049 0.00045312
0.171252 0.000290655 -0.000255056
0.171619 -0.000181002 4.79072e-05
0.171987 0.000275633 0.000127746
0.172354 -6.73911e-05 -0.00030776
0.172722 -0.000154222 0.000248453
0.173089 0.000392496 -1.39052e-05
0.173457 -8.38486e-05 -0.00031878
0.173824 2.72888e-05 1.95668e-05
0.174192 7.92036e-05 -0.000373042
0.174559 -0.000318645 3.07535e-05
0.174927 0.000442399 0.000134584
0.175294 0.000184 -0.000732016
0.175662 -0.000507651 -0.000123526
0.176029 0.000113187 0.0002442
0.176397 0.00019088 -0.000173282
0.176764 0.000119547 -0.000175244
0.177132 -0.000192796 -0.000337445
0.177499 -0.000443536 0.00032902
0.177867 0.000476323 0.000274508
0.178234 -7.38101e-05 -0.000560797
0.178602 -0.000577459 0.000359882
0.178969 0.000365796 0.000167838
0.179337 -0.000362186 -0.000402518
0.179704 -0.00028017 0.000619772
0.180072 0.000486324 -0.000136659
0.180439 -0.000568635 -0.000364519
0.180807 -7.30238e-05 0.000582011
0.181174 0.000277178 -0.000263607
0.181542 -0.000525386 0.000109959
0.181909 0.000467551 0.000397272
0.182277 5.35729e-05 -0.000670595
0.182644 -0.000764291 0.000381067
0.183012 0.000505597 0.000609534
0.183379 0.000289895 -0.000473748
0.183747 -0.000360743 -5.32323e-05
0.184114 -0.000170574 0.000178329
0.184482 -1.6838e-05 0.000340651
0.184849 0.00050015 -3.66207e-05
0.185217 -0.000282353 -0.00053179
0.185584 -0.000363063 0.000471226
0.185952 0.000580454 -5.32299e-05
0.186319 -0.000377859 -0.00039009
0.186687 0.000107327 0.000597762
0.187054 0.000653377 -0.000627839
0.187422 -0.000809697 -0.00029986
0.187789 0.000284109 0.000890826
0.188157 0.000677964 -0.000617461
0.188524 -0.000577641 -0.000130146
0.188892 0.000463954 0.000447063
0.189259 1.11782e-05 -0.000608251
0.189627 -0.000545853 0.000534882
0.189994 0.000895349 0.000332275
0.190362 -1.32629e-05 -0.000817362
0.190729 -0.000692122 0.000306252
0.191096 0.000289839 0.000416672
0.191464 0.00024158 -0.000113329
0.191831 4.16037e-05 -0.000186609
0.192199 -0.000344122 -0.000154484
0.192566 -1.91833e-05 0.000353091
0.192934 0.000325478 -0.000255707
0.193301 -0.000479468 -5.44871e-05
0.193669 0.000396902 0.000408687
0.194036 0.000200379 -0.000929056
0.194404 -0.00114014 0.000196221
0.194771 0.000623327 0.000942914
0.195139 0.000502389 -0.00104203
0.195506 -0.00104798 -9.68922e-05
0.195874 0.000186934 0.000590028
0.196241 -9.08205e-05 -0.00044882
0.196609 -0.000384849 0.000438417
0.196976 0.000569428 -9.00588e-05
0.197344 -0.000626895 -0.000656822
0.197711 -0.000549811 0.00074155
0.198079 0.000669366 0.000271178
0.198446 1.61162e-05 -0.000454196
0.198814 -0.000337962 5.20721e-05
0.199181 9.34187e-06 0.000342161
0.199549 0.0004099 0.000218232
0.199916 9.13519e-05 -0.000240691
0.200284 -0.000171736 0.000399375
0.200651 0.000850609 0.000222454
0.201019 -9.10046e-05 -0.000741295
0.201386 -0.000654047 0.000815109
0.201754 0.00131422 0.000519609
0.202121 0.000258167 -0.00123262
0.202489 -0.000906233 0.000320026
0.202856 0.000604926 0.000545973
0.203224 0.00026314 -0.000494093
0.203591 -1.53513e-06 7.8522e-05
0.203959 0.000208434 -0.00038535
0.204326 -0.000605793 -0.00013637
0.204694 0.000182227 0.000616358
0.205061 0.000541664 -0.00035946
0.205429 -0.000413745 -0.000432756
0.205796 -0.00035481 0.000205282
0.206164 5.32391e-05 0.00031126
0.206531 0.000310405 -6.50064e-05
0.206899 -0.000250819 -0.000417438
0.207266 -0.000286409 0.000377758
0.207634 0.000519181 -6.88039e-05
0.208001 -0.000475978 -0.00053295
0.208369 -0.000130093 0.000727767
0.208736 0.00104903 -0.000384134
0.209104 -0.000634643 -0.00100583
0.209471 -0.000483897 0.000652949
0.209839 0.000832617 -7.29269e-05
0.210206 -2.04422e-05 -0.000655804
0.210574 -8.24887e-05 -0.000232343
0.210941 -0.000287102 -0.000463585
0.211309 -0.00027289 0.00037037
0.211676 0.000641136 -7.41877e-05
0.212044 -0.000349157 -0.000822401
0.212411 -0.000590067 0.000214457
0.212779 5.24452e-05 0.000111942
0.213146 -0.000337271 0.000131621
0.213514 0.000148191 0.000215845
0.213881 -0.000202377 -0.000404394
0.214249 -0.000625612 0.00044985
0.214616 0.000132411 0.000431738
0.214984 -0.000191526 0.00011333
0.215351 0.000300406 0.000488259
0.215719 0.000171285 -0.000486793
0.216086 -0.00094068 0.0003795
0.216454 0.000625628 0.00108581
0.216821 0.000667091 -0.000540247
0.217189 -0.000492545 1.88642e-05
0.217556 0.00024046 0.00020461
0.217924 -0.000350575 -7.37727e-05
0.218291 0.000251079 0.000854908
0.218658 0.000832959 -0.000754897
0.219026 -0.00113781 -0.000598934
0.219393 -5.80435e-05 0.00105935
0.219761 0.000623908 -0.000593794
0.220128 -0.000849012 -0.000262608
0.220496 0.000392195 0.000493943
0.220863 0.000151796 -0.000879308
0.221231 -0.000944938 7.34499e-05
0.221598 0.000279987 0.000614267
0.221966 0.00056002 -0.000137183
0.222333 0.000235155 -0.000441591
0.222701 -0.000675757 -0.000387771
0.223068 -0.000246145 0.00120321
0.223436 0.00161944 0.000208635
0.223803 -0.000246911 -0.00123467
0.224171 -0.000713559 0.000823737
0.224538 0.000961199 0.00016636
0.224906 -0.000423742 -0.000276743
0.225273 0.000482921 0.000856062
0.225641 0.000686494 -0.0012561
0.226008 -0.00154993 -5.74696e-05
0.226376 0.000766199 0.00142684
0.226743 0.000851043 -0.00136828
0.227111 -0.00131741 -0.000117698
0.227478 0.000691314 0.000893865
0.227846 0.000251579 -0.00103306
0.228213 -0.00100822 0.000319275
0.228581 0.000583657 0.000839559
0.228948 0.000533706 -0.000394624
0.229316 -0.000427216 -0.000478336
0.229683 -0.000974782 0.000479945
0.230051 0.00048193 0.00145918
0.230418 0.00123969 -0.000894434
0.230786 -0.00164485 -0.000974565
0.231153 -0.000396104 0.00177716
0.231521 0.00134055 -0.000435515
0.231888 -0.00105571 -0.000668097
0.232256 0.000449519 0.000824125
0.232623 0.000463165 -0.00138553
0.232991 -0.00148376 0.00040382
0.233358 0.00147565 0.00104468
0.233726 0.000695586 -0.00189695
0.234093 -0.00125413 0.000270919
0.234461 0.00106082 0.000766345
0.234828 0.000254986 -0.000959129
0.235196 -0.000220563 0.000515993
0.235563 0.000978216 4.22654e-05
0.235931 -6.32496e-05 -0.000643898
0.236298 -0.000251084 7.25269e-05
0.236666 5.3094e-06 0.000407609
0.237033 0.000954144 0.000356375
0.237401 0.000468139 -0.00162602
0.237768 -0.00182623 -0.000197601
0.238136 0.000799979 0.00164643
0.238503 0.0012996 -0.0016991
0.238871 -0.00162952 -0.0006778
0.239238 0.000581744 0.000870041
0.239606 8.00933e-05 -0.00144235
0.239973 -0.00132309 0.000657345
0.240341 0.00141914 0.000421199
0.240708 -0.000492682 -0.0016847
0.241076 -0.00144819 0.000877698
0.241443 0.000571437 0.00035183
0.241811 -0.000705389 -0.000254175
0.242178 2.96029e-05 0.000773038
0.242546 -9.95986e-05 -0.00101587
0.242913 -0.00173471 0.000239877
0.243281 0.000242449 0.00120356
0.243648 0.000274955 -0.000524262
0.244016 -0.000375728 -0.000365528
0.244383 -0.00048442 -0.000704706
0.244751 -0.00115851 0.000744664
0.245118 0.00137032 0.000880136
0.245485 0.000353539 -0.00208235
0.245853 -0.00175031 0.000363622
0.24622 0.00108946 0.00101545
0.246588 -0.000182017 -0.00117752
0.246955 -0.00070792 0.00116071
0.247323 0.00140272 -4.49761e-05
0.24769 -0.00125842 -0.000812935
0.248058 -0.000498032 0.00173136
0.248425 0.000781709 -9.82771e-05
0.248793 -0.000987681 0.000579076
0.24916 0.00107053 0.000980213
0.249528 -0.000449658 -0.00138849
0.249895 -0.00176186 0.00197859
0.250263 0.00226469 0.00171048
0.25063 0.000619421 -0.00169087
0.250998 -0.00112442 0.000586652
0.251365 0.000624758 0.00108257
0.251733 0.000602932 0.000668739
0.2521 0.00161982 0.00012271
0.252468 3.2913e-05 -0.00121718
0.252835 -0.000675694 0.00132713
0.253203 0.00188953 0.000383699
0.25357 -0.000137541 -0.00119424
0.253938 0.00018509 0.00105726
0.254305 0.00121873 -0.00119088
0.254673 -0.00168076 -0.000633268
0.25504 0.000832989 0.0013775
0.255408 0.000886229 -0.00185959
0.255775 -0.00164433 -8.72124e-05
0.256143 0.00131733 0.000143843
0.25651 -0.000805384 -0.0022082
0.256878 -0.0013572 0.0017832
0.257245 0.00282186 -0.000171722
0.257613 -0.000889647 -0.00306432
0.25798 -0.00174091 0.00145225
0.258348 0.00179318 0.000713275
0.258715 0.000430618 -0.0011821
0.259083 0.000131858 -0.000330802
0.25945 -0.000349032 -0.000493693
0.259818 -0.000108929 0.000950742
0.260185 0.00143876 -0.00043703
0.260553 -0.000674178 -0.00094612
0.26092 0.000259535 0.000747807
0.261288 0.000418876 -0.00155412
0.261655 -0.00185769 0.000316151
0.262023 0.00157472 0.00126487
0.26239 0.000307811 -0.00270108
0.262758 -0.00246455 0.000290857
0.263125 0.00103236 0.000984627
0.263493 -0.000740088 -0.00138013
0.26386 -0.000918758 0.00143444
0.264228 0.00151173 -0.000869591
0.264595 -0.00261334 -0.0012958
0.264963 -0.00106314 0.00303817
0.26533 0.00207662 -0.000221111
0.265698 -0.00139476 -0.00134301
0.266065 -0.00109066 0.00137676
0.266433 -2.31368e-05 0.000424159
0.2668 -0.000242108 0.000570636
0.267168 0.00055725 -5.07833e-06
0.267535 -0.000660151 -0.000206008
0.267903 0.000125059 0.000578882
0.26827 3.38103e-06 -0.000745933
0.268638 -0.000756192 0.00107134
0.269005 0.00211922 0.000443606
0.269373 -9.53301e-05 -0.0025906
0.26974 -0.00189064 0.000899375
0.270108 0.00161774 0.00121172
0.270475 0.000591466 -0.00118778
0.270843 0.000103135 -6.87215e-06
0.27121 0.000189021 -0.00112271
0.271578 -0.00183329 0.000606235
0.271945 0.00161614 0.00203807
0.272313 0.00163513 -0.00222746
0.27268 -0.00245206 -0.000569204
0.273047 8.52565e-05 0.00209413
0.273415 0.00117785 -0.000457155
0.273782 -0.000496642 -7.24291e-05
0.27415 0.000278225 0.000456789
0.274517 -2.19431e-05 -0.000307756
0.274885 -0.000223012 0.000298754
0.275252 -3.93806e-05 0.000578133
0.27562 0.000450659 0.000780371
0.275987 0.000927319 -0.000677001
0.276355 -0.00114132 -0.00074086
0.276722 -0.000766931 0.00162669
0.27709 0.00105281 0.000485442
0.277457 0.000185417 -0.000726334
0.277825 -0.000220232 -0.000595678
0.278192 -0.00153297 -0.000341724
0.27856 -0.000573192 0.00192712
0.278927 0.00249736 -0.000283374
0.279295 -0.000921527 -0.00280433
0.279662 -0.00241937 0.00131714
0.28003 0.00166563 0.00137229
0.280397 0.000776312 -0.00160027
0.280765 -0.000962536 -1.026e-05
0.281132 0.000496754 0.000521861
0.2815 0.000286319 -0.000557415
0.281867 -0.000541457 0.000274794
0.282235 0.00057084 0.00102891
0.282602 0.00143922 -0.000701839
0.28297 -0.000867052 -0.00132693
0.283337 -0.00100066 0.0015955
0.283705 0.00194893 0.000663756
0.284072 0.000323493 -0.00156582
0.28444 -0.000457979 0.000499962
0.284807 0.000772051 -0.000349137
0.285175 -0.00107444 -7.64048e-05
0.285542 0.00144362 0.00199611
0.28591 0.00230396 -0.00195704
0.286277 -0.00251124 -0.00114991
0.286645 9.96124e-05 0.00293756
0.287012 0.00275426 -0.000397473
0.28738 -0.000652518 -0.00126549
0.287747 -0.000398604 0.000800535
0.288115 0.00060043 -0.000121577
0.288482 -0.000208622 -0.000200775
0.28885 -0.00029907 0.000267634
0.289217 0.000561635 4.77579e-05
0.289585 0.000521579 -0.00199397
0.289952 -0.00274054 -0.00115143
0.29032 -0.000375308 0.00260121
0.290687 0.00309609 -0.00189713
0.291055 -0.00257212 -0.00358573
0.291422 -0.00201479 0.00207638
0.29179 0.00176207 -0.000525036
0.292157 -0.00144572 -0.001256
0.292525 0.000588501 0.00107233
0.292892 0.000111655 -0.00251598
0.29326 -0.00333584 0.000915396
0.293627 0.0019224 0.00275603
0.293995 0.000997378 -0.00243326
0.294362 -0.00256487 0.000379422
0.29473 0.000926933 0.00142944
0.295097 -0.000256239 -0.000825197
0.295465 -0.000722591 0.00129592
0.295832 0.00134131 6.26513e-05
0.2962 0.000132079 -0.000843891
0.296567 -0.000215993 -0.000445353
0.296935 -0.00145188 0.000363449
0.297302 0.00153183 0.00251441
0.29767 0.00329562 -0.00261363
0.298037 -0.0038518 -0.00227269
0.298405 -0.00101933 0.00451473
0.298772 0.00371088 -0.000360907
0.29914 -0.0016581 -0.00156066
0.299507 -0.000444621 0.00182164
0.299875 -0.000583664 -0.000907182
0.300242 -0.00222845 0.00255005
0.300609 0.0027734 0.00163595
0.300977 -0.00119952 -0.00288001
0.301344 -0.00280449 0.00259506
0.301712 0.00241528 0.00108572
0.302079 -0.00129711 -0.00145535
0.302447 -0.000112189 0.00252266
0.302814 0.00280789 -0.0012835
0.303182 -0.00154208 -0.00156379
0.303549 0.000256797 0.00171878
0.303917 0.00179634 -0.000334587
0.304284 0.00143613 -0.000128222
0.304652 0.00159935 -0.00228771
0.305019 -0.00256025 -0.00116473
0.305387 0.0010629 0.00321281
0.305754 0.00366956 -0.0023157
0.306122 -0.00239625 -0.00267884
0.306489 -0.000593014 0.00122483
0.306857 0.000253628 -0.00107163
0.307224 -0.000941897 0.000921813
0.307592 0.00200318 -0.000944577
0.307959 -0.00230726 -0.00288494
0.308327 -0.00161094 0.00294669
0.308694 0.0026541 -0.000276625
0.309062 -0.00203541 -0.00145792
0.309429 0.000685655 0.00274639
0.309797 0.00201154 -0.00204627
0.310164 -0.0035934 0.000275231
0.310532 0.0016223 0.00418592
0.310899 0.0030602 -0.00179675
0.311267 -0.00208353 -0.000798748
0.311634 -0.000432906 0.00176765
0.312002 0.000108928 0.000631916
0.312369 0.00090414 0.00105282
0.312737 0.000745052 -0.00172038
0.313104 -0.00264211 -0.000706381
0.313472 -0.000310819 0.00175139
0.313839 0.000571458 -0.000679412
0.314207 -0.000626414 -0.000338261
0.314574 0.000267099 -0.00115844
0.314942 -0.00213464 -0.000843874
0.315309 -0.000215715 0.00212344
0.315677 0.00173487 -0.00117237
0.316044 -0.00144342 -0.000615604
0.316412 0.00113941 0.00137092
0.316779 6.8119e-05 -0.00216408
0.317147 -0.00254424 0.002161
0.317514 0.00422839 0.00299098
0.317882 0.00200845 -0.0043359
0.318249 -0.00439438 -0.000110237
0.318617 0.0013597 0.00424647
0.318984 0.00381597 -0.000980578
0.319352 -0.000295826 -0.00218215
0.319719 -0.000755456 -0.000130149
0.320087 0.000391404 0.000428154
0.320454 0.00118897 0.000292226
0.320822 0.00128339 -0.000862536
0.321189 0.000483075 -0.00161215
0.321557 -0.000600708 -0.00079825
0.321924 -0.000136109 0.00101919
0.322292 0.00157578 2.64352e-05
0.322659 6.07322e-05 -0.0014229
0.323027 -0.000556136 0.000467494
0.323394 0.000445127 -0.000563066
0.323762 -0.00230324 -0.000649359
0.324129 -0.000522512 0.00301133
0.324497 0.00314591 -0.000936763
0.324864 -0.00270543 -0.00438545
0.325232 -0.0049116 0.00236923
0.325599 0.00233217 0.00335949
0.325967 0.00215267 -0.00379401
0.326334 -0.00403524 -0.00281898
0.326702 -0.00200195 0.00246938
0.327069 0.00160722 0.000209968
0.327436 -0.000827704 -0.00150745
0.327804 -0.000199911 0.000388767
0.328171 0.000245949 -0.00152308
0.328539 -0.00301004 0.000312788
0.328906 0.000772341 0.00304086
0.329274 0.00220558 -0.00183977
0.329641 -0.00265362 -0.000624689
0.330009 8.90869e-05 0.0024594
0.330376 0.000510209 -0.0013007
0.330744 -0.00208079 0.00154724
0.331111 0.00284098 0.00246895
0.331479 0.00117142 -0.00343368
0.331846 -0.00384308 4.63045e-05
0.332214 0.00081859 0.00434256
0.332581 0.0040184 0.000117342
0.332949 0.000305854 -0.00297731
0.333316 -0.0028622 0.000554525
0.333684 0.00102178 0.00417186
0.334051 0.00352986 -0.000606074
0.334419 -0.00172149 -0.00134842
0.334786 0.000287336 0.00303648
0.335154 0.00174417 -0.00127472
0.335521 -0.00348416 0.000907466
0.335889 0.00257393 0.00449939
0.336256 0.00280419 -0.00365504
0.336624 -0.00486237 -0.000313647
0.336991 0.00136418 0.00403589
0.337359 0.00184893 -0.00204568
0.337726 -0.00143688 0.00112954
0.338094 0.00334141 -0.000325717
0.338461 -0.00173618 -0.0039514
0.338829 -0.00197408 0.00377794
0.339196 0.00546405 0.000641557
0.339564 0.000725024 -0.00512565
0.339931 -0.00206823 -0.000649438
0.340299 0.000281742 0.00100701
0.340666 0.00193529 0.000423961
0.341034 0.00229799 -0.00348326
0.341401 -0.00295233 -0.0025878
0.341769 8.99731e-05 0.0025312
0.342136 0.00216703 -0.00332658
0.342504 -0.00395586 -0.00119119
0.342871 0.00256561 0.00297986
0.343239 0.00169665 -0.0057298
0.343606 -0.00650607 -0.000144245
0.343974 0.00214984 0.00481194
0.344341 0.00240335 -0.00292919
0.344709 -0.00225096 0.000151844
0.345076 0.000849579 -0.000105687
0.345444 -0.00352671 0.000243982
0.345811 0.00131399 0.00618013
0.346179 0.00526089 -0.0029143
0.346546 -0.00518797 -0.00302146
0.346914 -0.00170288 0.00574392
0.347281 0.00309955 0.000487136
0.347649 -0.000320219 -0.000749362
0.348016 0.000723403 -0.000875671
0.348384 -0.00299572 -0.00133435
0.348751 -0.000585935 0.00326008
0.349119 0.00293177 -0.00208554
0.349486 -0.00319081 -0.00163104
0.349854 0.000855278 0.0021417
0.350221 0.000314011 -0.00433577
0.350589 -0.00502073 0.00126498
0.350956 0.00296217 0.0038826
0.351324 0.00132674 -0.00388101
0.351691 -0.00326075 -0.000403187
0.352059 -0.00072209 0.000928132
0.352426 -0.0020335 0.00258609
0.352794 0.00419327 0.00287709
0.353161 0.0014859 -0.00637106
0.353529 -0.00716588 0.00151188
0.353896 0.00389198 0.00672932
0.354264 0.00430323 -0.00455966
0.354631 -0.00267117 -0.000434484
0.354998 0.00327306 0.00128466
0.355366 -0.00022472 -0.00288581
0.355733 -0.000106533 0.00324393
0.356101 0.00558961 -0.000660041
0.356468 -0.000619799 -0.00354333
0.356836 -0.000683543 0.00131024
0.357203 0.000836969 -0.000378719
0.357571 -0.000648661 0.00135087
0.357938 0.00228057 -5.49044e-05
0.358306 -0.00166222 -0.0029412
0.358673 -0.00295471 0.0015206
0.359041 -0.00096247 0.00100336
0.359408 -0.00116194 0.00190794
0.359776 0.0029875 -0.00083425
0.360143 -0.0044448 -0.00496001
0.360511 -0.00602098 0.00659575
0.360878 0.00744456 0.00300352
0.361246 -0.000760758 -0.00747022
0.361613 -0.00581623 0.00430867
0.361981 0.00518619 0.00256894
0.362348 -0.00117396 -0.00439964
0.362716 -0.00199747 0.00467953
0.363083 0.00572648 0.000480484
0.363451 -0.0012912 -0.00499113
0.363818 -0.00343418 0.00193266
0.364186 0.00210806 0.00302336
0.364553 0.00333258 -0.00141689
0.364921 -0.000695461 -0.00452808
0.365288 -0.0039452 0.000407645
0.365656 0.0018673 0.00283355
0.366023 0.00174598 -0.00261966
0.366391 -0.000634304 -0.000182265
0.366758 0.00234461 -0.00191032
0.367126 -0.00433362 -0.00199843
0.367493 0.000553003 0.00747143
0.367861 0.00917959 -0.00263354
0.368228 -0.0051615 -0.00638988
0.368596 -0.00300595 0.00839355
0.368963 0.00834814 0.000808221
0.369331 -0.00226647 -0.00420011
0.369698 -0.00146105 0.00557824
0.370066 0.00521277 -0.000505845
0.370433 -0.00248695 -0.00370277
0.370801 -0.00330005 0.00376801
0.371168 0.00321988 0.00303168
0.371536 0.00344136 -0.00444836
0.371903 -0.00499644 -0.00498674
0.372271 -0.00481705 0.00515138
0.372638 0.00585599 0.00174774
0.373006 0.00029854 -0.00735402
0.373373 -0.0043999 0.000171455
0.373741 0.000960192 1.58888e-05
0.374108 -0.00313667 -0.000950693
0.374476 0.00244981 0.00410999
0.374843 0.00424098 -0.00609611
0.375211 -0.00871323 -0.00264315
0.375578 -4.14817e-05 0.00799892
0.375946 0.00575441 -0.00313813
0.376313 -0.00473291 -0.00283297
0.376681 -0.000363963 0.00322186
0.377048 0.000923388 -0.00281031
0.377416 -0.00369267 -5.1946e-05
0.377783 0.000411744 0.0024585
0.378151 0.00218784 -0.000928334
0.378518 0.000526355 -0.00345394
0.378886 -0.00496462 -0.00141209
0.379253 -0.000944676 0.00710407
0.379621 0.00853303 -6.03919e-05
0.379988 -0.00227015 -0.00655626
0.380356 -0.00501489 0.0055196
0.380723 0.0043982 0.00374976
0.381091 0.000321759 0.000195455
0.381458 0.00207285 0.00351922
0.381825 0.000742899 -0.00256868
0.382193 -0.00508316 0.00332382
0.38256 0.00435282 0.0060778
0.382928 0.00212411 -0.00314891
0.383295 -0.00276242 0.0013695
0.383663 0.00291151 -0.000103585
0.38403 -0.00288696 -0.00218902
0.384398 -4.56613e-06 0.00498526
0.384765 0.00588881 -0.00289936
0.385133 -0.00242025 -0.00505027
0.3855 -0.00157452 0.00142155
0.385868 0.000120656 -0.000139951
0.386235 0.00148804 0.00164449
0.386603 0.00460632 -0.00387536
0.38697 -0.00541698 -0.00465724
0.387338 -0.00275866 0.00618237
0.387705 0.00587073 3.6877e-05
0.388073 -0.00103608 -0.00391406
0.38844 -0.00106187 0.000328964
0.388808 -0.000965703 -0.00137346
0.389175 -0.000412301 0.00266528
0.389543 0.00473633 -0.00142095
0.38991 -0.00202559 -0.00400123
0.390278 0.00118526 0.00271545
0.390645 0.00373596 -0.00493147
0.391013 -0.0057863 -0.000508798
0.39138 0.00605682 0.00604321
0.391748 0.00659471 -0.00959173
0.392115 -0.00952552 -0.00320419
0.392483 0.000309312 0.00787086
0.39285 0.00539296 -0.00247946
0.393218 -0.00177516 -0.00290183
0.393585 -0.0026346 -0.00133194
0.393953 -0.00597272 0.00105074
0.39432 0.000158373 0.00554412
0.394688 0.00231851 -0.00236275
0.395055 -0.00597475 -0.00183837
0.395423 -0.0038115 0.00276719
0.39579 -0.00247165 0.00249695
0.396158 0.000908557 0.00403616
0.396525 0.00104336 -0.00324726
0.396893 -0.00670649 0.000895091
0.39726 0.0028394 0.006472
0.397628 0.00165454 -0.00448138
0.397995 -0.00618143 0.00461707
0.398363 0.00949315 0.00520601
0.39873 0.00103893 -0.0111204
0.399098 -0.011087 0.00485443
0.399465 0.00849852 0.00931557
0.399833 0.00645922 -0.00826417
0.4002 -0.00553792 -0.00310108
0.400568 -0.00129749 0.00214566
0.400935 0.000597884 0.00194109
0.401303 0.0046394 0.000431085
0.40167 0.000700737 -0.0058478
0.402038 -0.00384186 6.07434e-05
0.402405 0.00168758 0.00212394
0.402773 0.000338623 0.00109764
0.40314 0.00436446 0.002158
0.403508 0.00203219 -0.00551967
0.403875 -0.00595281 0.00336542
0.404243 0.00601071 0.00695322
0.40461 0.00232586 -0.00499952
0.404978 -0.0028312 0.00522748
0.405345 0.00912641 0.000930006
0.405713 -0.00541059 -0.00787344
0.40608 -0.00507272 0.0111336
0.406448 0.0142275 0.00124367
0.406815 -0.00194844 -0.0122289
0.407183 -0.00745835 0.00345148
0.40755 0.00413954 0.00210479
0.407918 0.00137336 -0.0022421
0.408285 0.00206479 -0.00246217
0.408653 -0.00307651 -0.00558404
0.40902 -0.00380646 0.00228863
0.409387 0.00250133 -0.000651126
0.409755 -0.00312186 -0.0022733
0.410122 0.00121341 0.000991083
0.41049 -0.0016912 -0.00691474
0.410857 -0.00910752 0.00289769
0.411225 0.00474492 0.00465642
0.411592 -1.78183e-05 -0.00716413
0.41196 -0.00474667 0.0024091
0.412327 0.00324298 -0.00233849
0.412695 -0.00801552 -0.00226392
0.413062 0.00350713 0.0114095
0.41343 0.0114429 -0.00893667
0.413797 -0.0123417 -0.00733561
0.414165 -0.00056237 0.0133618
0.414532 0.0111564 -0.00201303
0.4149 -0.00310711 -0.00407921
0.415267 0.000924015 0.00242219
0.415635 -0.000520186 -0.00151093
0.416002 -0.000801916 0.00553753
0.41637 0.00489945 -0.000538539
0.416737 -0.00355384 -0.00213656
0.417105 0.00113754 0.00399418
0.417472 -0.00037301 -0.0037524
0.41784 -0.00645173 0.00459357
0.418207 0.00688588 0.00408586
0.418575 -0.000317183 -0.00729982
0.418942 -0.00582472 0.00322411
0.41931 0.0019042 0.000782136
0.419677 -0.0039949 0.00181864
0.420045 0.00740729 0.00576178
0.420412 0.00261208 -0.012929
0.42078 -0.0160809 0.00289864
0.421147 0.008394 0.0149117
0.421515 0.00928186 -0.0117669
0.421882 -0.011494 -0.00356204
0.42225 0.00131881 0.00647729
0.422617 0.000520413 -0.00365856
0.422985 -0.00185142 0.00265905
0.423352 0.00505204 -0.00344334
0.42372 -0.00510645 -0.00481128
0.424087 -0.000968753 0.00371737
0.424455 0.00169784 -0.00362877
0.424822 -0.0021528 0.00146516
0.42519 0.00688791 -6.51791e-05
0.425557 -0.00244108 -0.00792644
0.425925 -0.00496769 0.00488639
0.426292 0.00622768 0.0029329
0.42666 0.00122541 -0.000866695
0.427027 0.00379027 7.64293e-05
0.427395 -0.00326876 -0.00673532
0.427762 -0.0081042 0.0103014
0.42813 0.0134797 0.00779199
0.428497 0.00109944 -0.0140806
0.428865 -0.0131285 0.00429592
0.429232 0.00554664 0.00825192
0.4296 -0.000206802 -0.00476826
0.429967 -0.0030138 0.00430522
0.430335 0.00470401 -0.00212748
0.430702 -0.0068778 -0.00337536
0.43107 -0.00206167 0.00758014
0.431437 0.00453617 0.000317518
0.431805 -0.000448145 5.58678e-05
0.432172 0.00209479 -0.000405839
0.43254 -0.00444314 -0.00185395
0.432907 -0.00163535 0.00901542
0.433275 0.00878391 0.00215973
0.433642 0.000388325 -0.00586496
0.43401 -0.0033332 -9.71617e-06
0.434377 -0.00194335 0.0027094
0.434745 0.00319382 0.00521463
0.435112 0.00865025 -0.00627065
0.43548 -0.00600212 -0.00974775
0.435847 -0.00387047 0.00659092
0.436214 0.0091414 -0.0021369
0.436582 -0.00176573 -0.00859356
0.436949 0.000826965 0.00209451
0.437317 0.0053676 -0.0061898
0.437684 -0.00637983 -0.0042392
0.438052 0.00136382 0.00631362
0.438419 0.0075432 -0.00226245
0.438787 -0.00149695 -0.00431697
0.439154 -0.00329648 0.000507495
0.439522 -0.00257549 0.0037916
0.439889 0.00282654 0.00628509
0.440257 0.00512717 -0.00239145
0.440624 -0.00488138 -0.00524815
0.440992 -0.00700434 0.00503392
0.441359 0.00320077 0.00806595
0.441727 0.00809097 -0.00339943
0.442094 -0.00417178 -0.00966268
0.442462 -0.00893219 0.00482283
0.442829 0.00696301 0.00584631
0.443197 0.00370856 -0.00918985
0.443564 -0.00692923 -0.00125569
0.443932 0.00239156 0.00276315
0.444299 -0.00110117 -0.00652317
0.444667 -0.00735053 0.00201122
0.445034 0.00244806 0.00459501
0.445402 0.000599558 -0.00546542
0.445769 -0.00807559 -0.00342771
0.446137 -0.00680487 0.00455925
0.446504 4.98026e-05 0.00582966
0.446872 0.00223208 -0.00190605
0.447239 -0.00421626 -0.00464299
0.447607 -0.00609775 0.00208387
0.447974 -0.00183851 0.00657936
0.448342 0.00690838 0.00472815
0.448709 0.00760948 -0.00822479
0.449077 -0.00922835 -0.00441651
0.449444 -0.000211115 0.01526
0.449812 0.0175939 -0.000330031
0.450179 -0.00105455 -0.0105841
0.450547 -0.00221018 0.00816005
0.450914 0.00967152 3.85433e-06
0.451282 -0.00335713 -0.00369517
0.451649 0.00201988 0.00852759
0.452017 0.00873319 -0.00356622
0.452384 -0.00534314 -0.00635154
0.452752 -0.00521267 0.00390471
0.453119 0.0003166 0.0041948
0.453487 0.00414898 0.000601
0.453854 0.000302585 -0.00810043
0.454222 -0.0104079 -0.000690345
0.454589 -0.000595395 0.00880947
0.454957 0.00483052 -0.000729827
0.455324 0.000652528 -0.00126187
0.455692 0.000491173 -0.003643
0.456059 -0.00947721 0.000707979
0.456427 0.00355951 0.0130059
0.456794 0.0127817 -0.00697439
0.457162 -0.0108796 -0.00698309
0.457529 -0.000855523 0.0105898
0.457897 0.00660028 -0.00723787
0.458264 -0.01004 -0.000365095
0.458632 0.00775761 0.00767869
0.458999 0.00427847 -0.0165128
0.459367 -0.0154122 -0.00276239
0.459734 0.00296402 0.00972022
0.460102 0.00620641 -0.00586506
0.460469 -0.000970422 -0.00569181
0.460837 -0.0025274 -0.00603621
0.461204 -0.00834913 0.00410038
0.461572 0.00774592 0.00921366
0.461939 0.00704539 -0.00913103
0.462307 -0.00834708 -0.00103589
0.462674 0.000455476 0.00734659
0.463042 0.000127295 0.00258868
0.463409 0.00389804 0.00692124
0.463776 0.00510141 -0.00471629
0.464144 -0.00980005 0.00150817
0.464511 0.00512526 0.0112435
0.464879 0.00397494 -0.00666192
0.465246 -0.00867543 0.00677898
0.465614 0.0139855 0.00567531
0.465981 -0.00178026 -0.0168529
0.466349 -0.0159059 0.0115218
0.466716 0.0161855 0.0117969
0.467084 0.00596288 -0.0156712
0.467451 -0.00995484 -0.000156008
0.467819 0.000526482 0.00457341
0.468186 -0.00121931 0.00266007
0.468554 0.00863335 0.00270206
0.468921 0.00208576 -0.0126427
0.469289 -0.0135743 0.00101346
0.469656 0.00444681 0.00906615
0.470024 0.00686477 -0.00666292
0.470391 -0.00158667 -0.00437124
0.470759 -0.00129219 -0.00448509
0.471126 -0.00434672 -0.000141585
0.471494 0.00694259 0.00146395
0.471861 0.00145483 -0.0102087
0.472229 -0.00479652 0.0019498
0.472596 0.0104839 -0.00355623
0.472964 -0.00807808 -0.0131085
0.473331 -0.00729014 0.0144793
0.473699 0.0204439 -0.000683749
0.474066 -0.00584831 -0.0209615
0.474434 -0.0155247 0.00927
0.474801 0.00877814 0.00822624
0.475169 0.00225131 -0.00541554
0.475536 -0.000957078 -0.000334181
0.475904 -0.00408272 -0.00470693
0.476271 -0.0097983 0.00609987
0.476639 0.00652264 0.00898248
0.477006 0.00396155 -0.00686073
0.477374 -0.00801791 -0.00235193
0.477741 -0.003724 0.00377802
0.478109 -0.00118361 0.00457495
0.478476 0.00277679 0.00256426
0.478844 -0.00117841 -0.00438026
0.479211 -0.0048115 0.00112523
0.479579 -0.00128945 0.000803136
0.479946 -0.00818715 0.00252203
0.480314 0.00246715 0.00988175
0.480681 0.00791014 -0.00942879
0.481049 -0.0177888 -0.00747657
0.481416 -0.00887787 0.0177779
0.481784 0.0130148 0.00263633
0.482151 -0.00199705 -0.0107469
0.482519 -0.00864454 0.00215324
0.482886 -0.00148518 0.00472993
0.483254 0.00195178 0.0046371
0.483621 0.00711835 0.00168947
0.483989 0.0025326 -0.00376956
0.484356 -0.00152447 0.00176843
0.484724 0.00354417 0.00542454
0.485091 0.0060628 0.00378934
0.485459 0.00732691 0.00152765
0.485826 0.0060098 -0.00248651
0.486194 -0.000249397 -0.00239558
0.486561 -0.0023592 0.00498659
0.486929 0.00879219 0.00751253
0.487296 0.0127687 -0.00801515
0.487664 -0.0072696 -0.011971
0.488031 -0.00930924 0.00852993
0.488399 0.0116148 0.00715479
0.488766 0.00806144 -0.0101328
0.489134 -0.0068574 -0.00699187
0.489501 -0.00628838 0.00312058
0.489869 0.00229276 0.00633315
0.490236 0.00668336 -0.000195146
0.490604 -0.00208438 -0.00543891
0.490971 -0.0059836 0.00204494
0.491338 0.000314712 0.00464489
0.491706 0.000339325 0.00187983
0.492073 -0.000154389 0.000690539
0.492441 0.000215422 -0.00148504
0.492808 0.000161326 -0.00249642
0.493176 -0.00440669 -0.00420071
0.493543 -0.00522129 0.00518843
0.493911 0.0140883 0.00163046
0.494278 0.00389313 -0.0233443
0.494646 -0.0220185 -0.00325317
0.495013 0.0078871 0.017137
0.495381 0.0187806 -0.016037
0.495748 -0.0120662 -0.0150464
0.496116 -0.00451322 0.00622695
0.496483 0.00319244 -0.00190358
0.496851 -0.00134796 0.00225831
0.497218 0.00638843 -0.00197615
0.497586 -0.00662043 -0.00864395
0.497953 -0.00929746 0.00903056
0.498321 0.00444901 0.00722455
0.498688 0.000440482 -0.00148496
0.499056 -0.00144898 0.000432357
0.499423 -0.00372047 0.00130611
0.499791 -0.00191363 0.00625788
0.500158 0.00255486 0.00100688
0.500526 -0.000176359 0.00446189
0.500893 0.0118726 0.00209395
0.501261 -0.00390534 -0.0158198
0.501628 -0.017621 0.0143913
0.501996 0.0255491 0.0172937
0.502363 0.0100563 -0.028505
0.502731 -0.0284878 0.000477684
0.503098 0.00851027 0.02024
0.503466 0.0083938 -0.0128875
0.503833 -0.0129088 0.000423726
0.504201 0.00422074 0.00137808
0.504568 -0.00915413 -0.0117354
0.504936 -0.0124524 0.00862726
0.505303 0.00559309 0.0028224
0.505671 -0.00148177 -0.00857536
0.506038 -0.00536814 -0.00499572
0.506406 -0.00949817 -0.000963823
0.506773 -0.000482134 0.0102222
0.507141 0.0117294 -0.00309589
0.507508 -0.00372489 -0.00707174
0.507876 0.000535063 0.00380089
0.508243 -0.00101125 -0.0034482
0.508611 -0.00342211 0.0156176
0.508978 0.025417 0.00405235
0.509346 -0.00527309 -0.0266954
0.509713 -0.0242124 0.0188323
0.510081 0.024847 0.0191035
0.510448 0.00495716 -0.0226643
0.510816 -0.0172652 0.00595708
0.511183 0.0110057 0.00726625
0.511551 -0.00467063 -0.00878551
0.511918 -0.0067525 0.0111266
0.512286 0.0104185 0.00171549
0.512653 -0.000369288 -0.00531529
0.513021 -0.00351445 0.000666722
0.513388 -0.0078055 0.00521418
0.513756 0.00644848 0.0166137
0.514123 0.0167278 -0.00624524
0.514491 -0.0137301 -0.00873851
0.514858 -0.00662889 0.0175766
0.515226 0.0102561 0.0053462
0.515593 0.00240823 0.00180501
0.515961 0.00758424 -0.00473619
0.516328 -0.013514 -0.0108318
0.516696 -0.00765108 0.0209242
0.517063 0.0258098 -0.000908429
0.517431 -0.00640724 -0.0253196
0.517798 -0.0121786 0.00900014
0.518165 0.0138911 -0.000578896
0.518533 -0.00289408 -0.0106942
0.5189 0.00406581 0.00420451
0.519268 0.00940002 -0.00978134
0.519635 -0.00449642 -0.00464727
0.520003 0.00411745 0.000324581
0.52037 6.61878e-05 -0.00137246
0.520738 0.00965717 0.0079044
0.521105 0.0123425 -0.0161088
0.521473 -0.0187332 -0.00860783
0.52184 0.00150422 0.0215527
0.522208 0.0208023 -0.00528221
0.522575 -0.00480592 -0.0161798
0.522943 -0.00810249 -0.00179863
0.52331 -0.00495537 0.00383974
0.523678 0.00675025 0.0072423
0.524045 0.00841442 -0.0153509
0.524413 -0.0168287 -0.00934002
0.52478 -0.0029815 0.0119975
0.525148 0.00299094 -0.00561828
0.525515 -0.00990069 0.00209335
0.525883 0.00716543 0.0026013
0.52625 -0.00929107 -0.0129181
0.526618 -0.0173218 0.0134144
0.526985 0.00869543 0.00866025
0.527353 -0.00495805 -0.0063084
0.52772 -0.00500944 0.00669102
0.528088 -0.00173419 -0.00727952
0.528455 -0.0194523 0.00539692
0.528823 0.00852352 0.0190702
0.52919 0.0136413 -0.0167692
0.529558 -0.0183154 -0.0121572
0.529925 -0.00853173 0.0134273
0.530293 0.00974886 0.00616118
0.53066 0.010337 -0.00968212
0.531028 -0.00655328 -0.0132189
0.531395 -0.00952417 0.00984449
0.531763 0.012483 0.00411841
0.53213 -0.00371677 -0.0101849
0.532498 -0.00236779 0.0148467
0.532865 0.0171608 -0.00514127
0.533233 -0.0199939 -0.012942
0.5336 -0.00808152 0.0299091
0.533968 0.027654 0.00409388
0.534335 -0.00665222 -0.0154854
0.534703 -0.00897301 0.0119677
0.53507 0.00541946 0.00516923
0.535438 -0.000310981 0.0109882
0.535805 0.0188082 0.00695965
0.536173 0.0040032 -0.0177011
0.53654 -0.0150196 0.00678254
0.536908 0.0109144 0.0191098
0.537275 0.0183222 -0.00374087
0.537643 0.00266974 -0.0136707
0.53801 -0.0121439 -0.00163662
0.538378 0.00231982 0.0147945
0.538745 0.0152058 -0.00972224
0.539113 -0.0151371 -0.0119905
0.53948 -0.000229038 0.0140384
0.539848 0.0114353 -0.0203162
0.540215 -0.0312195 -0.0103753
0.540583 0.00134819 0.02847
0.54095 0.0238131 -0.0200685
0.541318 -0.025575 -0.0227396
0.541685 -0.011647 0.0178579
0.542053 0.00972136 0.00210778
0.54242 0.00130732 -0.00189439
0.542788 0.00774718 -0.00709009
0.543155 -0.0112941 -0.00876237
0.543523 -0.0066731 0.0190987
0.54389 0.0199509 0.00547391
0.544258 0.00636915 -0.013758
0.544625 -0.00638745 -0.00317436
0.544993 -0.00574174 0.00763006
0.54536 0.0107457 0.00999829
0.545727 0.0127209 -0.0136592
0.546095 -0.0141116 -0.00506914
0.546462 0.00606591 0.01276
0.54683 0.0069741 -0.0171628
0.547197 -0.0204101 0.00557222
0.547565 0.0190125 0.0196959
0.547932 0.00985463 -0.0279973
0.5483 -0.0323784 0.00125044
0.548667 0.00579493 0.0288124
0.549035 0.0139305 -0.00591536
0.549402 -0.00741268 -0.00311563
0.54977 -0.0047212 0.00161694
0.550137 -0.0131882 0.00811781
0.550505 0.00611454 0.0186301
0.550872 0.0131197 -0.00871477
0.55124 -0.0124899 -0.00744293
0.551607 -0.00555183 0.00831252
0.551975 0.00283933 0.00304552
0.552342 0.00906345 0.00185729
0.55271 0.00695902 -0.01344
0.553077 -0.0102953 -0.00626676
0.553445 0.00665247 0.0042223
0.553812 0.00416277 -0.0109077
0.55418 -0.00235134 0.00565464
0.554547 0.0213077 -0.00872115
0.554915 -0.0123111 -0.0277443
0.555282 -0.0191511 0.0208896
0.55565 0.0270387 0.00919603
0.556017 0.00271771 -0.027905
0.556385 -0.0172596 -0.00160041
0.556752 -0.00320307 0.0056042
0.55712 -0.00251124 0.00623087
0.557487 0.0128132 -0.000209819
0.557855 -0.00312146 -0.0183443
0.558222 -0.0170382 0.00703197
0.55859 0.00799935 0.00986713
0.558957 0.00236803 -0.00473239
0.559325 0.00183499 0.0051714
0.559692 0.00492257 -0.00578155
0.56006 -0.0106784 0.000729004
0.560427 0.00088816 0.0127834
0.560795 0.00251402 0.00378374
0.561162 0.00455574 0.00564266
0.56153 0.0018058 -0.0135705
0.561897 -0.0312665 0.00204688
0.562265 0.00183043 0.0342459
0.562632 0.0255508 -0.0147419
0.563 -0.0250357 -0.0212993
0.563367 -0.017725 0.0182285
0.563735 0.00406814 0.00446392
0.564102 0.00185473 0.00155113
0.56447 0.00932057 -0.00968441
0.564837 -0.0182897 -0.0126398
0.565205 -0.00660638 0.0214419
0.565572 0.0234586 -0.00104277
0.56594 -0.00585868 -0.0110611
0.566307 0.000977964 0.0119372
0.566675 0.0097725 -0.00789552
0.567042 -0.00994904 0.0018974
0.56741 0.00795076 0.0147953
0.567777 0.0106477 -0.00391504
0.568145 0.00359293 -0.00598071
0.568512 -0.00662127 -0.00932195
0.56888 -0.0142598 0.0174291
0.569247 0.0297953 0.0147471
0.569615 0.0112254 -0.0359851
0.569982 -0.0312489 0.00199713
0.57035 0.0142293 0.0248903
0.570717 0.014748 -0.011727
0.571085 8.21346e-05 0.00363889
0.571452 0.0124257 -0.0078769
0.57182 -0.0189237 -0.00359533
0.572187 0.00815951 0.0314009
0.572554 0.0272366 -0.0133651
0.572922 -0.0211616 -0.011677
0.573289 0.00165046 0.0200171
0.573657 0.00772622 -0.0111871
0.574024 -0.0178828 0.00445019
0.574392 0.0115556 0.00858312
0.574759 0.00161134 -0.0214555
0.575127 -0.0183121 -0.0049548
0.575494 -0.00973497 0.0034597
0.575862 0.00120256 0.0073597
0.576229 0.0197049 -0.0148556
0.576597 -0.0235993 -0.0310537
0.576964 -0.0265799 0.0272345
0.577332 0.0338978 0.00711476
0.577699 -0.00568731 -0.0312505
0.578067 -0.0153915 0.0167086
0.578434 0.0164191 -0.00421668
0.578802 -0.0204956 -0.00425153
0.579169 0.0123883 0.0317616
0.579537 0.0247659 -0.0220361
0.579904 -0.0289852 -0.00732173
0.580272 0.00825701 0.0267081
0.580639 0.0131211 -0.0128125
0.581007 -0.00958314 0.00681844
0.581374 0.023013 0.00154947
0.581742 -0.00569681 -0.0259151
0.582109 -0.0181519 0.0135615
0.582477 0.0187353 0.0120527
0.582844 0.0155028 -0.0118977
0.583212 -0.00104707 -0.0190967
0.583579 -0.0276007 -0.00121894
0.583947 0.00451184 0.037877
0.584314 0.037704 -0.0133114
0.584682 -0.0319413 -0.0270945
0.585049 -0.017436 0.0374667
0.585417 0.0243873 -0.00187439
0.585784 -0.0258783 -0.00593482
0.586152 0.0041973 0.029794
0.586519 0.0143321 -0.0237068
0.586887 -0.0345979 -0.00156737
0.587254 0.00778521 0.0279241
0.587622 0.0116186 -0.0165528
0.587989 -0.00802595 -0.000861218
0.588357 0.015627 -0.00795756
0.588724 -0.0165667 -0.0190303
0.589092 -0.00596084 0.0223701
0.589459 0.0341047 -0.00604618
0.589827 -0.000770113 -0.032381
0.590194 -0.0200345 -0.00545185
0.590562 -0.00841719 0.0122589
0.590929 0.0195144 0.0113433
0.591297 0.0144992 -0.0315941
0.591664 -0.0408164 -0.0138473
0.592032 -0.00516833 0.0367382
0.592399 0.0236594 -0.0113703
0.592767 -0.0251922 -0.010524
0.593134 0.00215384 0.0220482
0.593502 0.00721045 -0.0150955
0.593869 -0.0260187 0.00978015
0.594237 0.0152509 0.0268233
0.594604 0.0143648 -0.0103401
0.594972 -0.00730309 0.00557044
0.595339 0.00462859 0.00652303
0.595707 -0.00840727 0.00881781
0.596074 0.0165709 0.0265822
0.596442 0.0246705 -0.0142885
0.596809 -0.023488 -0.0127595
0.597177 -0.00959484 0.0261831
0.597544 0.0192409 0.0100715
0.597912 0.00810252 -0.0108832
0.598279 -0.0103658 -0.0156638
0.598647 -0.0203323 0.00502017
0.599014 0.00808668 0.017256
0.599382 0.0113837 -0.0143337
0.599749 -0.0142654 -0.00938455
0.600116 0.000440032 0.00408954
0.600484 -0.00260756 -0.00686593
0.600851 -0.00599389 0.0106873
0.601219 0.0189383 0.00268245
0.601586 0.00386719 -0.0170264
0.601954 -0.00875933 0.00117076
0.602321 0.00230571 0.00740125
0.602689 0.0101148 0.00864067
0.603056 0.0239733 -0.00609336
0.603424 -0.0021257 -0.0275541
0.603791 -0.021298 0.00865218
0.604159 0.0222454 0.0215677
0.604526 0.0265447 -0.0234169
0.604894 -0.012996 -0.0242197
0.605261 -0.00999874 0.00784704
0.605629 0.0129981 0.00524281
0.605996 0.00689238 -0.0125439
0.606364 -0.00398578 -0.00577709
0.606731 0.0042955 -0.00194726
0.607099 -0.00817082 -0.00920442
0.607466 -0.0158733 0.0128571
0.607834 0.0145553 0.0120919
0.608201 0.00369078 -0.0179709
0.608569 -0.025243 -0.00171376
0.608936 -0.0114106 0.0138372
0.609304 -0.00238416 0.00855566
0.609671 0.00758342 0.0051214
0.610039 -0.00102419 -0.0214399
0.610406 -0.0363516 -0.00647204
0.610774 -0.00759666 0.0329251
0.611141 0.0293275 -0.000487285
0.611509 -0.00571176 -0.0325038
0.611876 -0.0318536 -0.000622211
0.612244 -0.00210879 0.0266463
0.612611 0.0228956 -0.000942087
0.612979 -0.0087421 -0.0213039
0.613346 -0.0169165 0.0143266
0.613714 0.0158322 0.00522158
0.614081 -0.0141485 -0.0153706
0.614449 -0.011734 0.029555
0.614816 0.0360238 0.00275626
0.615184 -0.0119686 -0.0332673
0.615551 -0.0255693 0.0217383
0.615919 0.0236113 0.0174625
0.616286 0.0106819 -0.0078168
0.616654 0.0106304 -0.00142221
0.617021 0.000803291 -0.0185489
0.617389 -0.0186773 0.0185939
0.617756 0.0332786 0.0303537
0.618124 0.027736 -0.0288121
0.618491 -0.0220852 -0.0120053
0.618859 -0.00517221 0.0252956
0.619226 0.0152413 0.0155402
0.619594 0.0161397 -0.00643356
0.619961 -0.0104228 -0.0157533
0.620329 -0.0169733 0.0188596
0.620696 0.0150052 0.00657257
0.621064 -0.0138774 -0.0155246
0.621431 -0.00514082 0.0238184
0.621799 0.0286797 -0.0158236
0.622166 -0.0344714 -0.0288231
0.622534 -0.0138243 0.0392386
0.622901 0.0417632 -0.00424451
0.623269 -0.00925495 -0.030951
0.623636 -0.00808421 0.00540971
0.624004 0.000418908 -0.00865223
0.624371 -0.0073028 0.0145477
0.624739 0.0346253 -0.00172662
0.625106 -0.00802553 -0.044691
0.625474 -0.0344974 0.0141475
0.625841 0.0208539 0.0143517
0.626209 0.00367195 -0.0247758
0.626576 -0.00885973 -0.00476303
0.626944 -0.003323 -0.0121725
0.627311 -0.0186745 -0.000878276
0.627678 0.00638308 0.0074509
0.628046 0.001274 -0.0101706
0.628413 -0.00231553 0.00496302
0.628781 0.0037739 -0.0148552
0.629148 -0.0306585 0.00553259
0.629516 0.0176779 0.0460774
0.629883 0.0365953 -0.0220523
0.630251 -0.0349902 -0.0149566
0.630618 -0.00436094 0.0416854
0.630986 0.0196843 0.00912141
0.631353 0.00083373 0.0112125
0.631721 0.0187172 -0.00491037
0.632088 -0.0260535 -0.0160941
0.632456 -0.0140199 0.0447415
0.632823 0.0425759 0.00020937
0.633191 -0.0161222 -0.036418
0.633558 -0.0191901 0.0196776
0.633926 0.0167047 -0.00506373
0.634293 -0.0178892 -0.0144944
0.634661 -0.000464266 0.0157532
0.635028 0.0167352 -0.012715
0.635396 -0.0111728 -0.0197777
0.635763 -0.0195981 0.000957776
0.636131 -0.00627862 0.024315
0.636498 0.0320818 0.00713258
0.636866 0.000688559 -0.0420483
0.637233 -0.0456266 0.0101149
0.637601 0.0156675 0.0422996
0.637968 0.0262962 -0.0159624
0.638336 -0.00700078 -0.0100596
0.638703 0.0034397 -0.00413973
0.639071 -0.0174556 -0.00071718
0.639438 0.0145 0.0295024
0.639806 0.0443797 -0.0261822
0.640173 -0.023031 -0.0325496
0.640541 -0.00656265 0.0283249
0.640908 0.0344739 -0.00903972
0.641276 -0.00690922 -0.0189289
0.641643 0.00536061 0.0172105
0.642011 0.0208876 -0.0150304
0.642378 -0.0208393 -0.0182219
0.642746 -0.018386 0.0267201
0.643113 0.0210148 0.0222392
0.643481 0.0125049 -0.0248689
0.643848 -0.0418658 -0.0167351
0.644216 -0.0288517 0.0429055
0.644583 0.0271796 0.0196025
0.644951 -0.00162 -0.02752
0.645318 -0.0281935 0.00190122
0.645686 -0.00648204 0.0124086
0.646053 -0.00457728 0.00926001
0.646421 0.0160832 0.0111985
0.646788 0.0131843 -0.0217249
0.647156 -0.0232457 -0.00736801
0.647523 0.00355435 0.0239142
0.647891 0.0244592 -0.00377084
0.648258 -0.000214922 -0.0112144
0.648626 0.00318302 -0.000447461
0.648993 0.00351253 -0.012979
0.649361 -0.0148679 -0.00111218
0.649728 0.00418401 0.017793
0.650096 0.0273705 -0.0158793
0.650463 -0.0137023 -0.0397762
0.650831 -0.0368797 0.0144574
0.651198 0.0218316 0.0292667
0.651566 0.0282944 -0.0309916
0.651933 -0.0218562 -0.0223792
0.652301 -0.0103073 0.0178116
0.652668 0.011228 0.00864794
0.653036 0.0134994 0.00204433
0.653403 0.0129638 -0.00662171
0.653771 -0.00796903 -0.00258743
0.654138 -0.00139046 0.0164472
0.654505 0.0104732 0.00665283
0.654873 0.00321078 0.00702936
0.65524 0.0109868 0.000433876
0.655608 -0.009699 -0.0160998
0.655975 -0.0242245 0.0126392
0.656343 0.00671833 0.0201361
0.65671 0.0135872 -0.0113091
0.657078 -0.0104403 -0.026914
0.657445 -0.0388625 -0.00562353
0.657813 -0.0112692 0.0348127
0.65818 0.0380515 -0.00549445
0.658548 -0.0152866 -0.0461751
0.658915 -0.0420936 0.0147168
0.659283 0.0107236 0.0216184
0.65965 0.00620376 -0.00687003
0.660018 0.00288682 0.00217139
0.660385 -0.00532929 -0.0155354
0.660753 -0.0270255 0.0116626
0.66112 0.0189252 0.0243576
0.661488 0.00759163 -0.0193836
0.661855 -0.0185813 0.00978473
0.662223 0.0230205 0.00122842
0.66259 -0.0156325 -0.0274796
0.662958 -0.0218922 0.0356421
0.663325 0.0468125 0.012987
0.663693 0.0109124 -0.0449324
0.66406 -0.0311913 -0.00167575
0.664428 -0.00287293 0.0344126
0.664795 0.0358107 0.0212504
0.665163 0.0315814 -0.0282648
0.66553 -0.0334757 -0.0148704
0.665898 -0.00750916 0.0520387
0.666265 0.0427502 0.0093716
0.666633 -0.00313572 -0.0104909
0.667 0.00714372 0.0169328
0.667368 0.00120844 -0.0157535
0.667735 -0.0255751 0.0244066
0.668103 0.0395222 0.0235382
0.66847 0.00732634 -0.0445685
0.668838 -0.0293984 0.00919903
0.669205 0.0274472 0.00363692
0.669573 -0.0177351 -0.0307467
0.66994 -0.00832028 0.0303625
0.670308 0.0503707 -0.021367
0.670675 -0.0307093 -0.0546102
0.671043 -0.040159 0.0284697
0.67141 0.0296956 0.0185546
0.671778 0.0204677 -0.0292963
0.672145 -0.0211262 -0.0317655
0.672513 -0.0409748 0.00951975
0.67288 0.0163019 0.0307682
0.673248 0.0250867 -0.0316954
0.673615 -0.0330935 -0.012803
0.673983 0.00967662 0.0155412
0.67435 0.00118259 -0.0306855
0.674718 -0.0240064 0.0233508
0.675085 0.0498425 0.0115663
0.675453 -0.000700361 -0.0567789
0.67582 -0.0350271 0.0191801
0.676188 0.0332328 0.0154581
0.676555 -0.00414501 -0.0206275
0.676923 0.00538417 0.020116
0.67729 0.0217294 -0.0306364
0.677658 -0.054059 -0.0107545
0.678025 -0.00242659 0.0575025
0.678393 0.0413572 -0.0128421
0.67876 -0.0291418 -0.0336858
0.679128 -0.0410985 0.0171832
0.679495 -0.00824259 0.0349272
0.679863 0.0222647 0.0115075
0.68023 -0.0118647 -0.0274621
0.680598 -0.041003 0.0224518
0.680965 0.0215035 0.0296995
0.681333 -0.00653192 -0.0173972
0.6817 -0.0202827 0.0382343
0.682067 0.0479177 0.00681506
0.682435 -0.0181654 -0.0387491
0.682802 -0.0295557 0.0447505
0.68317 0.0429766 0.0165837
0.683537 0.00628589 -0.0249794
0.683905 0.00640008 0.00043133
0.684272 -0.00507054 -0.0268949
0.68464 -0.0303999 0.0201547
0.685007 0.0518492 0.021778
0.685375 0.0226401 -0.0661405
0.685742 -0.0534542 -0.0166177
0.68611 0.000600574 0.0321876
0.686477 0.0316126 -0.00357419
0.686845 0.0154468 -0.0257526
0.687212 -0.0201566 -0.0230573
0.68758 -0.0164754 0.0281049
0.687947 0.0349667 0.0117729
0.688315 -0.00538309 -0.0194322
0.688682 -0.00290838 0.0307765
0.68905 0.0341167 -0.00902924
0.689417 -0.0347447 -0.0136039
0.689785 -0.00223214 0.0559446
0.690152 0.0482968 -0.00357115
0.69052 -0.012294 -0.0237744
0.690887 -0.00936064 0.00702727
0.691255 -0.0136901 -0.00302806
0.691622 0.0022963 0.0345232
0.69199 0.0516262 -0.0187544
0.692357 -0.0351443 -0.0616762
0.692725 -0.0466851 0.0352978
0.693092 0.0382271 0.0221719
0.69346 0.00711924 -0.0324474
0.693827 -0.0186338 -0.0139401
0.694195 -0.0217739 -0.00567834
0.694562 -0.0156493 0.0249708
0.69493 0.0160688 0.0046726
0.695297 -0.0173613 -0.0176092
0.695665 -0.00984798 0.0147294
0.696032 -0.00175554 -0.0143756
0.6964 -0.0407442 0.0128795
0.696767 0.0259025 0.0372853
0.697135 0.0283712 -0.0409271
0.697502 -0.0372246 -0.0121379
0.69787 0.00408026 0.0247353
0.698237 0.0142727 0.00178921
0.698605 0.0303303 0.012403
0.698972 0.0320532 -0.0411069
0.69934 -0.0445803 -0.011564
0.699707 0.0205319 0.0638805
0.700075 0.0639035 -0.0230874
0.700442 -0.0223452 -0.0290336
0.70081 0.000579552 0.0274626
0.701177 0.0109732 -0.00551558
0.701545 -0.0127531 0.0142064
0.701912 0.0225166 0.00828886
0.70228 -0.00250635 -0.0202495
0.702647 -0.0166574 0.00435725
0.703015 -0.0121681 -0.00038312
0.703382 -0.00849249 0.0222207
0.70375 0.0384765 -0.00011633
0.704117 -0.0155642 -0.0509658
0.704485 -0.0470735 0.0197847
0.704852 0.0280468 0.0273158
0.70522 0.0167821 -0.0177905
0.705587 0.0035083 -0.0114156
0.705955 -0.0171099 -0.0310352
0.706322 -0.0402651 0.031837
0.70669 0.0531128 0.0348579
0.707057 0.012979 -0.072865
0.707425 -0.071606 0.000487207
0.707792 0.0204092 0.0406436
0.70816 0.00843231 -0.0406479
0.708527 -0.0373291 0.00281945
0.708894 0.0208209 0.00455528
0.709262 -0.00794044 -0.0400885
0.709629 -0.0325112 0.00193573
0.709997 0.0040985 0.0169626
0.710364 0.0247796 0.000752971
0.710732 0.0154131 -0.0337741
0.711099 -0.0399177 -0.0148045
0.711467 -0.00367234 0.0542006
0.711834 0.0510365 0.00604526
0.712202 -0.00192379 -0.0248158
0.712569 -0.00919018 0.00603912
0.712937 -0.0191724 0.00829322
0.713304 -0.00598325 0.0568748
0.713672 0.0624779 0.000175608
0.714039 -0.0330469 -0.0636902
0.714407 -0.063769 0.0597166
0.714774 0.0530558 0.0404177
0.715142 -0.00294713 -0.0493223
0.715509 -0.0362198 0.0252939
0.715877 0.0288098 0.0133783
0.716244 -0.0189946 -0.0267656
0.716612 -0.0268496 0.0316269
0.716979 0.0334264 0.0278404
0.717347 0.0264045 -0.0230429
0.717714 -0.0286787 -0.0255789
0.718082 -0.0321771 0.0410224
0.718449 0.0502412 0.0406672
0.718817 0.029559 -0.0457347
0.719184 -0.0397952 -0.0113233
0.719552 0.00509084 0.0205161
0.719919 7.27293e-05 -0.00938103
0.720287 0.0106087 0.0187635
0.720654 0.0446407 -0.0424166
0.721022 -0.0505683 -0.0518755
0.721389 -0.0194593 0.053124
0.721757 0.0669125 -0.0146877
0.722124 -0.0151512 -0.055575
0.722492 -0.0133896 0.0184854
0.722859 0.0240267 -0.0143911
0.723227 -0.0210421 -0.00937077
0.723594 0.00830322 0.0367781
0.723962 0.035643 -0.00196658
0.724329 -0.00535428 -0.0296046
0.724697 -0.0426388 0.011101
0.725064 0.00326113 0.0700508
0.725432 0.0685943 -0.000356622
0.725799 -0.0251935 -0.0633906
0.726167 -0.0538664 0.0475492
0.726534 0.0482624 0.0380986
0.726902 0.00603843 -0.0344532
0.727269 -0.00787173 0.0111649
0.727637 0.021464 -0.0216316
0.728004 -0.0397541 -0.00916639
0.728372 0.0129989 0.0403758
0.728739 0.0338007 -0.0366955
0.729107 -0.0350062 -0.0178439
0.729474 0.00122429 0.0132855
0.729842 -0.0156327 -0.0237856
0.730209 -0.0256413 0.0264179
0.730577 0.0313775 0.00287655
0.730944 -0.0175866 -0.0421341
0.731312 -0.0410326 0.00614343
0.731679 -0.013822 0.0237802
0.732047 0.0195221 0.0267865
0.732414 0.0416557 -0.0396333
0.732782 -0.0578517 -0.045399
0.733149 -0.0261682 0.0784997
0.733517 0.0906157 0.0061421
0.733884 -1.12004e-05 -0.0669959
0.734252 -0.0188421 0.0219315
0.734619 0.029299 0.000474542
0.734987 0.000100092 -4.77966e-05
0.735354 0.0432308 0.00693202
0.735722 0.00752821 -0.0438033
0.736089 -0.0239734 0.0144313
0.736456 0.0314638 -0.00688379
0.736824 -0.0305946 -0.0237007
0.737191 0.00413199 0.0484327
0.737559 0.043406 -0.0491581
0.737926 -0.0793253 -0.0420592
0.738294 -0.0242799 0.0715364
0.738661 0.0397019 -0.00346452
0.739029 -0.021813 -0.0227414
0.739396 -0.0129604 -0.00594972
0.739764 -0.0502655 0.000816694
0.740131 -0.00896848 0.0729169
0.740499 0.0623443 -0.0134178
0.740866 -0.0451048 -0.0491486
0.741234 -0.0390146 0.0507084
0.741601 0.0198077 0.017729
0.741969 -0.00301825 0.00730515
0.742336 0.0218579 -0.00692608
0.742704 -0.0339295 -0.034067
0.743071 -0.0234933 0.040698
0.743439 0.0381271 -0.0136253
0.743806 -0.0407076 -0.0216165
0.744174 0.0238223 0.0386666
0.744541 0.0304528 -0.0784236
0.744909 -0.100801 0.000383288
0.745276 0.0427885 0.0993587
0.745644 0.0778045 -0.0725615
0.746011 -0.0723292 -0.034214
0.746379 -0.00394238 0.0672325
0.746746 0.0256571 0.00645377
0.747114 0.00839057 0.0231202
0.747481 0.0361136 -0.00352213
0.747849 -0.0290829 -0.00707174
0.748216 -0.00384993 0.0537645
0.748584 0.0363442 0.0123319
0.748951 0.0135074 0.0110684
0.749319 0.0290644 -0.00644111
0.749686 -0.0269402 -0.0173538
0.750054 0.00487101 0.0564423
0.750421 0.0627124 -0.0114899
0.750789 -0.0202624 -0.0241437
0.751156 0.0262812 0.0257518
0.751524 0.0124331 -0.0564655
0.751891 -0.0655351 0.0379917
0.752259 0.0900924 0.0612044
0.752626 0.0376445 -0.119795
0.752994 -0.119234 -0.000808736
0.753361 0.0324617 0.0913934
0.753729 0.0594133 -0.0549162
0.754096 -0.0416626 -0.036709
0.754464 -0.0117406 0.00630424
0.754831 -0.00772379 -0.012585
0.755199 0.00433441 -0.00130795
0.755566 0.00944074 -0.0248472
0.755934 -0.00511718 -0.0181388
0.756301 0.0103782 -0.0321436
0.756669 -0.0277874 -0.023788
0.757036 0.00865627 0.0325263
0.757404 0.0481008 -0.0362581
0.757771 -0.0283307 -0.0445373
0.758139 -0.00750412 0.017356
0.758506 -0.00236819 -0.0127643
0.758874 -0.017904 0.0300972
0.759241 0.0617139 -0.00326962
0.759609 -0.03695 -0.0817189
0.759976 -0.0953981 0.0647242
0.760344 0.0695393 0.0698027
0.760711 0.0317229 -0.0794699
0.761079 -0.0802621 -0.0101524
0.761446 -0.0123305 0.0555597
0.761814 0.0210833 0.00619233
0.762181 0.0010339 -0.00480991
0.762549 -0.00746143 -0.000864738
0.762916 -0.0100596 0.00726457
0.763284 -0.00606194 0.00625169
0.763651 -0.0145702 0.0190107
0.764018 0.0163445 0.0255217
0.764386 0.0134657 -0.0243466
0.764753 -0.0445234 -0.00878158
0.765121 -0.0255813 0.0393501
0.765488 0.00955817 0.0204342
0.765856 0.0127772 -0.00499002
0.766223 -0.0143833 -0.0346949
0.766591 -0.0680978 0.00145028
0.766958 -0.00276138 0.0653378
0.767326 0.0655793 -0.0130808
0.767693 -0.0216397 -0.0617094
0.768061 -0.0486403 0.0202852
0.768428 0.0277808 0.0373507
0.768796 0.0421002 -0.00699197
0.769163 0.0141115 -0.014104
0.769531 0.00932776 -0.00304341
0.769898 0.0125332 0.00314148
0.770266 0.0105389 0.0202335
0.770633 0.0349913 0.0233233
0.771001 0.037793 -0.0236122
0.771368 -0.0153891 -0.0253231
0.771736 -0.0175819 0.0235062
0.772103 0.0154472 0.0198867
0.772471 0.0283613 -0.00512622
0.772838 0.0136709 -0.0447853
0.773206 -0.0592085 -0.027474
0.773573 -0.0249677 0.0646863
0.773941 0.0725476 0.00602827
0.774308 -0.00975351 -0.0714733
0.774676 -0.0604181 0.0189194
0.775043 0.0137303 0.0414523
0.775411 0.0105518 0.00215799
0.775778 -0.0017706 0.0117423
0.776146 0.000942321 -0.000416068
0.776513 -0.0163408 0.0067566
0.776881 -0.0128135 0.0192634
0.777248 -0.00567564 0.025139
0.777616 0.0342083 0.00851428
0.777983 0.00543337 -0.0531304
0.778351 -0.0627637 -0.00124768
0.778718 0.014969 0.0444427
0.779086 0.0464922 -0.0350453
0.779453 -0.00216698 -0.0390462
0.779821 -0.00725715 -0.0353508
0.780188 -0.0436563 -0.00701546
0.780556 0.0388045 0.0554867
0.780923 0.0829421 -0.0693548
0.781291 -0.0804854 -0.0691763
0.781658 -0.0272032 0.0861591
0.782026 0.0818947 -0.00149984
0.782393 -0.024385 -0.0402518
0.782761 -0.0117 0.0389689
0.783128 0.0204092 -0.00700169
0.783496 -0.0270386 0.00939119
0.783863 0.00837437 0.0365299
0.784231 0.0167456 0.00554768
0.784598 0.0187527 -0.00193697
0.784966 -0.00980144 -0.0305256
0.785333 -0.041426 0.0359833
0.785701 0.0655879 0.0474528
0.786068 0.0435815 -0.0681815
0.786436 -0.0497648 -0.0201014
0.786803 0.0023305 0.0246156
0.787171 0.00575422 0.00626439
0.787538 0.0391502 0.0150141
0.787906 0.0179259 -0.0838817
0.788273 -0.109361 -0.0131451
0.788641 0.0153187 0.0984398
0.789008 0.0608872 -0.0641917
0.789376 -0.0921205 -0.0484176
0.789743 -0.016303 0.0479437
0.790111 0.000779145 -0.0391976
0.790478 -0.0655201 0.0115007
0.790845 0.0260776 0.0253026
0.791213 0.00195611 -0.0537224
0.79158 -0.045455 -0.00107357
0.791948 -0.0103845 0.0147021
0.792315 0.00169691 0.0237119
0.792683 0.0584458 0.00455934
0.79305 -0.00107872 -0.0635744
0.793418 -0.0601044 0.0299312
0.793785 0.0451329 0.0584205
0.794153 0.0424922 -0.0185551
0.79452 0.00683816 -0.0111175
0.794888 -0.014317 -0.0250223
0.795255 -0.047868 0.0439285
0.795623 0.0639372 0.0582714
0.79599 0.029148 -0.0750314
0.796358 -0.0785477 0.00887215
0.796725 0.0296726 0.0549472
0.797093 -0.00220342 -0.0397482
0.79746 -0.0400446 0.0517306
0.797828 0.074245 0.0225737
0.798195 -0.0221663 -0.0695812
0.798563 -0.0721159 0.0549435
0.79893 0.0485605 0.0650342
0.799298 0.0386005 -0.0140919
0.799665 -0.00569496 -0.0169321
0.800033 -0.0364668 -0.00466422
0.8004 -0.0168753 0.0583802
0.800768 0.0622743 0.024918
0.801135 0.0120014 -0.0561919
0.801503 -0.0392007 -0.0164826
0.80187 -0.0118287 0.0149139
0.802238 0.0146226 0.0206408
0.802605 0.0466484 -0.0294435
0.802973 -0.0217152 -0.0685193
0.80334 -0.0324039 0.0251695
0.803708 0.0509102 -0.00199684
0.804075 -0.0178951 -0.0493804
0.804443 -0.00120403 0.0407135
0.80481 0.0736646 -0.0351699
0.805178 -0.0569031 -0.0689771
0.805545 -0.0415512 0.0798228
0.805913 0.0963566 0.0255687
0.80628 0.0190117 -0.0824389
0.806648 -0.0614694 -0.0121228
0.807015 -0.0117026 0.0491907
0.807383 0.0428211 0.0234142
0.80775 0.0328906 -0.0383222
0.808118 -0.0289577 -0.0386333
0.808485 -0.0345552 0.0228637
0.808853 0.0106001 0.0362897
0.80922 0.0348733 -0.00431151
0.809588 -0.00352176 -0.0430062
0.809955 -0.057261 0.00985182
0.810323 0.000577603 0.0547886
0.81069 0.0214223 -0.0167903
0.811058 -0.0403127 0.00256066
0.811425 0.0082399 0.0418233
0.811793 -0.000395363 -0.0357153
0.81216 -0.0752708 0.0135883
0.812528 0.0177562 0.0803699
0.812895 0.062615 -0.03008
0.813263 -0.0476108 -0.0632521
0.81363 -0.0590882 0.0382904
0.813998 0.0411886 0.0549026
0.814365 0.0601555 -0.0381742
0.814733 -0.0215385 -0.0615117
0.8151 -0.0314728 0.00984982
0.815468 0.0208629 0.0200036
0.815835 0.0315071 -0.0054081
0.816203 0.0329376 -0.0333175
0.81657 -0.0212857 -0.0467103
0.816938 -0.0361826 0.0325807
0.817305 0.047305 0.0243951
0.817673 0.00952749 -0.0420507
0.81804 -0.0222141 0.0133093
0.818407 0.0227427 -0.00880951
0.818775 -0.0427391 -0.0206533
0.819142 -0.00743464 0.0743378
0.81951 0.0819106 -0.00314261
0.819877 -0.0158783 -0.072715
0.820245 -0.0537215 0.0280809
0.820612 0.0249409 0.0612011
0.82098 0.061715 0.00527956
0.821347 0.0248506 -0.0554993
0.821715 -0.0497752 -0.0119196
0.822082 -0.00186219 0.0640778
0.82245 0.0456123 -0.00368135
0.822817 -0.00902253 -0.0284543
0.823185 -0.00652277 -0.00933248
0.823552 -0.0430315 -0.0261971
0.82392 -0.0450384 0.0331965
0.824287 0.0292548 -0.00496264
0.824655 -0.0368009 -0.0521389
0.825022 -0.0415836 0.0100827
0.82539 -0.0174204 -0.0373001
0.825757 -0.0807839 0.0138733
0.826125 0.0441555 0.0713815
0.826492 0.049157 -0.0957067
0.82686 -0.12174 -0.0300665
0.827227 -0.00883025 0.119912
0.827595 0.0859166 0.00771732
0.827962 0.00464546 -0.0365411
0.82833 -0.0192699 0.000296994
0.828697 -0.0262119 0.0414528
0.829065 0.0462941 0.062061
0.829432 0.0572741 -0.0332267
0.8298 -0.0295676 -0.0129872
0.830167 0.012315 0.0294633
0.830535 0.00766681 -0.0168503
0.830902 0.00283636 0.0290916
0.83127 0.0558942 -0.0106624
0.831637 -0.0195695 -0.0430528
0.832005 -0.00406999 0.0240004
0.832372 0.0157266 -0.0142673
0.83274 -0.0268196 0.0438026
0.833107 0.0870594 0.0301227
0.833475 -0.00635094 -0.10765
0.833842 -0.122303 0.0728724
0.83421 0.0874497 0.125269
0.834577 0.0653729 -0.0809203
0.834945 -0.0779274 -0.0153936
0.835312 -0.0122979 0.0575993
0.83568 0.00408016 0.0260052
0.836047 0.038205 0.0150346
0.836415 0.0193571 -0.0624619
0.836782 -0.055811 -0.00933058
0.83715 0.0237793 0.0270933
0.837517 0.0236538 -0.0436472
0.837885 0.00466931 -0.00982565
0.838252 0.0385896 -0.0476453
0.83862 -0.0347534 -0.0524228
0.838987 0.000890011 0.0209045
0.839355 0.030845 -0.0323681
0.839722 -0.00446162 -0.0136378
0.84009 0.0409277 -0.0399322
0.840457 -0.0733718 -0.0671598
0.840825 -0.05237 0.103383
0.841192 0.12596 -0.0013903
0.84156 -0.0438534 -0.130869
0.841927 -0.10418 0.0620136
0.842295 0.0463551 0.0451199
0.842662 -0.00147716 -0.0291029
0.84303 0.00752438 0.0161622
0.843397 -0.00224325 -0.0389102
0.843765 -0.0613233 0.0209459
0.844132 0.0365175 0.0523137
0.8445 0.0283483 -0.0203741
0.844867 -0.00661015 0.0089701
0.845234 0.00541549 -0.0146641
0.845602 -0.0469864 0.0182707
0.845969 0.0210283 0.0715481
0.846337 0.0349647 -0.0180376
0.846704 -0.0293826 -0.013513
0.847072 -0.0256265 -0.00450329
0.847439 -0.0740454 0.0346083
0.847807 0.039291 0.0923146
0.848174 0.0710965 -0.100924
0.848542 -0.152245 -0.05973
0.848909 -0.0261888 0.138806
0.849277 0.103418 -0.0372642
0.849644 -0.0582595 -0.0617187
0.850012 0.0019207 0.04433
0.850379 0.0234963 -0.0460946
0.850747 -0.0429677 0.0177568
0.851114 0.0561021 0.0438404
0.851482 0.0345881 -0.0431108
0.851849 -0.00710426 -0.0114092
0.852217 -0.0023581 -0.00553138
0.852584 -0.0184094 0.040925
0.852952 0.0665066 0.0293368
0.853319 0.0273198 -0.0699277
0.853687 -0.0458281 -0.00707679
0.854054 -0.00945549 0.0223713
0.854422 -0.00257878 0.0351838
0.854789 0.0943862 0.0111353
0.855157 0.00401122 -0.130093
0.855524 -0.146591 0.047741
0.855892 0.103008 0.136115
0.856259 0.098748 -0.122493
0.856627 -0.116042 -0.0160596
0.856994 0.0336406 0.093749
0.857362 0.0329983 -0.050645
0.857729 -0.050475 0.0335461
0.858097 0.0515875 0.0381196
0.858464 -0.00408288 -0.0500319
0.858832 -0.0462588 0.00815356
0.859199 -0.0212112 0.0174055
0.859567 -0.00602829 0.0341835
0.859934 0.0472548 -0.0275367
0.860302 -0.0572974 -0.0777042
0.860669 -0.0715072 0.0475857
0.861037 0.0355208 0.0197744
0.861404 0.00133963 -0.0245965
0.861772 0.0210329 -0.0201325
0.862139 -0.0520137 -0.0723749
0.862507 -0.0777834 0.0907568
0.862874 0.140819 0.0592427
0.863242 0.0139095 -0.143868
0.863609 -0.120433 0.0452541
0.863977 0.0842852 0.0801275
0.864344 0.0275501 -0.0600124
0.864712 -0.0241918 0.0410765
0.865079 0.0705425 -0.00787124
0.865447 -0.0203305 -0.050556
0.865814 -0.011081 0.0450905
0.866182 0.041395 0.00713114
0.866549 0.0348484 -0.011835
0.866917 0.0377367 -0.059038
0.867284 -0.0727473 -0.0326219
0.867652 9.40201e-05 0.0957236
0.868019 0.108044 -0.0306328
0.868387 -0.037503 -0.0790356
0.868754 -0.0448361 0.0344586
0.869122 -0.00928498 0.0145163
0.869489 -0.00773457 0.0496166
0.869857 0.0590408 -0.00958359
0.870224 -0.0690196 -0.0675138
0.870592 -0.0736631 0.0856274
0.870959 0.0565802 0.0283203
0.871327 -0.0345269 -0.0334906
0.871694 -0.00322649 0.0394018
0.872062 0.0209283 -0.0541088
0.872429 -0.0840214 -0.00269609
0.872796 0.0273072 0.067309
0.873164 0.0591924 -0.0519607
0.873531 -0.0136108 -0.0414133
0.873899 -0.0122433 -0.0336922
0.874266 -0.0585866 0.00500982
0.874634 0.055456 0.0688569
0.875001 0.0873162 -0.0984067
0.875369 -0.114755 -0.0845238
0.875736 -0.0569697 0.0882698
0.876104 0.068918 0.0204693
0.876471 0.00947728 -0.049458
0.876839 -0.0480271 -0.0321256
0.877206 -0.0576495 0.0298923
0.877574 0.0277281 0.053697
0.877941 0.0139979 -0.0252356
0.878309 -0.0372291 0.0375332
0.878676 0.0664636 0.0307035
0.879044 -0.0196294 -0.0524222
0.879411 -0.0595815 0.107628
0.879779 0.126431 0.0759846
0.880146 0.0397905 -0.0807862
0.880514 -0.0554401 0.0301007
0.880881 0.0256301 0.0538172
0.881249 0.0139336 0.0298838
0.881616 0.0656973 0.0301706
0.881984 0.0264866 -0.0886311
0.882351 -0.107307 -0.0147297
0.882719 0.00500637 0.0993058
0.883086 0.0933489 -0.0265104
0.883454 -0.0174586 -0.109214
0.883821 -0.0943774 -0.0167757
0.884189 -0.0023637 0.0752081
0.884556 0.0774442 -0.0353836
0.884924 -0.0569315 -0.0817227
0.885291 -0.0277503 0.0668961
0.885659 0.0799056 -0.0330941
0.886026 -0.0939643 -0.0612289
0.886394 -0.0112699 0.128124
0.886761 0.148629 -0.0420696
0.887129 -0.0780564 -0.119446
0.887496 -0.0732961 0.0895562
0.887864 0.0897975 0.0229422
0.888231 0.0251481 -0.0567778
0.888599 0.00573244 -0.0293202
0.888966 -0.0214724 -0.047655
0.889334 -0.0260794 0.0235175
0.889701 0.0602891 0.0173882
0.890069 0.0385842 -0.0594217
0.890436 -0.0280747 -0.0602995
0.890804 -0.0672273 0.0143914
0.891171 0.0279753 0.0861735
0.891539 0.0795185 -0.0554498
0.891906 -0.10098 -0.0535836
0.892274 -0.0288598 0.114573
0.892641 0.0520933 -0.031139
0.893009 -0.122216 0.00606716
0.893376 0.0394421 0.139463
0.893744 0.067981 -0.107427
0.894111 -0.190259 -0.0217742
0.894479 -0.00216554 0.181332
0.894846 0.11392 -0.0317862
0.895214 -0.0616821 -0.0704051
0.895581 -0.0523416 0.022279
0.895949 -0.0179902 0.0368802
0.896316 0.0456561 0.0471366
0.896684 0.0427282 -0.0594348
0.897051 -0.0541334 -0.0217917
0.897419 0.0140808 0.0393045
0.897786 -0.00307631 -0.00584806
0.898154 0.0105603 0.0553418
0.898521 0.081691 -0.0431667
0.898889 -0.0735232 -0.0516598
0.899256 -0.00924644 0.100243
0.899624 0.0707592 -0.0340306
0.899991 -0.049541 0.00106428
0.900358 0.0950862 0.0480907
0.900726 0.0108131 -0.144685
0.901093 -0.138264 0.0668945
0.901461 0.158672 0.124059
0.901828 0.104661 -0.15934
0.902196 -0.100741 -0.0353113
0.902563 0.0212155 0.0667632
0.902931 0.0423834 0.0192758
0.903298 0.0826282 0.00859845
0.903666 0.0171249 -0.103008
0.904033 -0.105494 0.0365014
0.904401 0.0676216 0.0911432
0.904768 0.0231649 -0.0767332
0.905136 -0.0627588 0.0320385
0.905503 0.0476492 0.00249593
0.905871 -0.0800154 -0.062877
0.906238 -0.0490939 0.079715
0.906606 0.0588936 -0.0176081
0.906973 -0.0443517 -0.036805
0.907341 0.00998434 -0.0103406
0.907708 -0.0620507 -0.0781962
0.908076 -0.0583962 0.108994
0.908443 0.16395 0.00100281
0.908811 -0.0475454 -0.186825
0.909178 -0.125481 0.0707629
0.909546 0.0892594 0.0539091
0.909913 0.00254098 -0.0540815
0.910281 0.0135024 3.05982e-05
0.910648 -0.0198823 -0.0911534
0.911016 -0.120073 0.0550525
0.911383 0.0892319 0.0776062
0.911751 0.0132506 -0.133096
0.912118 -0.113137 0.0232766
0.912486 0.0483976 0.036545
0.912853 -0.0422158 -0.0603637
0.913221 -0.0333776 0.0835755
0.913588 0.0903263 -0.00207113
0.913956 -0.0317084 -0.0568628
0.914323 -0.0305329 0.0483181
0.914691 0.00946911 0.055675
0.915058 0.0616835 0.0786425
0.915426 0.0926931 -0.0576123
0.915793 -0.109275 -0.0353392
0.916161 -0.00755984 0.18067
0.916528 0.145955 -0.00677093
0.916896 -0.0519728 -0.069878
0.917263 -0.00540976 0.0684712
0.917631 0.0143563 -0.041768
0.917998 -0.079656 0.0384846
0.918366 0.0926032 0.0411782
0.918733 0.00155 -0.135982
0.919101 -0.121078 0.0200466
0.919468 0.0437403 0.034781
0.919836 -0.0146194 -0.0683336
0.920203 -0.0231008 0.0404193
0.920571 0.0578305 -0.0430243
0.920938 -0.0822833 -0.0743886
0.921306 -0.0566808 0.0893365
0.921673 0.0832193 0.0523361
0.922041 0.0505032 -0.0687424
0.922408 -0.0690014 -0.0661369
0.922776 -0.0830326 0.0901475
0.923143 0.110579 0.0972786
0.923511 0.0796802 -0.120628
0.923878 -0.106082 -0.0343465
0.924246 0.0263339 0.0845075
0.924613 0.0570867 -0.0516413
0.924981 -0.0224839 0.00228218
0.925348 0.082463 0.0060783
0.925716 0.000368566 -0.098522
0.926083 -0.064004 0.0312866
0.926451 0.0666459 0.0447949
0.926818 0.0225292 -0.0398548
0.927185 -0.0117756 0.00928485
0.927553 0.010138 -0.0250302
0.92792 -0.081158 0.00620747
0.928288 -0.0205436 0.124136
0.928655 0.0973906 0.010575
0.929023 -0.0385971 -0.111717
0.92939 -0.159417 0.0544721
0.929758 0.0205189 0.167351
0.930125 0.127079 -0.0388023
0.930493 -0.0669452 -0.108237
0.93086 -0.0869213 0.0848347
0.931228 0.0700072 0.0572456
0.931595 0.0272246 -0.0467594
0.931963 0.00653154 0.00934634
0.93233 0.0459385 -0.0240716
0.932698 -0.0256882 -0.0406565
0.933065 -0.00554327 0.0364141
0.933433 0.0663594 0.000433525
0.9338 0.0256926 -0.0631262
0.934168 -0.0252507 -0.0487097
0.934535 -0.0278895 -0.0126723
0.934903 -0.005374 0.00869091
0.93527 0.0359334 -0.00264474
0.935638 0.0457447 -0.0742174
0.936005 -0.073037 -0.091128
0.936373 -0.0916307 0.0835781
0.93674 0.131447 0.0740501
0.937108 0.0671136 -0.155698
0.937475 -0.150434 -0.0173801
0.937843 0.0241969 0.134932
0.93821 0.0899079 -0.0384339
0.938578 -0.0405326 -0.00617153
0.938945 0.0315087 0.0436469
0.939313 -0.00679803 -0.0489281
0.93968 -0.06013 0.0460398
0.940048 0.0472206 0.0592828
0.940415 0.0217613 -0.0363978
0.940783 -0.0298418 -0.0343846
0.94115 -0.0564192 -0.0119954
0.941518 -0.0409723 0.0655048
0.941885 0.0587284 0.014282
0.942253 -0.0145448 -0.0912391
0.94262 -0.0839609 -0.00481913
0.942988 -0.0387932 0.0356671
0.943355 -0.012399 0.050313
0.943723 0.0729154 -0.00751283
0.94409 -0.0554091 -0.114186
0.944458 -0.143971 0.0916116
0.944825 0.10185 0.1024
0.945193 0.0232436 -0.111799
0.94556 -0.0971351 0.0418312
0.945928 0.0705042 0.0349538
0.946295 -0.0396133 -0.0723745
0.946663 -0.0424782 0.0997709
0.94703 0.120646 0.00555937
0.947398 -0.00820505 -0.0962456
0.947765 -0.032244 0.0202819
0.948133 0.00706491 0.0194764
0.9485 0.0333185 0.0630703
0.948868 0.136071 -0.0330156
0.949235 -0.0484415 -0.117206
0.949603 -0.0938854 0.116922
0.94997 0.126674 0.0866934
0.950338 0.0640301 -0.0662835
0.950705 -0.0193666 -0.0126488
0.951073 -0.0456593 0.00935073
0.95144 -0.0164844 0.0995911
0.951808 0.125728 0.0184147
0.952175 -0.0294095 -0.103665
0.952543 -0.0726862 0.0705644
0.95291 0.084011 -0.00351849
0.953278 -0.061147 -0.0590987
0.953645 0.00662401 0.099156
0.954013 0.109275 -0.0864676
0.95438 -0.106896 -0.0965172
0.954747 -0.0342529 0.0837494
0.955115 0.0444984 -0.0167184
0.955482 -0.00594593 -0.00592754
0.95585 0.0501359 -0.0613471
0.956217 -0.129875 -0.0923288
0.956585 -0.0855477 0.156707
0.956952 0.165455 0.0178473
0.95732 -0.0398012 -0.169224
0.957687 -0.143119 0.0343905
0.958055 0.0144714 0.0717434
0.958422 0.0409578 0.00184811
0.95879 0.0294555 -0.0441947
0.959157 -0.0466 -0.0464882
0.959525 -0.00179336 0.0506705
0.959892 0.060821 -0.0199978
0.96026 -0.0295465 0.00241668
0.960627 0.0928 0.0486918
0.960995 0.0579482 -0.124057
0.961362 -0.12511 0.0253578
0.96173 0.0782282 0.13537
0.962097 0.0914355 -0.0819807
0.962465 -0.0618567 -0.0132566
0.962832 0.00698575 0.0266566
0.9632 -0.0745272 -0.0100837
0.963567 -0.00914786 0.125071
0.963935 0.122145 -0.0370467
0.964302 -0.11761 -0.1123
0.96467 -0.115577 0.129233
0.965037 0.097647 0.0729203
0.965405 0.0269537 -0.0652305
0.965772 -0.0515251 -0.00644003
0.96614 -0.00737093 0.0412298
0.966507 0.0373442 0.0191444
0.966875 0.00632295 -0.00681274
0.967242 0.0223382 0.0461633
0.96761 0.0998062 -0.0385379
0.967977 -0.06526 -0.104747
0.968345 -0.0748792 0.113132
0.968712 0.17452 0.0296517
0.96908 0.0174817 -0.194132
0.969447 -0.140557 -0.0136635
0.969815 0.0224192 0.040206
0.970182 0.0219895 -0.0595776
0.97055 0.00682102 -0.0355988
0.970917 -0.00460261 -0.103736
0.971285 -0.111194 -0.0452791
0.971652 -0.000543982 0.0828116
0.97202 0.0895418 -0.0334411
0.972387 -0.0391886 -0.0890695
0.972755 -0.0681135 0.0301421
0.973122 0.0269642 0.0678437
0.97349 0.0272912 0.00247349
0.973857 -0.0343985 0.0287606
0.974225 0.0422321 0.0663271
0.974592 0.0249966 -0.0504744
0.97496 -0.137104 0.0353905
0.975327 0.0351263 0.178994
0.975695 0.150174 -0.0681867
0.976062 -0.123306 -0.123799
0.97643 -0.117459 0.115978
0.976797 0.0755641 0.0679171
0.977165 0.0439947 -0.0567249
0.977532 -0.0312266 -0.0679009
0.9779 -0.0945838 -0.0140686
0.978267 -0.0315998 0.0927825
0.978635 0.0752789 0.0196624
0.979002 -0.0106801 -0.0675968
0.97937 -0.0710522 0.0085586
0.979737 -0.0337177 0.064239
0.980105 0.0100155 0.0581096
0.980472 0.0150732 0.00102059
0.98084 -0.0258681 0.0181516
0.981207 0.0207192 0.0309527
0.981574 -0.0320871 -0.0374091
0.981942 -0.0552042 0.094167
0.982309 0.165832 0.0660879
0.982677 0.0557353 -0.168426
0.983044 -0.135638 0.00606507
0.983412 0.0888999 0.123721
0.983779 0.140864 -0.0491941
0.984147 0.0424122 -0.054075
0.984514 0.0227286 -0.058419
0.984882 -0.0408233 0.0234219
0.985249 0.101809 0.106508
0.985617 0.123574 -0.0899215
0.985984 -0.0737497 -0.066737
0.986352 -0.00976326 0.0695687
0.986719 0.0325532 0.00113989
0.987087 -0.0077451 0.0104244
0.987454 0.0293835 -0.0153632
0.987822 -0.0301034 -0.0443249
0.988189 -0.0399869 5.42869e-05
0.988557 -0.0383495 0.00537694
0.988924 0.0235347 0.0621413
0.989292 0.104797 -0.0852906
0.989659 -0.133532 -0.135611
0.990027 -0.0903096 0.158104
0.990394 0.179702 0.0208552
0.990762 -0.0336023 -0.160044
0.991129 -0.08431 0.0383177
0.991497 0.0327322 -0.0152507
0.991864 -0.0743296 0.000503439
0.992232 0.0534711 0.0556379
0.992599 0.0266956 -0.143203
0.992967 -0.147768 -0.0155168
0.993334 0.0151086 0.0782867
0.993702 0.0128213 -0.0733084
0.994069 -0.0410464 -0.00680494
0.994437 0.0356788 -0.0303009
0.994804 -0.0613873 -0.061736
0.995172 -0.0425898 0.0441378
0.995539 0.0456954 0.0290226
0.995907 0.0664763 -0.00834615
0.996274 0.00503195 -0.104624
0.996642 -0.160882 0.0252937
0.997009 0.0792573 0.218532
0.997377 0.199199 -0.112085
0.997744 -0.17679 -0.117917
0.998112 -0.0563333 0.198558
0.998479 0.122246 0.00594869
0.998847 -0.0632655 -0.0201248
0.999214 0.0321554 0.0587927
0.999582 -0.0189196 -0.0749879
0.999949 -0.107861 0.0800376
1.00032 0.0791203 0.0685521
1.00068 -0.00625734 -0.0630902
1.00105 -0.0353209 0.0496471
1.00142 0.0242001 -0.025839
1.00179 -0.09037 0.000527228
1.00215 0.0266955 0.110976
1.00252 0.0813923 -0.0294406
1.00289 -0.0280025 -0.0591472
1.00326 -0.0606493 -0.0215875
1.00362 -0.0669067 0.0965756
1.00399 0.146962 0.0881464
1.00436 0.0658967 -0.221281
1.00473 -0.227908 -0.0309223
1.00509 0.0513607 0.189996
1.00546 0.127352 -0.106621
1.00583 -0.0808751 -0.0680283
1.0062 0.0298965 0.0049793
1.00656 -0.0471604 -0.0619838
1.00693 -0.0281062 0.0940895
1.0073 0.119371 -0.0280273
1.00767 -0.0525472 -0.0707902
1.00803 -0.00266365 0.0759115
1.0084 0.0214312 -0.0378541
1.00877 -0.0788024 0.0797772
1.00914 0.129157 0.108306
1.0095 0.04546 -0.116734
1.00987 -0.123461 0.0328414
1.01024 0.0252019 0.125577
1.01061 0.0683585 0.0485879
1.01097 0.0941815 -0.0184862
1.01134 -0.0357818 -0.104268
1.01171 -0.106466 0.11536
1.01208 0.15649 0.0950938
1.01244 0.0503937 -0.137327
1.01281 -0.0580303 0.0259756
1.01318 0.0609711 -0.0133961
1.01355 -0.0873071 -0.0353874
1.01391 0.0448597 0.116376
1.01428 0.10756 -0.117743
1.01465 -0.155632 -0.0601092
1.01502 0.00582323 0.0885214
1.01538 0.00872791 -0.0874814
1.01575 -0.0819206 0.0696385
1.01612 0.137979 -0.00401558
1.01649 -0.0813075 -0.200659
1.01685 -0.154708 0.124032
1.01722 0.1659 0.0940518
1.01759 0.0718853 -0.14917
1.01796 -0.055625 -0.0645622
1.01832 -0.0310082 0.0252842
1.01869 0.0696671 0.0829919
1.01906 0.150248 -0.0873005
1.01943 -0.0672102 -0.112753
1.01979 0.0129382 0.093081
1.02016 0.104712 -0.0974969
1.02053 -0.117088 -0.0315661
1.0209 0.103661 0.10804
1.02126 0.0676475 -0.208393
1.02163 -0.224793 -0.0183522
1.022 0.0559889 0.131106
1.02237 0.0123443 -0.125732
1.02273 -0.116601 0.0384574
1.0231 0.069278 -0.0318449
1.02347 -0.178354 -0.107724
1.02384 -0.111235 0.229789
1.0242 0.194014 0.0112977
1.02457 -0.0898273 -0.181155
1.02494 -0.182866 0.109145
1.02531 0.0158631 0.157165
1.02567 0.092198 0.0295073
1.02604 0.00254278 -0.0973373
1.02641 -0.168286 0.0462132
1.02678 0.0460597 0.169061
1.02714 0.070701 -0.107144
1.02751 -0.146989 0.0272804
1.02788 0.114261 0.102869
1.02825 -0.000364022 -0.210348
1.02861 -0.210394 0.0718439
1.02898 0.161955 0.130288
1.02935 0.0503798 -0.188624
1.02972 -0.113728 0.0130935
1.03008 0.0669743 0.00794377
1.03045 -0.0764483 -0.020772
1.03082 0.0612628 0.164646
1.03119 0.177405 -0.101714
1.03155 -0.149012 -0.0849745
1.03192 -0.0491943 0.21014
1.03229 0.155135 0.0826948
1.03266 0.0748132 -0.0403982
1.03302 -0.0324393 -0.0382627
1.03339 -0.0809761 0.0917415
1.03376 0.121455 0.119871
1.03413 0.0832541 -0.0965504
1.03449 -0.0736073 0.0286434
1.03486 0.121614 0.0288725
1.03523 -0.0211932 -0.14325
1.0356 -0.0820933 0.132904
1.03596 0.220495 0.0324047
1.03633 0.00259954 -0.220811
1.0367 -0.123594 0.0452776
1.03707 0.0619213 0.0599718
1.03743 0.0027634 -0.0161281
1.0378 0.06054 -0.00395476
1.03817 -0.0254945 -0.135225
1.03854 -0.173768 0.0498464
1.0389 0.0609188 0.112179
1.03927 0.0553255 -0.113216
1.03964 -0.0879929 -0.0573185
1.04001 -0.0468445 -0.011987
1.04037 -0.0481507 -0.00323589
1.04074 0.0424883 0.0109226
1.04111 0.0261023 -0.0920401
1.04148 -0.0403431 -0.0338512
1.04184 0.0232488 -0.0344388
1.04221 -0.0562535 -0.0224544
1.04258 0.0449583 0.100343
1.04295 0.138269 -0.0924258
1.04331 -0.110315 -0.104018
1.04368 -0.0704355 0.132579
1.04405 0.0836833 0.0591486
1.04442 0.0477332 -0.0160295
1.04478 0.00339882 -0.0571714
1.04515 -0.145726 0.00342681
1.04552 -0.00855023 0.189455
1.04589 0.17488 -0.0240687
1.04625 -0.085726 -0.121786
1.04662 -0.0914152 0.108916
1.04699 0.0802188 0.0346165
1.04736 0.00031326 -0.0239474
1.04772 0.0103674 0.0389554
1.04809 0.028238 -0.0171099
1.04846 -0.00645332 -0.023232
1.04883 -0.0362268 0.00738254
1.04919 -0.0127845 0.0920297
1.04956 0.120032 -0.00171604
1.04993 -0.0445575 -0.153191
1.0503 -0.161515 0.0768479
1.05066 0.0634361 0.103835
1.05103 0.0303279 -0.0722351
1.0514 -0.0191542 -0.0307119
1.05177 -0.0464539 -0.0913363
1.05213 -0.155868 0.0608902
1.0525 0.145955 0.14148
1.05287 0.129501 -0.226617
1.05324 -0.217472 -0.0767455
1.0536 0.0357945 0.173666
1.05397 0.1525 -0.0730728
1.05434 -0.0309494 -0.0582221
1.05471 0.0413998 0.0158729
1.05507 0.0318448 -0.0461713
1.05544 -0.00805314 0.00168588
1.05581 -0.00700562 0.0195592
1.05618 0.0553916 0.046345
1.05654 0.0940485 -0.111374
1.05691 -0.184961 -0.0923164
1.05728 -0.0704412 0.211553
1.05765 0.188894 -0.034666
1.05801 -0.111896 -0.148482
1.05838 -0.0855144 0.10171
1.05875 -0.00500997 -0.0424536
1.05912 -0.132562 0.091826
1.05948 0.165492 0.120625
1.05985 -0.01355 -0.221415
1.06022 -0.27452 0.122576
1.06059 0.148277 0.223049
1.06095 0.0636986 -0.118794
1.06132 -0.119095 0.0690027
1.06169 0.0761591 0.0543279
1.06206 -0.0558914 -0.0437277
1.06242 -0.0337136 0.117675
1.06279 0.0897808 0.016608
1.06316 0.0340776 -0.0491492
1.06353 -0.00895706 -0.0930368
1.06389 -0.146116 0.0152995
1.06426 0.117555 0.175639
1.06463 0.207773 -0.214075
1.065 -0.229489 -0.14132
1.06536 0.0108157 0.20036
1.06573 0.154404 -0.109546
1.0661 -0.105583 -0.00503865
1.06647 0.140375 0.0606441
1.06683 -0.0351992 -0.200685
1.0672 -0.159817 0.180061
1.06757 0.247858 0.104962
1.06794 -0.0241522 -0.197504
1.0683 -0.0962831 0.141521
1.06867 0.167997 0.0113816
1.06904 -0.101186 -0.0669298
1.06941 0.0261936 0.180932
1.06977 0.194107 -0.0707657
1.07014 -0.0602704 -0.105443
1.07051 -0.048474 0.053246
1.07088 0.0172145 0.0676302
1.07124 0.167931 0.0337891
1.07161 0.0550256 -0.242041
1.07198 -0.275045 -0.00115662
1.07235 0.110306 0.2297
1.07271 0.15465 -0.209
1.07308 -0.21461 -0.0656128
1.07345 0.0311989 0.0800112
1.07382 -0.0665309 -0.142032
1.07418 -0.134705 0.127645
1.07455 0.156939 -0.0279164
1.07492 -0.160515 -0.198382
1.07529 -0.127148 0.168435
1.07565 0.121059 -0.0394264
1.07602 -0.151617 -0.073175
1.07639 0.0436706 0.157086
1.07676 0.115822 -0.143452
1.07712 -0.19003 -0.043229
1.07749 0.0257106 0.176699
1.07786 0.145915 -0.00703808
1.07823 0.0457271 -0.0645035
1.07859 -0.0538792 -0.0897955
1.07896 -0.116403 0.11693
1.07933 0.203625 0.150845
1.0797 0.103994 -0.220912
1.08006 -0.203986 -0.0203644
1.08043 0.0659889 0.135736
1.0808 0.0384746 -0.0713117
1.08117 -0.0402036 0.0638487
1.08153 0.109976 -0.0468248
1.0819 -0.122059 -0.0964718
1.08227 -0.0516792 0.168402
1.08264 0.114084 -0.00852633
1.083 -0.065927 -0.0245512
1.08337 0.0508344 0.0748766
1.08374 -0.0211237 -0.0974261
1.08411 -0.159037 0.118556
1.08447 0.146608 0.153328
1.08484 0.0711306 -0.14678
1.08521 -0.149009 -0.0293049
1.08558 -0.0386728 0.0842246
1.08594 0.019989 0.051667
1.08631 0.0835106 -0.0191039
1.08668 -0.0181282 -0.159026
1.08705 -0.140208 0.000824436
1.08741 0.043354 0.0795518
1.08778 0.0600239 -0.0811313
1.08815 -0.0099016 -0.0561488
1.08852 0.0118098 -0.0480618
1.08888 -0.0610624 -0.0202675
1.08925 -0.000633466 0.058264
1.08962 0.0625703 -0.0047787
1.08999 0.0232956 -0.0174755
1.09035 -0.013109 -0.0540101
1.09072 -0.131078 0.0112527
1.09109 0.0251376 0.189582
1.09145 0.196484 -0.0445858
1.09182 -0.11225 -0.183981
1.09219 -0.165021 0.132679
1.09256 0.135583 0.133114
1.09292 0.0872382 -0.0913237
1.09329 -0.0628769 -0.0368901
1.09366 -0.00908107 0.0471318
1.09403 0.0142209 0.032381
1.09439 0.00983693 0.0610163
1.09476 0.0730578 0.0335723
1.09513 0.00872776 -0.0508168
1.0955 -0.094372 0.0547345
1.09586 0.0333196 0.121056
1.09623 0.046733 -0.0154152
1.0966 -0.0491427 0.0402021
1.09697 0.0601465 0.0309943
1.09733 -0.0544105 -0.107693
1.0977 -0.130939 0.129192
1.09807 0.199549 0.116222
1.09844 0.0976282 -0.264092
1.0988 -0.229191 -0.0797226
1.09917 0.0195663 0.207855
1.09954 0.243392 -0.0508008
1.09991 0.0078329 -0.243249
1.10027 -0.130647 -0.0162349
1.10064 0.0790669 0.0984005
1.10101 0.105556 -0.108335
1.10138 -0.0665143 -0.0595172
1.10174 0.0715937 0.039036
1.10211 0.0115665 -0.143727
