1.07351 0 0.431528 -1.28878e-09 0.00239225 9.99655e-10 -0.091516 -1.94613e-09 -0.0618511 -4.67497e-13 0.464474 -3.78951e-10 -0.0277866 -5.23408e-09 -0.0592695 2.38868e-09 0.0218882 -3.75018e-09 0.0517595 3.31413e-10 -0.000658513 -7.86901e-09 0.0587243 2.53089e-09 -0.00541551 -4.29633e-09 0.00104535 5.42017e-10 0.00112991 -6.73238e-09 0.000166011 1.04745e-09 -0.00187287 -2.97321e-09 -0.053966 3.69041e-10 0.00199584 -3.03556e-09 -0.059439 -8.30219e-12 -2.28634e-05 -1.02865e-09 0.0594507 -3.32626e-12 -0.0477191 4.02994e-10 -0.0443121 -3.55673e-09 0.0565998 2.2736e-09 0.0116043 -7.72048e-09 0.000609683 3.57704e-09 -0.00161877 -8.45346e-09 -0.059047 2.66055e-09 0.00215891 -4.64059e-09 0.0535896 3.7386e-10 -0.00212449 5.30633e-10 0.00658269 -4.1499e-09 -0.0578422 2.55729e-09 -0.00286732 -6.63199e-09 0.0585814 2.61057e-09 -0.00133191 -4.61254e-09 9.17008e-05 5.55423e-10 0.0540908 3.67871e-10 0.00201307 -2.90544e-09 -0.000338679 1.0402e-09 -0.0018531 -2.98629e-09 -0.0534614 3.80856e-10 -0.0594377 1.72261e-15 -4.26402e-05 -1.00779e-09 0.0594507 -1.66797e-12 
0.431528 1.28878e-09 0.984433 0 0.405813 3.13539e-09 0.00563278 2.39171e-12 -0.091516 1.94719e-09 -0.00438365 2.1532e-10 0.00108824 -2.10537e-09 -0.0268055 7.09078e-09 -0.000741967 -1.04746e-09 -0.0284388 3.40602e-09 0.00011747 -4.15974e-09 -0.00160745 8.3984e-09 5.02481e-05 -1.1216e-09 0.00977157 4.67644e-09 -1.48808e-05 -2.7602e-09 0.000730457 7.08871e-09 0.000134117 1.12087e-11 -0.00031352 4.53583e-09 -8.12996e-05 2.07382e-11 0.00199584 3.05286e-09 -1.57664e-05 3.52656e-10 -0.0018531 3.00544e-09 0.434667 2.20794e-09 -0.00304722 -9.25124e-10 -0.0855017 6.86869e-09 0.000898616 -4.13431e-09 0.0156783 9.72326e-09 2.30354e-05 -4.36639e-09 2.91748e-05 8.93414e-09 -0.000101189 -1.15073e-09 -0.00198632 4.81354e-09 -0.0399512 4.29722e-09 0.000627103 -1.10768e-09 0.0204476 8.02817e-09 -0.000397269 -2.70644e-09 -0.00797547 8.83592e-09 0.000134478 -1.1463e-09 0.00133087 5.52059e-09 0.00229178 4.31473e-09 -0.000207801 -5.05702e-15 -0.00321874 6.88886e-09 0.000134117 1.18575e-11 0.00365545 4.73283e-09 0.00201307 2.90544e-09 1.09656e-05 3.40491e-10 -0.00187288 2.9721e-09 
0.00239225 -9.99655e-10 0.405813 -3.13539e-09 1.00477 0 0.405813 -3.13554e-09 0.00239221 -1.00081e-09 -0.0916932 -1.69991e-09 0.409157 -8.34592e-09 0.00338342 2.79816e-09 -0.0818903 -7.87646e-09 -0.00117606 -6.69807e-10 -0.0300636 -1.60401e-08 -0.000753238 2.89444e-09 0.0171643 -9.31987e-09 -0.00147316 -4.34655e-10 0.000658834 -1.44965e-08 -0.000128786 -3.6172e-11 -0.00321874 -6.90074e-09 0.000966061 -7.38655e-10 0.000730458 -7.07191e-09 0.000165975 -1.08025e-09 0.000519164 -2.53031e-09 -0.000338682 -1.06294e-09 -0.00117609 -6.61847e-10 -0.0818903 -7.87407e-09 0.00338345 2.80758e-09 -0.0300636 -1.60399e-08 -0.00192203 4.68986e-09 0.00931282 -1.78544e-08 0.000683161 3.02174e-09 -0.00172028 -1.03831e-08 -0.000114103 -7.91853e-10 -0.00147316 -4.15579e-10 0.0171643 -9.31348e-09 -0.00075327 2.92076e-09 0.000658834 -1.44908e-08 0.000683194 3.03688e-09 -0.00172028 -1.03793e-08 -0.000300327 -6.09756e-10 0.000966091 -7.12567e-10 -0.00321874 -6.88886e-09 -0.000128786 1.02682e-14 0.000730457 -7.06104e-09 -0.000114133 -7.72753e-10 -0.000338715 -1.04019e-09 0.000519164 -2.52312e-09 0.000166008 -1.05997e-09 
-0.091516 1.94613e-09 0.00563278 -2.39171e-12 0.405813 3.13554e-09 0.984433 0 0.431528 1.28939e-09 -0.00438365 2.14497e-10 0.00108824 -2.1109e-09 -0.0855017 6.87666e-09 -0.00304722 -9.19121e-10 0.434667 2.21269e-09 0.000898617 -4.13217e-09 0.0204476 8.04737e-09 0.000627103 -1.09367e-09 -0.0399512 4.312e-09 -0.000397269 -2.69267e-09 -0.00321874 6.91842e-09 -0.0002078 1.83955e-11 0.00229178 4.33655e-09 0.000134117 2.79393e-11 -0.00187288 2.99006e-09 1.09656e-05 3.50085e-10 0.00201307 2.92483e-09 -0.0284388 3.4006e-09 -0.000741968 -1.06034e-09 -0.0268055 7.08654e-09 0.00011747 -4.17608e-09 0.0156783 9.72623e-09 2.30356e-05 -4.37353e-09 -0.00797547 8.84914e-09 0.000134478 -1.14159e-09 0.00365545 4.74906e-09 0.00977157 4.66193e-09 5.02484e-05 -1.14298e-09 -0.00160745 8.38327e-09 -1.48807e-05 -2.78499e-09 2.91732e-05 8.92554e-09 -0.000101189 -1.16285e-09 0.00133087 5.52116e-09 -0.000313521 4.5144e-09 0.000134117 -1.18683e-11 0.000730459 7.06104e-09 -8.12996e-05 -6.03221e-15 -0.00198632 4.79833e-09 -0.0018531 2.98629e-09 -1.57664e-05 3.41546e-10 0.00199584 3.03492e-09 
-0.0618511 4.67497e-13 -0.091516 -1.94719e-09 0.00239221 1.00081e-09 0.431528 -1.28939e-09 1.07351 0 0.464474 -3.7935e-10 -0.0277866 -5.23736e-09 0.0565999 2.27328e-09 -0.0443121 -3.55876e-09 -0.047719 4.02132e-10 0.0116043 -7.72407e-09 -0.0578422 2.55147e-09 0.00658268 -4.15269e-09 -0.00212453 5.25528e-10 -0.00286732 -6.63562e-09 -0.000338718 1.03135e-09 0.00201307 -2.90882e-09 0.0540908 3.62418e-10 -0.0018531 -2.98987e-09 0.0594507 -5.24914e-12 -4.26404e-05 -1.00975e-09 -0.0594377 -7.79991e-12 0.0517595 3.35034e-10 0.0218882 -3.75237e-09 -0.0592694 2.39492e-09 -0.000658515 -7.87426e-09 0.000609646 3.58056e-09 -0.00161878 -8.45821e-09 0.0585814 2.60881e-09 -0.00133192 -4.61522e-09 -0.0534614 3.74675e-10 0.00104531 5.48183e-10 -0.00541552 -4.29785e-09 0.0587243 2.54095e-09 0.00112991 -6.73575e-09 -0.0590469 2.66834e-09 0.00215891 -4.64223e-09 9.16397e-05 5.57757e-10 -0.053966 3.79094e-10 -0.00187288 -2.9721e-09 0.000165972 1.05998e-09 0.00199584 -3.03493e-09 0.0535896 3.78522e-10 0.0594507 1.6707e-12 -2.28635e-05 -1.02745e-09 -0.0594391 2.61926e-15 
0.464474 3.78951e-10 -0.00438365 -2.1532e-10 -0.0916932 1.69991e-09 -0.00438365 -2.14497e-10 0.464474 3.7935e-10 0.99461 0 0.00121241 -1.52415e-09 0.0200248 2.70722e-09 0.0012679 -8.20981e-10 -0.04607 1.14046e-09 -0.000547172 -2.32503e-09 -0.00377466 3.18902e-09 -0.000168256 -8.77464e-10 0.00521489 1.62817e-09 0.000140337 -1.70579e-09 0.000519164 2.53169e-09 1.09655e-05 -3.33897e-10 -0.000354477 1.57317e-09 -1.57663e-05 -3.35701e-10 -2.28666e-05 1.03285e-09 2.95199e-06 3.25627e-12 -4.2637e-05 1.0136e-09 -0.04607 1.13881e-09 0.0012679 -8.2399e-10 0.0200249 2.70543e-09 -0.000547171 -2.32813e-09 -0.00633176 3.89737e-09 9.43905e-05 -2.48013e-09 0.0017001 3.3792e-09 -3.09162e-05 -9.17688e-10 -0.000367223 1.68764e-09 0.00521489 1.6237e-09 -0.000168256 -8.83177e-10 -0.00377467 3.18388e-09 0.000140337 -1.71205e-09 0.0017001 3.37597e-09 -3.09164e-05 -9.20397e-10 -0.000589191 1.96918e-09 -0.000354472 1.56665e-09 1.09657e-05 -3.40495e-10 0.000519164 2.52312e-09 -1.57665e-05 -3.41551e-10 -0.000367229 1.68292e-09 -4.26429e-05 1.00779e-09 2.95198e-06 -9.02745e-16 -2.28608e-05 1.02744e-09 
-0.0277866 5.23408e-09 0.00108824 2.10537e-09 0.409157 8.34592e-09 0.00108824 2.1109e-09 -0.0277866 5.23736e-09 0.00121241 1.52415e-09 0.984237 0 0.419776 9.71088e-09 0.00177187 1.20528e-09 -0.0881794 7.81966e-09 -0.00176201 -1.79203e-09 -0.0316858 1.5501e-08 0.000587154 1.50303e-09 -0.0292536 9.68556e-09 0.000491792 4.47637e-11 0.000658834 1.45658e-08 -0.000397269 2.75646e-09 0.0114872 9.57294e-09 -1.48805e-05 2.82947e-09 0.0011299 6.78245e-09 0.000140337 1.73741e-09 -0.00286731 6.68206e-09 -0.0881794 7.80488e-09 0.00177187 1.18332e-09 0.419776 9.69655e-09 -0.00176201 -1.81368e-09 -0.0821201 1.75701e-08 3.06973e-05 -2.05191e-09 0.0169044 1.68581e-08 -9.60341e-05 1.65767e-09 -0.0026328 1.02703e-08 -0.0292536 9.64705e-09 0.000587154 1.46158e-09 -0.0316858 1.54556e-08 0.000491792 -1.23686e-14 0.0169044 1.68292e-08 -9.6034e-05 1.63769e-09 -0.00576378 1.16815e-08 0.0114872 9.51642e-09 -0.000397269 2.70642e-09 0.000658834 1.44908e-08 -1.48809e-05 2.78497e-09 -0.00263281 1.02294e-08 -0.00286732 6.63198e-09 0.000140337 1.71204e-09 0.00112991 6.73573e-09 
-0.0592695 -2.38868e-09 -0.0268055 -7.09078e-09 0.00338342 -2.79816e-09 -0.0855017 -6.87666e-09 0.0565999 -2.27328e-09 0.0200248 -2.70722e-09 0.419776 -9.71088e-09 1.07021 0 0.412615 -6.21932e-09 -0.0527531 -2.76554e-09 0.420117 -1.26144e-08 -0.0543777 -2.45713e-11 -0.0809635 -1.01605e-08 -0.000832459 -2.73154e-09 -0.0316858 -1.54839e-08 -0.000753274 -2.96924e-09 0.0204476 -8.05559e-09 0.0512987 -2.70366e-09 -0.00160746 -8.40945e-09 0.0587243 -2.57046e-09 -0.00377467 -3.19852e-09 -0.0578422 -2.59251e-09 0.0518077 -2.60757e-09 -0.0281694 -1.04054e-08 -0.0580051 1.6248e-11 -0.0839587 -1.81744e-08 0.00163854 1.84369e-09 -0.028822 -1.91827e-08 0.0565937 -2.97449e-11 0.00780842 -1.18491e-08 -0.0525378 -2.96946e-09 0.000480955 -2.79046e-09 0.014355 -1.15704e-08 0.0565937 2.10346e-11 0.0169044 -1.68292e-08 -0.058488 1.01652e-14 0.00241985 -1.2209e-08 0.000407176 -3.03496e-09 -0.0527855 -2.93348e-09 -0.00797547 -8.83592e-09 0.000683159 -3.03685e-09 2.91745e-05 -8.92554e-09 0.0529668 -2.97947e-09 0.0585814 -2.61056e-09 0.0017001 -3.37597e-09 -0.059047 -2.66833e-09 
0.0218882 3.75018e-09 -0.000741967 1.04746e-09 -0.0818903 7.87646e-09 -0.00304722 9.19121e-10 -0.0443121 3.55876e-09 0.0012679 8.20981e-10 0.00177187 -1.20528e-09 0.412615 6.21932e-09 0.986083 0 0.43541 3.67303e-09 0.000462297 -2.73322e-09 -0.0809635 1.01706e-08 -0.00167434 1.37257e-11 0.421949 4.30842e-09 0.000587154 -1.45284e-09 0.0171643 9.36165e-09 0.000627103 1.13136e-09 -0.0409723 5.84793e-09 5.02484e-05 1.16301e-09 -0.00541552 4.32677e-09 -0.000168256 8.96685e-10 0.00658269 4.18072e-09 0.0145952 5.94202e-09 -0.000557485 -1.45171e-11 -0.0281694 1.04013e-08 5.83266e-05 -3.31737e-09 -0.0290261 1.27383e-08 -0.000473859 -3.33876e-09 0.014355 1.15948e-08 0.000103372 4.06957e-11 -0.0039078 6.73346e-09 0.000301382 7.36131e-09 0.000103372 -4.18982e-11 0.00780842 1.18312e-08 -9.60342e-05 -1.63771e-09 0.00241986 1.2209e-08 5.05325e-05 -7.3392e-15 -0.0022762 7.90664e-09 6.11761e-05 6.8939e-09 0.000134478 1.14629e-09 -0.00172028 1.03793e-08 -0.000101189 1.16283e-09 -0.00106024 7.07505e-09 -0.00133192 4.61253e-09 -3.09163e-05 9.20391e-10 0.00215891 4.64222e-09 
0.0517595 -3.31413e-10 -0.0284388 -3.40602e-09 -0.00117606 6.69807e-10 0.434667 -2.21269e-09 -0.047719 -4.02132e-10 -0.04607 -1.14046e-09 -0.0881794 -7.81966e-09 -0.0527531 2.76554e-09 0.43541 -3.67303e-09 1.06255 0 -0.0309897 -1.08216e-08 0.0512986 2.66556e-09 -0.0409723 -5.82476e-09 0.00519544 2.56506e-10 0.0114872 -9.53307e-09 0.000966093 6.99313e-10 0.00229178 -4.32565e-09 -0.0503963 -1.22517e-11 -0.000313521 -4.525e-09 -0.053966 -3.90568e-10 -0.000354474 -1.57181e-09 0.0540907 -3.76144e-10 -0.0473271 4.20138e-12 0.0145952 -5.95114e-09 0.0518077 2.62666e-09 0.0179817 -1.16559e-08 9.20469e-05 4.19536e-09 2.51504e-05 -1.23663e-08 -0.0527855 2.93655e-09 6.11775e-05 -6.90559e-09 0.0480944 -1.31889e-11 0.000171882 2.06315e-10 -0.0039078 -6.70719e-09 -0.0525378 2.94346e-09 -0.0026328 -1.02294e-08 0.0529668 2.97949e-09 -0.00106024 -7.07506e-09 -1.64094e-06 1.83834e-10 0.0480944 8.9275e-12 0.00365545 -4.73284e-09 -0.0001141 7.72767e-10 -0.00198632 -4.79833e-09 -0.0483051 5.01731e-15 -0.0534614 -3.80849e-10 -0.000367226 -1.68292e-09 0.0535896 -3.78517e-10 
-0.000658513 7.86901e-09 0.00011747 4.15974e-09 -0.0300636 1.60401e-08 0.000898617 4.13217e-09 0.0116043 7.72407e-09 -0.000547172 2.32503e-09 -0.00176201 1.79203e-09 0.420117 1.26144e-08 0.000462297 2.73322e-09 -0.0309897 1.08216e-08 0.983495 0 0.420117 1.26455e-08 0.000462299 2.75873e-09 -0.0865822 1.17845e-08 -0.00176201 1.85011e-09 -0.0300636 1.61314e-08 0.000898617 4.18827e-09 -0.0309897 1.08709e-08 0.00011747 4.22308e-09 -0.000658515 7.93164e-09 -0.000547171 2.35715e-09 0.0116043 7.78211e-09 0.0179817 1.16342e-08 5.83258e-05 3.2756e-09 -0.0839587 1.81553e-08 0.00275243 -2.71792e-11 0.408454 1.45962e-08 0.00275243 -6.96502e-15 -0.0839587 1.82115e-08 5.83267e-05 3.32836e-09 0.0179817 1.17055e-08 0.0165953 1.34373e-08 -0.000473859 3.31115e-09 -0.028822 1.91604e-08 3.06972e-05 2.05189e-09 -0.028822 1.91827e-08 -0.000473859 3.33874e-09 0.0165953 1.34882e-08 2.51496e-05 1.23454e-08 2.30356e-05 4.36637e-09 0.00931282 1.78544e-08 2.30355e-05 4.37351e-09 2.51471e-05 1.23663e-08 -0.00161878 8.45345e-09 9.43905e-05 2.48012e-09 -0.00161877 8.45819e-09 
0.0587243 -2.53089e-09 -0.00160745 -8.3984e-09 -0.000753238 -2.89444e-09 0.0204476 -8.04737e-09 -0.0578422 -2.55147e-09 -0.00377466 -3.18902e-09 -0.0316858 -1.5501e-08 -0.0543777 2.45713e-11 -0.0809635 -1.01706e-08 0.0512986 -2.66556e-09 0.420117 -1.26455e-08 1.07021 0 0.412615 -6.2324e-09 -0.000832425 -2.71928e-09 0.419776 -9.73025e-09 0.00338346 -2.83966e-09 -0.0855017 -6.90019e-09 -0.0527531 -2.7876e-09 -0.0268055 -7.11662e-09 -0.0592694 -2.42132e-09 0.0200249 -2.72059e-09 0.0565998 -2.29989e-09 -0.0525378 -2.91505e-09 0.00780843 -1.18532e-08 0.0565936 3.63247e-11 -0.028822 -1.9217e-08 0.00163857 1.87531e-09 -0.0839587 -1.82115e-08 -0.0580051 4.21674e-15 -0.0281694 -1.04324e-08 0.0518076 -2.63972e-09 0.000407223 -2.99282e-09 0.00241986 -1.222e-08 -0.058488 4.23053e-11 0.0169044 -1.68581e-08 0.0565936 2.97605e-11 0.014355 -1.15948e-08 0.000481003 -2.81071e-09 0.0529668 -2.95722e-09 2.91754e-05 -8.93414e-09 0.000683197 -3.02172e-09 -0.00797547 -8.84913e-09 -0.0527855 -2.93654e-09 -0.059047 -2.66054e-09 0.0017001 -3.37919e-09 0.0585814 -2.6088e-09 
-0.00541551 4.29633e-09 5.02481e-05 1.1216e-09 0.0171643 9.31987e-09 0.000627103 1.09367e-09 0.00658268 4.15269e-09 -0.000168256 8.77464e-10 0.000587154 -1.50303e-09 -0.0809635 1.01605e-08 -0.00167434 -1.37257e-11 -0.0409723 5.82476e-09 0.000462299 -2.75873e-09 0.412615 6.2324e-09 0.986083 0 0.421949 4.30449e-09 0.00177187 -1.19332e-09 -0.0818903 7.91787e-09 -0.00304722 9.39526e-10 0.43541 3.69106e-09 -0.000741967 1.07149e-09 0.0218882 3.77862e-09 0.0012679 8.34398e-10 -0.0443121 3.58386e-09 -0.0039078 6.69986e-09 0.000103372 -5.41956e-13 0.014355 1.15744e-08 -0.000473859 -3.37864e-09 -0.0290261 1.27471e-08 5.83261e-05 -3.32837e-09 -0.0281694 1.04324e-08 -0.000557485 -3.37574e-15 0.0145952 5.97504e-09 -0.0022762 7.88345e-09 5.05324e-05 -2.78687e-11 0.00241985 1.2206e-08 -9.6034e-05 -1.65768e-09 0.00780843 1.18491e-08 0.000103372 -4.07065e-11 0.000301381 7.38667e-09 -0.00106024 7.06622e-09 -0.000101189 1.15072e-09 -0.00172028 1.03831e-08 0.000134478 1.14158e-09 6.11736e-05 6.90558e-09 0.00215891 4.64058e-09 -3.09163e-05 9.17682e-10 -0.00133191 4.61521e-09 
0.00104535 -5.42017e-10 0.00977157 -4.67644e-09 -0.00147316 4.34655e-10 -0.0399512 -4.312e-09 -0.00212453 -5.25528e-10 0.00521489 -1.62817e-09 -0.0292536 -9.68556e-09 -0.000832459 2.73154e-09 0.421949 -4.30842e-09 0.00519544 -2.56506e-10 -0.0865822 -1.17845e-08 -0.000832425 2.71928e-09 0.421949 -4.30449e-09 1.01091 0 -0.0292536 -9.68287e-09 -0.00147316 4.08642e-10 -0.0399512 -4.31462e-09 0.00519541 -2.68056e-10 0.00977157 -4.68029e-09 0.00104531 -5.5621e-10 0.00521489 -1.63125e-09 -0.00212449 -5.40933e-10 0.00017185 -1.89166e-10 0.000301381 -7.38537e-09 0.00048099 2.8289e-09 0.0165953 -1.34902e-08 -0.00100109 4.27301e-09 0.0165953 -1.34882e-08 0.000480955 2.81072e-09 0.000301382 -7.38668e-09 0.000171882 -2.08803e-10 -0.000285938 1.35765e-11 -0.0022762 -7.90558e-09 0.000407188 3.04377e-09 -0.00576378 -1.16815e-08 0.000407223 3.03497e-09 -0.0022762 -7.90665e-09 -0.000285938 3.17163e-15 -1.65238e-06 -1.79296e-10 0.00133087 -5.5206e-09 -0.000300327 6.09768e-10 0.00133087 -5.52116e-09 -1.68454e-06 -1.83827e-10 9.16524e-05 -5.55419e-10 -0.000589191 -1.96918e-09 9.16881e-05 -5.57751e-10 
0.00112991 6.73238e-09 -1.48808e-05 2.7602e-09 0.000658834 1.44965e-08 -0.000397269 2.69267e-09 -0.00286732 6.63562e-09 0.000140337 1.70579e-09 0.000491792 -4.47637e-11 -0.0316858 1.54839e-08 0.000587154 1.45284e-09 0.0114872 9.53307e-09 -0.00176201 -1.85011e-09 0.419776 9.73025e-09 0.00177187 1.19332e-09 -0.0292536 9.68287e-09 0.984237 0 0.409157 8.39681e-09 0.00108824 2.13313e-09 -0.0881794 7.85255e-09 0.00108824 2.13313e-09 -0.0277866 5.27576e-09 0.00121241 1.54204e-09 -0.0277866 5.27576e-09 -0.00263281 1.0215e-08 -9.6034e-05 1.58579e-09 0.0169044 1.68253e-08 3.06974e-05 -2.12964e-09 -0.0821201 1.75851e-08 -0.00176202 -1.85012e-09 0.419776 9.73025e-09 0.00177187 1.19331e-09 -0.0881794 7.85255e-09 -0.00576378 1.16435e-08 -9.60342e-05 1.58579e-09 0.0169044 1.68253e-08 0.000491792 -4.47761e-11 -0.0316858 1.54839e-08 0.000587155 1.45283e-09 -0.0292536 9.68286e-09 -0.0026328 1.02149e-08 -1.48807e-05 2.76019e-09 0.000658834 1.44965e-08 -0.000397269 2.69265e-09 0.0114872 9.53305e-09 0.00112991 6.73236e-09 0.000140337 1.70578e-09 -0.00286732 6.63561e-09 
0.000166011 -1.04745e-09 0.000730457 -7.08871e-09 -0.000128786 3.6172e-11 -0.00321874 -6.91842e-09 -0.000338718 -1.03135e-09 0.000519164 -2.53169e-09 0.000658834 -1.45658e-08 -0.000753274 2.96924e-09 0.0171643 -9.36165e-09 0.000966093 -6.99313e-10 -0.0300636 -1.61314e-08 0.00338346 2.83966e-09 -0.0818903 -7.91787e-09 -0.00147316 -4.08642e-10 0.409157 -8.39681e-09 1.00477 0 0.405813 -3.15352e-09 -0.00117609 -6.67234e-10 0.405813 -3.15352e-09 0.00239221 -1.01069e-09 -0.0916932 -1.70994e-09 0.00239225 -1.01069e-09 -0.000114135 -7.44086e-10 -0.00172028 -1.04241e-08 0.000683197 3.10702e-09 0.00931282 -1.79517e-08 -0.00192203 4.76636e-09 -0.0300636 -1.61314e-08 0.00338342 2.83966e-09 -0.0818903 -7.91787e-09 -0.00117606 -6.67233e-10 -0.000300327 -5.64863e-10 -0.00172028 -1.04241e-08 0.000683159 3.10703e-09 0.000658835 -1.45658e-08 -0.000753235 2.96925e-09 0.0171643 -9.36165e-09 -0.00147316 -4.08637e-10 -0.0001141 -7.44081e-10 0.000730459 -7.08871e-09 -0.000128786 3.61822e-11 -0.00321874 -6.91841e-09 0.000966058 -6.99305e-10 0.000165972 -1.04744e-09 0.000519164 -2.53169e-09 -0.000338679 -1.03135e-09 
-0.00187287 2.97321e-09 0.000134117 -1.12087e-11 -0.00321874 6.90074e-09 -0.0002078 -1.83955e-11 0.00201307 2.90882e-09 1.09655e-05 3.33897e-10 -0.000397269 -2.75646e-09 0.0204476 8.05559e-09 0.000627103 -1.13136e-09 0.00229178 4.32565e-09 0.000898617 -4.18827e-09 -0.0855017 6.90019e-09 -0.00304722 -9.39526e-10 -0.0399512 4.31462e-09 0.00108824 -2.13313e-09 0.405813 3.15352e-09 0.984433 0 0.434667 2.22036e-09 0.00563278 -3.52707e-16 -0.091516 1.96068e-09 -0.00438365 2.18252e-10 0.431528 1.29832e-09 0.00365545 4.73236e-09 0.000134478 -1.1887e-09 -0.00797547 8.85307e-09 2.30356e-05 -4.44004e-09 0.0156783 9.75176e-09 0.000117471 -4.22308e-09 -0.0268055 7.11661e-09 -0.000741967 -1.07149e-09 -0.0284388 3.42023e-09 0.00133087 5.5124e-09 -0.000101189 -1.20154e-09 2.91729e-05 8.94003e-09 -1.48807e-05 -2.82948e-09 -0.00160745 8.40945e-09 5.0248e-05 -1.16302e-09 0.00977157 4.68029e-09 -0.00198632 4.79758e-09 -8.12996e-05 -2.07432e-11 0.000730457 7.07191e-09 0.000134117 -2.79452e-11 -0.000313521 4.52499e-09 0.00199584 3.03556e-09 -1.57664e-05 3.35698e-10 -0.0018531 2.98986e-09 
-0.053966 -3.69041e-10 -0.00031352 -4.53583e-09 0.000966061 7.38655e-10 0.00229178 -4.33655e-09 0.0540908 -3.62418e-10 -0.000354477 -1.57317e-09 0.0114872 -9.57294e-09 0.0512987 2.70366e-09 -0.0409723 -5.84793e-09 -0.0503963 1.22517e-11 -0.0309897 -1.08709e-08 -0.0527531 2.7876e-09 0.43541 -3.69106e-09 0.00519541 2.68056e-10 -0.0881794 -7.85255e-09 -0.00117609 6.67234e-10 0.434667 -2.22036e-09 1.06255 0 -0.0284388 -3.42023e-09 0.0517595 -3.38444e-10 -0.04607 -1.14555e-09 -0.0477191 -4.08441e-10 0.0480945 1.00756e-11 6.11734e-05 -6.9294e-09 -0.0527855 2.9853e-09 2.51479e-05 -1.24202e-08 9.20139e-05 4.23512e-09 0.0179817 -1.17055e-08 0.0518077 2.63972e-09 0.0145952 -5.97504e-09 -0.0473271 7.07762e-16 -1.6844e-06 2.0863e-10 -0.00106024 -7.10007e-09 0.0529668 3.01482e-09 -0.00263281 -1.02703e-08 -0.0525378 2.96946e-09 -0.0039078 -6.73346e-09 0.000171838 2.08808e-10 -0.0483051 1.65485e-11 -0.00198632 -4.81354e-09 -0.000114135 7.9186e-10 0.00365545 -4.74906e-09 0.0480945 1.31936e-11 0.0535896 -3.73856e-10 -0.000367226 -1.68764e-09 -0.0534614 -3.7467e-10 
0.00199584 3.03556e-09 -8.12996e-05 -2.07382e-11 0.000730458 7.07191e-09 0.000134117 -2.79393e-11 -0.0018531 2.98987e-09 -1.57663e-05 3.35701e-10 -1.48805e-05 -2.82947e-09 -0.00160746 8.40945e-09 5.02484e-05 -1.16301e-09 -0.000313521 4.525e-09 0.00011747 -4.22308e-09 -0.0268055 7.11662e-09 -0.000741967 -1.07149e-09 0.00977157 4.68029e-09 0.00108824 -2.13313e-09 0.405813 3.15352e-09 0.00563278 3.52707e-16 -0.0284388 3.42023e-09 0.984433 0 0.431528 1.29832e-09 -0.00438365 2.18253e-10 -0.091516 1.96068e-09 -0.00198632 4.79758e-09 -0.000101189 -1.20154e-09 2.91737e-05 8.94003e-09 2.30356e-05 -4.44003e-09 0.0156783 9.75176e-09 0.000898617 -4.18827e-09 -0.0855017 6.90019e-09 -0.00304721 -9.39528e-10 0.434667 2.22036e-09 0.00133087 5.5124e-09 0.000134478 -1.1887e-09 -0.00797547 8.85307e-09 -0.000397269 -2.75646e-09 0.0204476 8.05559e-09 0.000627103 -1.13136e-09 -0.0399512 4.31462e-09 0.00365545 4.73236e-09 0.000134117 -1.12135e-11 -0.00321874 6.90073e-09 -0.000207801 -1.84012e-11 0.00229178 4.32564e-09 -0.00187288 2.9732e-09 1.09656e-05 3.33894e-10 0.00201307 2.90882e-09 
-0.059439 8.30219e-12 0.00199584 -3.05286e-09 0.000165975 1.08025e-09 -0.00187288 -2.99006e-09 0.0594507 5.24914e-12 -2.28666e-05 -1.03285e-09 0.0011299 -6.78245e-09 0.0587243 2.57046e-09 -0.00541552 -4.32677e-09 -0.053966 3.90568e-10 -0.000658515 -7.93164e-09 -0.0592694 2.42132e-09 0.0218882 -3.77862e-09 0.00104531 5.5621e-10 -0.0277866 -5.27576e-09 0.00239221 1.01069e-09 -0.091516 -1.96068e-09 0.0517595 3.38444e-10 0.431528 -1.29832e-09 1.07351 0 0.464474 -3.81959e-10 -0.0618511 -5.29069e-16 0.0535896 3.91361e-10 0.00215891 -4.67214e-09 -0.0590469 2.7085e-09 -0.00161878 -8.51977e-09 0.000609646 3.62498e-09 0.0116043 -7.78211e-09 0.0565999 2.29989e-09 -0.0443121 -3.58386e-09 -0.047719 4.08441e-10 9.16526e-05 5.77313e-10 -0.00133191 -4.64454e-09 0.0585814 2.64905e-09 -0.00286732 -6.68206e-09 -0.0578422 2.59251e-09 0.00658268 -4.18072e-09 -0.00212454 5.40935e-10 -0.0534614 3.97306e-10 -0.0018531 -3.00544e-09 -0.000338717 1.06294e-09 0.00201307 -2.92483e-09 0.0540908 3.76145e-10 0.0594507 3.32821e-12 -4.26398e-05 -1.0136e-09 -0.0594377 7.80215e-12 
-2.28634e-05 1.02865e-09 -1.57664e-05 -3.52656e-10 0.000519164 2.53031e-09 1.09656e-05 -3.50085e-10 -4.26404e-05 1.00975e-09 2.95199e-06 -3.25627e-12 0.000140337 -1.73741e-09 -0.00377467 3.19852e-09 -0.000168256 -8.96685e-10 -0.000354474 1.57181e-09 -0.000547171 -2.35715e-09 0.0200249 2.72059e-09 0.0012679 -8.34398e-10 0.00521489 1.63125e-09 0.00121241 -1.54204e-09 -0.0916932 1.70994e-09 -0.00438365 -2.18252e-10 -0.04607 1.14555e-09 -0.00438365 -2.18253e-10 0.464474 3.81959e-10 0.99461 0 0.464474 3.81959e-10 -0.000367226 1.6848e-09 -3.09163e-05 -9.40104e-10 0.0017001 3.38759e-09 9.43906e-05 -2.51594e-09 -0.00633176 3.91425e-09 -0.000547172 -2.35715e-09 0.0200248 2.72059e-09 0.0012679 -8.34399e-10 -0.04607 1.14555e-09 -0.000589191 1.96919e-09 -3.09163e-05 -9.40104e-10 0.0017001 3.38759e-09 0.000140337 -1.73741e-09 -0.00377467 3.19852e-09 -0.000168256 -8.96687e-10 0.00521489 1.63125e-09 -0.000367226 1.6848e-09 -1.57664e-05 -3.52658e-10 0.000519164 2.53031e-09 1.09656e-05 -3.50086e-10 -0.000354475 1.57181e-09 -2.28641e-05 1.02864e-09 2.95199e-06 -3.25729e-12 -4.26396e-05 1.00975e-09 
0.0594507 3.32626e-12 -0.0018531 -3.00544e-09 -0.000338682 1.06294e-09 0.00201307 -2.92483e-09 -0.0594377 7.79991e-12 -4.2637e-05 -1.0136e-09 -0.00286731 -6.68206e-09 -0.0578422 2.59251e-09 0.00658269 -4.18072e-09 0.0540907 3.76144e-10 0.0116043 -7.78211e-09 0.0565998 2.29989e-09 -0.0443121 -3.58386e-09 -0.00212449 5.40933e-10 -0.0277866 -5.27576e-09 0.00239225 1.01069e-09 0.431528 -1.29832e-09 -0.0477191 4.08441e-10 -0.091516 -1.96068e-09 -0.0618511 5.29069e-16 0.464474 -3.81959e-10 1.07351 0 -0.0534614 3.97306e-10 -0.00133191 -4.64454e-09 0.0585814 2.64905e-09 -0.00161878 -8.51977e-09 0.000609683 3.62498e-09 -0.000658511 -7.93164e-09 -0.0592695 2.42132e-09 0.0218882 -3.77862e-09 0.0517595 3.38444e-10 9.16879e-05 5.77312e-10 0.00215891 -4.67214e-09 -0.059047 2.7085e-09 0.00112991 -6.78245e-09 0.0587243 2.57046e-09 -0.00541551 -4.32677e-09 0.00104536 5.5621e-10 0.0535896 3.91364e-10 0.00199585 -3.05286e-09 0.000166011 1.08025e-09 -0.00187288 -2.99006e-09 -0.053966 3.90571e-10 -0.0594391 8.30402e-12 -2.28639e-05 -1.03285e-09 0.0594507 5.25045e-12 
-0.0477191 -4.02994e-10 0.434667 -2.20794e-09 -0.00117609 6.61847e-10 -0.0284388 -3.4006e-09 0.0517595 -3.35034e-10 -0.04607 -1.13881e-09 -0.0881794 -7.80488e-09 0.0518077 2.60757e-09 0.0145952 -5.94202e-09 -0.0473271 -4.20138e-12 0.0179817 -1.16342e-08 -0.0525378 2.91505e-09 -0.0039078 -6.69986e-09 0.00017185 1.89166e-10 -0.00263281 -1.0215e-08 -0.000114135 7.44086e-10 0.00365545 -4.73236e-09 0.0480945 -1.00756e-11 -0.00198632 -4.79758e-09 0.0535896 -3.91361e-10 -0.000367226 -1.6848e-09 -0.0534614 -3.97306e-10 1.06255 0 0.43541 -3.6675e-09 -0.0527531 2.75952e-09 -0.0309897 -1.08028e-08 9.20142e-05 4.17875e-09 2.51464e-05 -1.23454e-08 0.0529668 2.95723e-09 -0.00106024 -7.06623e-09 -0.048305 -1.65465e-11 0.00519541 2.61016e-10 -0.0409723 -5.81384e-09 0.0512987 2.66756e-09 0.0114872 -9.51643e-09 -0.0527855 2.93349e-09 6.11716e-05 -6.89391e-09 -1.69605e-06 1.79302e-10 -0.0503963 1.50348e-15 0.00229178 -4.31474e-09 0.000966058 7.12578e-10 -0.00031352 -4.5144e-09 0.0480945 -8.91956e-12 0.0540908 -3.67865e-10 -0.000354475 -1.56665e-09 -0.053966 -3.7909e-10 
-0.0443121 3.55673e-09 -0.00304722 9.25124e-10 -0.0818903 7.87407e-09 -0.000741968 1.06034e-09 0.0218882 3.75237e-09 0.0012679 8.2399e-10 0.00177187 -1.18332e-09 -0.0281694 1.04054e-08 -0.000557485 1.45171e-11 0.0145952 5.95114e-09 5.83258e-05 -3.2756e-09 0.00780843 1.18532e-08 0.000103372 5.41956e-13 0.000301381 7.38537e-09 -9.6034e-05 -1.58579e-09 -0.00172028 1.04241e-08 0.000134478 1.1887e-09 6.11734e-05 6.9294e-09 -0.000101189 1.20154e-09 0.00215891 4.67214e-09 -3.09163e-05 9.40104e-10 -0.00133191 4.64454e-09 0.43541 3.6675e-09 0.986083 0 0.412615 6.20912e-09 0.000462299 -2.72059e-09 -0.0290261 1.27296e-08 -0.000473859 -3.31116e-09 0.00241985 1.222e-08 5.05323e-05 2.78618e-11 -0.00106024 7.10007e-09 0.421949 4.2897e-09 -0.00167434 -3.20078e-15 -0.0809635 1.01378e-08 0.000587154 -1.46159e-09 0.014355 1.15704e-08 0.000103372 4.1887e-11 -0.0022762 7.90558e-09 -0.0409723 5.81383e-09 0.000627103 1.10767e-09 0.0171643 9.31347e-09 5.02481e-05 1.14296e-09 -0.0039078 6.70718e-09 0.00658268 4.14989e-09 -0.000168256 8.83172e-10 -0.00541551 4.29784e-09 
0.0565998 -2.2736e-09 -0.0855017 -6.86869e-09 0.00338345 -2.80758e-09 -0.0268055 -7.08654e-09 -0.0592694 -2.39492e-09 0.0200249 -2.70543e-09 0.419776 -9.69655e-09 -0.0580051 -1.6248e-11 -0.0281694 -1.04013e-08 0.0518077 -2.62666e-09 -0.0839587 -1.81553e-08 0.0565936 -3.63247e-11 0.014355 -1.15744e-08 0.00048099 -2.8289e-09 0.0169044 -1.68253e-08 0.000683197 -3.10702e-09 -0.00797547 -8.85307e-09 -0.0527855 -2.9853e-09 2.91737e-05 -8.94003e-09 -0.0590469 -2.7085e-09 0.0017001 -3.38759e-09 0.0585814 -2.64905e-09 -0.0527531 -2.75952e-09 0.412615 -6.20912e-09 1.07021 0 0.420117 -1.25979e-08 0.00163857 1.82295e-09 -0.028822 -1.91604e-08 -0.058488 -4.22935e-11 0.00241986 -1.2206e-08 0.0529668 -3.01482e-09 -0.000832425 -2.70775e-09 -0.0809635 -1.01378e-08 -0.0543777 6.84791e-15 -0.0316858 -1.54556e-08 0.0565936 -2.10158e-11 0.00780843 -1.18312e-08 0.000407236 -3.04376e-09 0.0512986 -2.66754e-09 0.0204476 -8.02817e-09 -0.000753235 -2.92074e-09 -0.00160745 -8.38326e-09 -0.0525378 -2.94345e-09 -0.0578422 -2.55728e-09 -0.00377467 -3.18388e-09 0.0587243 -2.54094e-09 
0.0116043 7.72048e-09 0.000898616 4.13431e-09 -0.0300636 1.60399e-08 0.00011747 4.17608e-09 -0.000658515 7.87426e-09 -0.000547171 2.32813e-09 -0.00176201 1.81368e-09 -0.0839587 1.81744e-08 5.83266e-05 3.31737e-09 0.0179817 1.16559e-08 0.00275243 2.71792e-11 -0.028822 1.9217e-08 -0.000473859 3.37864e-09 0.0165953 1.34902e-08 3.06974e-05 2.12964e-09 0.00931282 1.79517e-08 2.30356e-05 4.44004e-09 2.51479e-05 1.24202e-08 2.30356e-05 4.44003e-09 -0.00161878 8.51977e-09 9.43906e-05 2.51594e-09 -0.00161878 8.51977e-09 -0.0309897 1.08028e-08 0.000462299 2.72059e-09 0.420117 1.25979e-08 0.983495 0 0.408454 1.45979e-08 0.00275243 2.71722e-11 -0.028822 1.9217e-08 -0.000473858 3.37863e-09 2.51494e-05 1.24202e-08 -0.0865822 1.17378e-08 0.000462298 2.72058e-09 0.420117 1.25979e-08 -0.00176201 1.81366e-09 -0.0839587 1.81744e-08 5.83259e-05 3.31736e-09 0.0165953 1.34902e-08 -0.0309897 1.08028e-08 0.000898617 4.13429e-09 -0.0300636 1.60399e-08 0.00011747 4.17607e-09 0.0179817 1.16558e-08 0.0116043 7.72046e-09 -0.000547172 2.32812e-09 -0.000658513 7.87424e-09 
0.000609683 -3.57704e-09 0.0156783 -9.72326e-09 -0.00192203 -4.68986e-09 0.0156783 -9.72623e-09 0.000609646 -3.58056e-09 -0.00633176 -3.89737e-09 -0.0821201 -1.75701e-08 0.00163854 -1.84369e-09 -0.0290261 -1.27383e-08 9.20469e-05 -4.19536e-09 0.408454 -1.45962e-08 0.00163857 -1.87531e-09 -0.0290261 -1.27471e-08 -0.00100109 -4.27301e-09 -0.0821201 -1.75851e-08 -0.00192203 -4.76636e-09 0.0156783 -9.75176e-09 9.20139e-05 -4.23512e-09 0.0156783 -9.75176e-09 0.000609646 -3.62498e-09 -0.00633176 -3.91425e-09 0.000609683 -3.62498e-09 9.20142e-05 -4.17875e-09 -0.0290261 -1.27296e-08 0.00163857 -1.82295e-09 0.408454 -1.45979e-08 1.00524 0 0.408454 -1.45962e-08 0.00163854 -1.8753e-09 -0.0290261 -1.27471e-08 9.20468e-05 -4.23512e-09 -0.00100109 -4.23247e-09 -0.0290261 -1.27296e-08 0.00163853 -1.82294e-09 -0.0821201 -1.75701e-08 0.00163857 -1.84368e-09 -0.0290261 -1.27383e-08 -0.00100109 -4.273e-09 9.20476e-05 -4.17874e-09 0.0156783 -9.72325e-09 -0.00192203 -4.68984e-09 0.0156783 -9.72623e-09 9.20141e-05 -4.19535e-09 0.000609646 -3.57703e-09 -0.00633176 -3.89737e-09 0.000609684 -3.58055e-09 
-0.00161877 8.45346e-09 2.30354e-05 4.36639e-09 0.00931282 1.78544e-08 2.30356e-05 4.37353e-09 -0.00161878 8.45821e-09 9.43905e-05 2.48013e-09 3.06973e-05 2.05191e-09 -0.028822 1.91827e-08 -0.000473859 3.33876e-09 2.51504e-05 1.23663e-08 0.00275243 6.96502e-15 -0.0839587 1.82115e-08 5.83261e-05 3.32837e-09 0.0165953 1.34882e-08 -0.00176202 1.85012e-09 -0.0300636 1.61314e-08 0.000117471 4.22308e-09 0.0179817 1.17055e-08 0.000898617 4.18827e-09 0.0116043 7.78211e-09 -0.000547172 2.35715e-09 -0.000658511 7.93164e-09 2.51464e-05 1.23454e-08 -0.000473859 3.31116e-09 -0.028822 1.91604e-08 0.00275243 -2.71722e-11 0.408454 1.45962e-08 0.983495 0 0.420117 1.26455e-08 0.000462296 2.75873e-09 -0.0309897 1.08709e-08 0.0165953 1.34373e-08 5.83264e-05 3.2756e-09 -0.0839587 1.81553e-08 -0.00176201 1.79202e-09 0.420117 1.26144e-08 0.0004623 2.73321e-09 -0.0865822 1.17845e-08 0.0179817 1.16342e-08 0.00011747 4.15973e-09 -0.0300636 1.60401e-08 0.000898616 4.13215e-09 -0.0309897 1.08216e-08 -0.000658516 7.86899e-09 -0.000547172 2.32502e-09 0.0116043 7.72405e-09 
-0.059047 -2.66055e-09 2.91748e-05 -8.93414e-09 0.000683161 -3.02174e-09 -0.00797547 -8.84914e-09 0.0585814 -2.60881e-09 0.0017001 -3.3792e-09 0.0169044 -1.68581e-08 0.0565937 2.97449e-11 0.014355 -1.15948e-08 -0.0527855 -2.93655e-09 -0.0839587 -1.82115e-08 -0.0580051 -4.21674e-15 -0.0281694 -1.04324e-08 0.000480955 -2.81072e-09 0.419776 -9.73025e-09 0.00338342 -2.83966e-09 -0.0268055 -7.11661e-09 0.0518077 -2.63972e-09 -0.0855017 -6.90019e-09 0.0565999 -2.29989e-09 0.0200248 -2.72059e-09 -0.0592695 -2.42132e-09 0.0529668 -2.95723e-09 0.00241985 -1.222e-08 -0.058488 4.22935e-11 -0.028822 -1.9217e-08 0.00163854 1.8753e-09 0.420117 -1.26455e-08 1.07021 0 0.412615 -6.23239e-09 -0.0527531 -2.7876e-09 0.000407189 -2.99282e-09 0.00780842 -1.18532e-08 0.0565937 3.63274e-11 -0.0316858 -1.5501e-08 -0.0543777 2.45776e-11 -0.0809635 -1.01706e-08 -0.000832474 -2.71927e-09 -0.0525378 -2.91505e-09 -0.00160746 -8.3984e-09 -0.000753273 -2.89443e-09 0.0204476 -8.04736e-09 0.0512987 -2.66555e-09 0.0587243 -2.53088e-09 -0.00377467 -3.18902e-09 -0.0578422 -2.55146e-09 
0.00215891 4.64059e-09 -0.000101189 1.15073e-09 -0.00172028 1.03831e-08 0.000134478 1.14159e-09 -0.00133192 4.61522e-09 -3.09162e-05 9.17688e-10 -9.60341e-05 -1.65767e-09 0.00780842 1.18491e-08 0.000103372 -4.06957e-11 6.11775e-05 6.90559e-09 5.83267e-05 -3.32836e-09 -0.0281694 1.04324e-08 -0.000557485 3.37574e-15 0.000301382 7.38668e-09 0.00177187 -1.19331e-09 -0.0818903 7.91787e-09 -0.000741967 1.07149e-09 0.0145952 5.97504e-09 -0.00304721 9.39528e-10 -0.0443121 3.58386e-09 0.0012679 8.34399e-10 0.0218882 3.77862e-09 -0.00106024 7.06623e-09 5.05323e-05 -2.78618e-11 0.00241986 1.2206e-08 -0.000473858 -3.37863e-09 -0.0290261 1.27471e-08 0.000462296 -2.75873e-09 0.412615 6.23239e-09 0.986083 0 0.43541 3.69106e-09 -0.0022762 7.88345e-09 0.000103372 -5.42312e-13 0.014355 1.15744e-08 0.000587154 -1.50303e-09 -0.0809635 1.01605e-08 -0.00167434 -1.37295e-11 0.421949 4.30449e-09 -0.0039078 6.69985e-09 5.02485e-05 1.1216e-09 0.0171643 9.31986e-09 0.000627103 1.09366e-09 -0.0409723 5.82475e-09 -0.00541552 4.29632e-09 -0.000168256 8.7746e-10 0.00658269 4.15268e-09 
0.0535896 -3.7386e-10 -0.00198632 -4.81354e-09 -0.000114103 7.91853e-10 0.00365545 -4.74906e-09 -0.0534614 -3.74675e-10 -0.000367223 -1.68764e-09 -0.0026328 -1.02703e-08 -0.0525378 2.96946e-09 -0.0039078 -6.73346e-09 0.0480944 1.31889e-11 0.0179817 -1.17055e-08 0.0518076 2.63972e-09 0.0145952 -5.97504e-09 0.000171882 2.08803e-10 -0.0881794 -7.85255e-09 -0.00117606 6.67233e-10 -0.0284388 -3.42023e-09 -0.0473271 -7.07762e-16 0.434667 -2.22036e-09 -0.047719 -4.08441e-10 -0.04607 -1.14555e-09 0.0517595 -3.38444e-10 -0.048305 1.65465e-11 -0.00106024 -7.10007e-09 0.0529668 3.01482e-09 2.51494e-05 -1.24202e-08 9.20468e-05 4.23512e-09 -0.0309897 -1.08709e-08 -0.0527531 2.7876e-09 0.43541 -3.69106e-09 1.06255 0 -1.65262e-06 2.08629e-10 6.11759e-05 -6.9294e-09 -0.0527854 2.9853e-09 0.0114872 -9.57293e-09 0.0512986 2.70366e-09 -0.0409723 -5.84793e-09 0.00519545 2.68057e-10 0.0480944 1.00788e-11 -0.00031352 -4.53583e-09 0.000966093 7.38659e-10 0.00229178 -4.33655e-09 -0.0503963 1.22564e-11 -0.053966 -3.69038e-10 -0.000354475 -1.57316e-09 0.0540907 -3.62415e-10 
-0.00212449 -5.30633e-10 -0.0399512 -4.29722e-09 -0.00147316 4.15579e-10 0.00977157 -4.66193e-09 0.00104531 -5.48183e-10 0.00521489 -1.6237e-09 -0.0292536 -9.64705e-09 0.000480955 2.79046e-09 0.000301382 -7.36131e-09 0.000171882 -2.06315e-10 0.0165953 -1.34373e-08 0.000407223 2.99282e-09 -0.0022762 -7.88345e-09 -0.000285938 -1.35765e-11 -0.00576378 -1.16435e-08 -0.000300327 5.64863e-10 0.00133087 -5.5124e-09 -1.6844e-06 -2.0863e-10 0.00133087 -5.5124e-09 9.16526e-05 -5.77313e-10 -0.000589191 -1.96919e-09 9.16879e-05 -5.77312e-10 0.00519541 -2.61016e-10 0.421949 -4.2897e-09 -0.000832425 2.70775e-09 -0.0865822 -1.17378e-08 -0.00100109 4.23247e-09 0.0165953 -1.34373e-08 0.000407189 2.99282e-09 -0.0022762 -7.88345e-09 -1.65262e-06 -2.08629e-10 1.01091 0 0.421949 -4.2897e-09 -0.000832459 2.70775e-09 -0.0292536 -9.64705e-09 0.000480989 2.79047e-09 0.000301381 -7.36131e-09 -0.000285938 -1.35734e-11 0.00519544 -2.61012e-10 -0.0399512 -4.29722e-09 -0.00147316 4.15586e-10 0.00977157 -4.66193e-09 0.00017185 -2.0631e-10 -0.00212453 -5.30629e-10 0.00521489 -1.6237e-09 0.00104535 -5.48177e-10 
0.00658269 4.1499e-09 0.000627103 1.10768e-09 0.0171643 9.31348e-09 5.02484e-05 1.14298e-09 -0.00541552 4.29785e-09 -0.000168256 8.83177e-10 0.000587154 -1.46158e-09 0.014355 1.15704e-08 0.000103372 4.18982e-11 -0.0039078 6.70719e-09 -0.000473859 -3.31115e-09 0.00241986 1.222e-08 5.05324e-05 2.78687e-11 -0.0022762 7.90558e-09 -9.60342e-05 -1.58579e-09 -0.00172028 1.04241e-08 -0.000101189 1.20154e-09 -0.00106024 7.10007e-09 0.000134478 1.1887e-09 -0.00133191 4.64454e-09 -3.09163e-05 9.40104e-10 0.00215891 4.67214e-09 -0.0409723 5.81384e-09 -0.00167434 3.20078e-15 -0.0809635 1.01378e-08 0.000462298 -2.72058e-09 -0.0290261 1.27296e-08 5.83264e-05 -3.2756e-09 0.00780842 1.18532e-08 0.000103372 5.42312e-13 6.11759e-05 6.9294e-09 0.421949 4.2897e-09 0.986083 0 0.412615 6.20912e-09 0.00177187 -1.18332e-09 -0.0281694 1.04054e-08 -0.000557485 1.45132e-11 0.000301383 7.38537e-09 0.43541 3.66749e-09 -0.00304721 9.25118e-10 -0.0818903 7.87406e-09 -0.000741967 1.06034e-09 0.0145952 5.95114e-09 -0.0443121 3.55673e-09 0.0012679 8.23986e-10 0.0218882 3.75237e-09 
-0.0578422 -2.55729e-09 0.0204476 -8.02817e-09 -0.00075327 -2.92076e-09 -0.00160745 -8.38327e-09 0.0587243 -2.54095e-09 -0.00377467 -3.18388e-09 -0.0316858 -1.54556e-08 0.0565937 -2.10346e-11 0.00780842 -1.18312e-08 -0.0525378 -2.94346e-09 -0.028822 -1.91604e-08 -0.058488 -4.23053e-11 0.00241985 -1.2206e-08 0.000407188 -3.04377e-09 0.0169044 -1.68253e-08 0.000683159 -3.10703e-09 2.91729e-05 -8.94003e-09 0.0529668 -3.01482e-09 -0.00797547 -8.85307e-09 0.0585814 -2.64905e-09 0.0017001 -3.38759e-09 -0.059047 -2.7085e-09 0.0512987 -2.66756e-09 -0.0809635 -1.01378e-08 -0.0543777 -6.84791e-15 0.420117 -1.25979e-08 0.00163853 1.82294e-09 -0.0839587 -1.81553e-08 0.0565937 -3.63274e-11 0.014355 -1.15744e-08 -0.0527854 -2.9853e-09 -0.000832459 -2.70775e-09 0.412615 -6.20912e-09 1.07021 0 0.419776 -9.69654e-09 -0.0580051 -1.62444e-11 -0.0281694 -1.04013e-08 0.000480942 -2.8289e-09 -0.0527531 -2.75952e-09 -0.0855017 -6.86869e-09 0.00338342 -2.80757e-09 -0.0268055 -7.08653e-09 0.0518077 -2.62665e-09 0.0565999 -2.27359e-09 0.0200249 -2.70543e-09 -0.0592695 -2.39491e-09 
-0.00286732 6.63199e-09 -0.000397269 2.70644e-09 0.000658834 1.44908e-08 -1.48807e-05 2.78499e-09 0.00112991 6.73575e-09 0.000140337 1.71205e-09 0.000491792 1.23686e-14 0.0169044 1.68292e-08 -9.60342e-05 1.63771e-09 -0.0026328 1.02294e-08 3.06972e-05 -2.05189e-09 0.0169044 1.68581e-08 -9.6034e-05 1.65768e-09 -0.00576378 1.16815e-08 0.000491792 4.47761e-11 0.000658835 1.45658e-08 -1.48807e-05 2.82948e-09 -0.00263281 1.02703e-08 -0.000397269 2.75646e-09 -0.00286732 6.68206e-09 0.000140337 1.73741e-09 0.00112991 6.78245e-09 0.0114872 9.51643e-09 0.000587154 1.46159e-09 -0.0316858 1.54556e-08 -0.00176201 -1.81366e-09 -0.0821201 1.75701e-08 -0.00176201 -1.79202e-09 -0.0316858 1.5501e-08 0.000587154 1.50303e-09 0.0114872 9.57293e-09 -0.0292536 9.64705e-09 0.00177187 1.18332e-09 0.419776 9.69654e-09 0.984237 0 0.419776 9.71087e-09 0.00177187 1.20528e-09 -0.0292536 9.68555e-09 -0.0881794 7.80487e-09 0.00108824 2.10536e-09 0.409157 8.34591e-09 0.00108824 2.1109e-09 -0.0881794 7.81965e-09 -0.0277866 5.23407e-09 0.00121241 1.52415e-09 -0.0277866 5.23735e-09 
0.0585814 -2.61057e-09 -0.00797547 -8.83592e-09 0.000683194 -3.03688e-09 2.91732e-05 -8.92554e-09 -0.0590469 -2.66834e-09 0.0017001 -3.37597e-09 0.0169044 -1.68292e-08 -0.058488 -1.01652e-14 0.00241986 -1.2209e-08 0.0529668 -2.97949e-09 -0.028822 -1.91827e-08 0.0565936 -2.97605e-11 0.00780843 -1.18491e-08 0.000407223 -3.03497e-09 -0.0316858 -1.54839e-08 -0.000753235 -2.96925e-09 -0.00160745 -8.40945e-09 -0.0525378 -2.96946e-09 0.0204476 -8.05559e-09 -0.0578422 -2.59251e-09 -0.00377467 -3.19852e-09 0.0587243 -2.57046e-09 -0.0527855 -2.93349e-09 0.014355 -1.15704e-08 0.0565936 2.10158e-11 -0.0839587 -1.81744e-08 0.00163857 1.84368e-09 0.420117 -1.26144e-08 -0.0543777 -2.45776e-11 -0.0809635 -1.01605e-08 0.0512986 -2.70366e-09 0.000480989 -2.79047e-09 -0.0281694 -1.04054e-08 -0.0580051 1.62444e-11 0.419776 -9.71087e-09 1.07021 0 0.412615 -6.21931e-09 -0.00083241 -2.73154e-09 0.0518076 -2.60757e-09 -0.0268055 -7.09078e-09 0.00338345 -2.79816e-09 -0.0855017 -6.87665e-09 -0.0527532 -2.76553e-09 -0.0592694 -2.38868e-09 0.0200249 -2.70721e-09 0.0565999 -2.27327e-09 
-0.00133191 4.61254e-09 0.000134478 1.1463e-09 -0.00172028 1.03793e-08 -0.000101189 1.16285e-09 0.00215891 4.64223e-09 -3.09164e-05 9.20397e-10 -9.6034e-05 -1.63769e-09 0.00241985 1.2209e-08 5.05325e-05 7.3392e-15 -0.00106024 7.07506e-09 -0.000473859 -3.33874e-09 0.014355 1.15948e-08 0.000103372 4.07065e-11 -0.0022762 7.90665e-09 0.000587155 -1.45283e-09 0.0171643 9.36165e-09 5.0248e-05 1.16302e-09 -0.0039078 6.73346e-09 0.000627103 1.13136e-09 0.00658268 4.18072e-09 -0.000168256 8.96687e-10 -0.00541551 4.32677e-09 6.11716e-05 6.89391e-09 0.000103372 -4.1887e-11 0.00780843 1.18312e-08 5.83259e-05 -3.31736e-09 -0.0290261 1.27383e-08 0.0004623 -2.73321e-09 -0.0809635 1.01706e-08 -0.00167434 1.37295e-11 -0.0409723 5.84793e-09 0.000301381 7.36131e-09 -0.000557485 -1.45132e-11 -0.0281694 1.04013e-08 0.00177187 -1.20528e-09 0.412615 6.21931e-09 0.986083 0 0.421949 4.30842e-09 0.0145952 5.94202e-09 -0.000741967 1.04746e-09 -0.0818903 7.87645e-09 -0.00304722 9.19117e-10 0.43541 3.67303e-09 0.0218882 3.75018e-09 0.0012679 8.20978e-10 -0.0443121 3.55875e-09 
9.17008e-05 -5.55423e-10 0.00133087 -5.52059e-09 -0.000300327 6.09756e-10 0.00133087 -5.52116e-09 9.16397e-05 -5.57757e-10 -0.000589191 -1.96918e-09 -0.00576378 -1.16815e-08 0.000407176 3.03496e-09 -0.0022762 -7.90664e-09 -1.64094e-06 -1.83834e-10 0.0165953 -1.34882e-08 0.000481003 2.81071e-09 0.000301381 -7.38667e-09 -0.000285938 -3.17163e-15 -0.0292536 -9.68286e-09 -0.00147316 4.08637e-10 0.00977157 -4.68029e-09 0.000171838 -2.08808e-10 -0.0399512 -4.31462e-09 -0.00212454 -5.40935e-10 0.00521489 -1.63125e-09 0.00104536 -5.5621e-10 -1.69605e-06 -1.79302e-10 -0.0022762 -7.90558e-09 0.000407236 3.04376e-09 0.0165953 -1.34902e-08 -0.00100109 4.273e-09 -0.0865822 -1.17845e-08 -0.000832474 2.71927e-09 0.421949 -4.30449e-09 0.00519545 -2.68057e-10 -0.000285938 1.35734e-11 0.000301383 -7.38537e-09 0.000480942 2.8289e-09 -0.0292536 -9.68555e-09 -0.00083241 2.73154e-09 0.421949 -4.30842e-09 1.01091 0 0.000171894 -1.89165e-10 0.00977157 -4.67643e-09 -0.00147316 4.34658e-10 -0.0399512 -4.312e-09 0.0051954 -2.56504e-10 0.0010453 -5.42016e-10 0.00521489 -1.62817e-09 -0.00212448 -5.25525e-10 
0.0540908 -3.67871e-10 0.00229178 -4.31473e-09 0.000966091 7.12567e-10 -0.000313521 -4.5144e-09 -0.053966 -3.79094e-10 -0.000354472 -1.56665e-09 0.0114872 -9.51642e-09 -0.0527855 2.93348e-09 6.11761e-05 -6.8939e-09 0.0480944 -8.9275e-12 2.51496e-05 -1.23454e-08 0.0529668 2.95722e-09 -0.00106024 -7.06622e-09 -1.65238e-06 1.79296e-10 -0.0026328 -1.02149e-08 -0.0001141 7.44081e-10 -0.00198632 -4.79758e-09 -0.0483051 -1.65485e-11 0.00365545 -4.73236e-09 -0.0534614 -3.97306e-10 -0.000367226 -1.6848e-09 0.0535896 -3.91364e-10 -0.0503963 -1.50348e-15 -0.0409723 -5.81383e-09 0.0512986 2.66754e-09 -0.0309897 -1.08028e-08 9.20476e-05 4.17874e-09 0.0179817 -1.16342e-08 -0.0525378 2.91505e-09 -0.0039078 -6.69985e-09 0.0480944 -1.00788e-11 0.00519544 2.61012e-10 0.43541 -3.66749e-09 -0.0527531 2.75952e-09 -0.0881794 -7.80487e-09 0.0518076 2.60757e-09 0.0145952 -5.94202e-09 0.000171894 1.89165e-10 1.06255 0 0.434667 -2.20794e-09 -0.00117606 6.61848e-10 -0.0284388 -3.4006e-09 -0.0473272 -4.19738e-12 -0.047719 -4.02992e-10 -0.04607 -1.13881e-09 0.0517595 -3.35034e-10 
0.00201307 2.90544e-09 -0.000207801 5.05702e-15 -0.00321874 6.88886e-09 0.000134117 1.18683e-11 -0.00187288 2.9721e-09 1.09657e-05 3.40495e-10 -0.000397269 -2.70642e-09 -0.00797547 8.83592e-09 0.000134478 -1.14629e-09 0.00365545 4.73284e-09 2.30356e-05 -4.36637e-09 2.91754e-05 8.93414e-09 -0.000101189 -1.15072e-09 0.00133087 5.5206e-09 -1.48807e-05 -2.76019e-09 0.000730459 7.08871e-09 -8.12996e-05 2.07432e-11 -0.00198632 4.81354e-09 0.000134117 1.12135e-11 -0.0018531 3.00544e-09 -1.57664e-05 3.52658e-10 0.00199585 3.05286e-09 0.00229178 4.31474e-09 0.000627103 -1.10767e-09 0.0204476 8.02817e-09 0.000898617 -4.13429e-09 0.0156783 9.72325e-09 0.00011747 -4.15973e-09 -0.00160746 8.3984e-09 5.02485e-05 -1.1216e-09 -0.00031352 4.53583e-09 -0.0399512 4.29722e-09 -0.00304721 -9.25118e-10 -0.0855017 6.86869e-09 0.00108824 -2.10536e-09 -0.0268055 7.09078e-09 -0.000741967 -1.04746e-09 0.00977157 4.67643e-09 0.434667 2.20794e-09 0.984433 0 0.405813 3.13538e-09 0.00563278 2.39105e-12 -0.0284388 3.40602e-09 0.431528 1.28878e-09 -0.00438365 2.1532e-10 -0.091516 1.94718e-09 
-0.000338679 -1.0402e-09 -0.00321874 -6.88886e-09 -0.000128786 -1.02682e-14 0.000730459 -7.06104e-09 0.000165972 -1.05998e-09 0.000519164 -2.52312e-09 0.000658834 -1.44908e-08 0.000683159 3.03685e-09 -0.00172028 -1.03793e-08 -0.0001141 -7.72767e-10 0.00931282 -1.78544e-08 0.000683197 3.02172e-09 -0.00172028 -1.03831e-08 -0.000300327 -6.09768e-10 0.000658834 -1.44965e-08 -0.000128786 -3.61822e-11 0.000730457 -7.07191e-09 -0.000114135 -7.9186e-10 -0.00321874 -6.90073e-09 -0.000338717 -1.06294e-09 0.000519164 -2.53031e-09 0.000166011 -1.08025e-09 0.000966058 -7.12578e-10 0.0171643 -9.31347e-09 -0.000753235 2.92074e-09 -0.0300636 -1.60399e-08 -0.00192203 4.68984e-09 -0.0300636 -1.60401e-08 -0.000753273 2.89443e-09 0.0171643 -9.31986e-09 0.000966093 -7.38659e-10 -0.00147316 -4.15586e-10 -0.0818903 -7.87406e-09 0.00338342 2.80757e-09 0.409157 -8.34591e-09 0.00338345 2.79816e-09 -0.0818903 -7.87645e-09 -0.00147316 -4.34658e-10 -0.00117606 -6.61848e-10 0.405813 -3.13538e-09 1.00477 0 0.405813 -3.13553e-09 -0.00117609 -6.69807e-10 0.00239221 -9.99653e-10 -0.0916932 -1.69991e-09 0.00239225 -1.0008e-09 
-0.0018531 2.98629e-09 0.000134117 -1.18575e-11 0.000730457 7.06104e-09 -8.12996e-05 6.03221e-15 0.00199584 3.03493e-09 -1.57665e-05 3.41551e-10 -1.48809e-05 -2.78497e-09 2.91745e-05 8.92554e-09 -0.000101189 -1.16283e-09 -0.00198632 4.79833e-09 2.30355e-05 -4.37351e-09 -0.00797547 8.84913e-09 0.000134478 -1.14158e-09 0.00133087 5.52116e-09 -0.000397269 -2.69265e-09 -0.00321874 6.91841e-09 0.000134117 2.79452e-11 0.00365545 4.74906e-09 -0.000207801 1.84012e-11 0.00201307 2.92483e-09 1.09656e-05 3.50086e-10 -0.00187288 2.99006e-09 -0.00031352 4.5144e-09 5.02481e-05 -1.14296e-09 -0.00160745 8.38326e-09 0.00011747 -4.17607e-09 0.0156783 9.72623e-09 0.000898616 -4.13215e-09 0.0204476 8.04736e-09 0.000627103 -1.09366e-09 0.00229178 4.33655e-09 0.00977157 4.66193e-09 -0.000741967 -1.06034e-09 -0.0268055 7.08653e-09 0.00108824 -2.1109e-09 -0.0855017 6.87665e-09 -0.00304722 -9.19117e-10 -0.0399512 4.312e-09 -0.0284388 3.4006e-09 0.00563278 -2.39105e-12 0.405813 3.13553e-09 0.984433 0 0.434667 2.21269e-09 -0.091516 1.94613e-09 -0.00438365 2.14497e-10 0.431528 1.28938e-09 
-0.0534614 -3.80856e-10 0.00365545 -4.73283e-09 -0.000114133 7.72753e-10 -0.00198632 -4.79833e-09 0.0535896 -3.78522e-10 -0.000367229 -1.68292e-09 -0.00263281 -1.02294e-08 0.0529668 2.97947e-09 -0.00106024 -7.07505e-09 -0.0483051 -5.01731e-15 2.51471e-05 -1.23663e-08 -0.0527855 2.93654e-09 6.11736e-05 -6.90558e-09 -1.68454e-06 1.83827e-10 0.0114872 -9.53305e-09 0.000966058 6.99305e-10 -0.000313521 -4.52499e-09 0.0480945 -1.31936e-11 0.00229178 -4.32564e-09 0.0540908 -3.76145e-10 -0.000354475 -1.57181e-09 -0.053966 -3.90571e-10 0.0480945 8.91956e-12 -0.0039078 -6.70718e-09 -0.0525378 2.94345e-09 0.0179817 -1.16558e-08 9.20141e-05 4.19535e-09 -0.0309897 -1.08216e-08 0.0512987 2.66555e-09 -0.0409723 -5.82475e-09 -0.0503963 -1.22564e-11 0.00017185 2.0631e-10 0.0145952 -5.95114e-09 0.0518077 2.62665e-09 -0.0881794 -7.81965e-09 -0.0527532 2.76553e-09 0.43541 -3.67303e-09 0.0051954 2.56504e-10 -0.0473272 4.19738e-12 -0.0284388 -3.40602e-09 -0.00117609 6.69807e-10 0.434667 -2.21269e-09 1.06255 0 0.0517596 -3.31411e-10 -0.04607 -1.14046e-09 -0.0477191 -4.02131e-10 
-0.0594377 -1.72261e-15 0.00201307 -2.90544e-09 -0.000338715 1.04019e-09 -0.0018531 -2.98629e-09 0.0594507 -1.6707e-12 -4.26429e-05 -1.00779e-09 -0.00286732 -6.63198e-09 0.0585814 2.61056e-09 -0.00133192 -4.61253e-09 -0.0534614 3.80849e-10 -0.00161878 -8.45345e-09 -0.059047 2.66054e-09 0.00215891 -4.64058e-09 9.16524e-05 5.55419e-10 0.00112991 -6.73236e-09 0.000165972 1.04744e-09 0.00199584 -3.03556e-09 0.0535896 3.73856e-10 -0.00187288 -2.9732e-09 0.0594507 -3.32821e-12 -2.28641e-05 -1.02864e-09 -0.0594391 -8.30402e-12 0.0540908 3.67865e-10 0.00658268 -4.14989e-09 -0.0578422 2.55728e-09 0.0116043 -7.72046e-09 0.000609646 3.57703e-09 -0.000658516 -7.86899e-09 0.0587243 2.53088e-09 -0.00541552 -4.29632e-09 -0.053966 3.69038e-10 -0.00212453 5.30629e-10 -0.0443121 -3.55673e-09 0.0565999 2.27359e-09 -0.0277866 -5.23407e-09 -0.0592694 2.38868e-09 0.0218882 -3.75018e-09 0.0010453 5.42016e-10 -0.047719 4.02992e-10 0.431528 -1.28878e-09 0.00239221 9.99653e-10 -0.091516 -1.94613e-09 0.0517596 3.31411e-10 1.07351 0 0.464474 -3.7895e-10 -0.0618511 -4.67119e-13 
-4.26402e-05 1.00779e-09 1.09656e-05 -3.40491e-10 0.000519164 2.52312e-09 -1.57664e-05 -3.41546e-10 -2.28635e-05 1.02745e-09 2.95198e-06 9.02745e-16 0.000140337 -1.71204e-09 0.0017001 3.37597e-09 -3.09163e-05 -9.20391e-10 -0.000367226 1.68292e-09 9.43905e-05 -2.48012e-09 0.0017001 3.37919e-09 -3.09163e-05 -9.17682e-10 -0.000589191 1.96918e-09 0.000140337 -1.70578e-09 0.000519164 2.53169e-09 -1.57664e-05 -3.35698e-10 -0.000367226 1.68764e-09 1.09656e-05 -3.33894e-10 -4.26398e-05 1.0136e-09 2.95199e-06 3.25729e-12 -2.28639e-05 1.03285e-09 -0.000354475 1.56665e-09 -0.000168256 -8.83172e-10 -0.00377467 3.18388e-09 -0.000547172 -2.32812e-09 -0.00633176 3.89737e-09 -0.000547172 -2.32502e-09 -0.00377467 3.18902e-09 -0.000168256 -8.7746e-10 -0.000354475 1.57316e-09 0.00521489 1.6237e-09 0.0012679 -8.23986e-10 0.0200249 2.70543e-09 0.00121241 -1.52415e-09 0.0200249 2.70721e-09 0.0012679 -8.20978e-10 0.00521489 1.62817e-09 -0.04607 1.13881e-09 -0.00438365 -2.1532e-10 -0.0916932 1.69991e-09 -0.00438365 -2.14497e-10 -0.04607 1.14046e-09 0.464474 3.7895e-10 0.99461 0 0.464474 3.79349e-10 
0.0594507 1.66797e-12 -0.00187288 -2.9721e-09 0.000166008 1.05997e-09 0.00199584 -3.03492e-09 -0.0594391 -2.61926e-15 -2.28608e-05 -1.02744e-09 0.00112991 -6.73573e-09 -0.059047 2.66833e-09 0.00215891 -4.64222e-09 0.0535896 3.78517e-10 -0.00161877 -8.45819e-09 0.0585814 2.6088e-09 -0.00133191 -4.61521e-09 9.16881e-05 5.57751e-10 -0.00286732 -6.63561e-09 -0.000338679 1.03135e-09 -0.0018531 -2.98986e-09 -0.0534614 3.7467e-10 0.00201307 -2.90882e-09 -0.0594377 -7.80215e-12 -4.26396e-05 -1.00975e-09 0.0594507 -5.25045e-12 -0.053966 3.7909e-10 -0.00541551 -4.29784e-09 0.0587243 2.54094e-09 -0.000658513 -7.87424e-09 0.000609684 3.58055e-09 0.0116043 -7.72405e-09 -0.0578422 2.55146e-09 0.00658269 -4.15268e-09 0.0540907 3.62415e-10 0.00104535 5.48177e-10 0.0218882 -3.75237e-09 -0.0592695 2.39491e-09 -0.0277866 -5.23735e-09 0.0565999 2.27327e-09 -0.0443121 -3.55875e-09 -0.00212448 5.25525e-10 0.0517595 3.35034e-10 -0.091516 -1.94718e-09 0.00239225 1.0008e-09 0.431528 -1.28938e-09 -0.0477191 4.02131e-10 -0.0618511 4.67119e-13 0.464474 -3.79349e-10 1.07351 0 
