0 -0 0
0.000367493 -2.74089e-06 7.47283e-07
0.000734987 3.63062e-06 7.45385e-06
0.00110248 4.1074e-06 -5.13499e-06
0.00146997 -3.08575e-06 2.44745e-07
0.00183747 1.53173e-06 1.02492e-06
0.00220496 3.33003e-07 -6.81621e-07
0.00257245 4.20793e-07 3.39077e-07
0.00293995 9.89117e-07 1.43089e-07
0.00330744 1.18239e-06 2.01777e-07
0.00367493 1.59987e-06 3.21175e-07
0.00404243 2.29561e-06 8.7863e-07
0.00440992 4.20848e-06 -7.07067e-07
0.00477741 -4.68072e-06 3.06211e-06
0.00514491 4.50788e-05 2.3039e-05
0.0055124 -6.75553e-05 -0.000188462
0.00587989 -0.000244885 0.000882089
0.00624739 0.00303553 -0.00236923
0.00661488 -0.0147933 0.00713845
0.00698237 0.0805636 -0.00179561
0.00734987 -0.0882628 -0.104328
0.00771736 -0.0140308 0.053734
0.00808485 2.68301e-05 0.000362249
0.00845234 0.00241099 0.00112151
0.00881984 -0.00019722 -0.000445726
0.00918733 2.22755e-05 7.58887e-05
0.00955482 9.37083e-06 -1.04133e-05
0.00992232 1.7625e-06 3.17821e-06
0.0102898 3.49694e-06 2.42319e-06
0.0106573 2.77435e-06 1.34733e-06
0.0110248 2.14122e-06 3.02532e-07
0.0113923 -1.46402e-07 1.82124e-06
0.0117598 9.25067e-06 6.31357e-07
0.0121273 -2.03303e-05 -1.94521e-05
0.0124948 1.68579e-05 9.90198e-05
0.0128623 0.000158004 -0.000301044
0.0132298 -0.000959851 0.00050995
0.0135973 0.00327306 8.73956e-05
0.0139647 -0.00777081 -0.00496137
0.0143322 0.00493665 0.0184066
0.0146997 0.0132703 -0.0180886
0.0150672 -0.013301 -0.000488997
0.0154347 0.0014286 0.00299632
0.0158022 0.000270343 0.000220818
0.0161697 0.000182534 -0.000175806
0.0165372 -4.92471e-05 -5.16665e-06
0.0169047 3.9675e-06 -1.9257e-06
0.0172722 -1.50869e-06 -2.35973e-06
0.0176397 -7.74433e-07 -2.73184e-06
0.0180072 -8.7161e-07 -2.72249e-06
0.0183747 -4.69109e-07 -3.1998e-06
0.0187422 -2.27538e-06 -3.73601e-06
0.0191096 2.60015e-06 4.78459e-07
0.0194771 -7.579e-07 -2.3238e-05
0.0198446 -4.15549e-05 3.95626e-05
0.0202121 0.00016184 -2.63096e-05
0.0205796 -0.000358093 -0.000203132
0.0209471 0.000391782 0.000817667
0.0213146 0.000399664 -0.00168092
0.0216821 -0.00206367 0.00127541
0.0220496 0.0021867 0.000673683
0.0224171 -0.000476748 -0.00123072
0.0227846 -0.000188891 0.000326249
0.0231521 2.67843e-05 -1.91865e-05
0.0235196 2.75292e-05 -1.58879e-05
0.0238871 -3.02618e-06 -1.81486e-05
0.0242546 1.9561e-05 -8.10895e-07
0.024622 1.69317e-05 -1.81642e-06
0.0249895 1.28476e-05 2.8505e-06
0.025357 9.19557e-06 3.40381e-06
0.0257245 7.85046e-06 4.32449e-06
0.026092 6.05381e-06 -2.49867e-07
0.0264595 -7.52997e-07 5.55406e-06
0.026827 1.54415e-05 1.9621e-06
0.0271945 -1.58723e-05 -7.37397e-06
0.027562 4.90467e-05 2.70182e-05
0.0279295 -6.35253e-05 -0.000143861
0.028297 -0.000117477 0.000273044
0.0286645 0.000311817 -0.000174802
0.029032 -0.000473196 0.000149032
0.0293995 0.000794226 0.00042322
0.029767 0.000199918 -0.000887518
0.0301344 -0.000461805 -6.16873e-05
0.0305019 -3.66168e-05 0.000148172
0.0308694 4.6514e-05 4.04841e-05
0.0312369 1.71375e-05 -7.29494e-06
0.0316044 2.1724e-06 5.05952e-06
0.0319719 3.94689e-06 5.91932e-06
0.0323394 3.61795e-06 5.2658e-06
0.0327069 2.98156e-06 4.60767e-06
0.0330744 1.69439e-06 5.40601e-06
0.0334419 4.82252e-06 6.2021e-06
0.0338094 2.7061e-06 -3.27729e-06
0.0341769 -1.10436e-05 1.20449e-05
0.0345444 2.89402e-05 1.28897e-05
0.0349119 -1.87188e-05 -3.92807e-05
0.0352794 -1.76358e-05 6.86615e-05
0.0356468 7.81001e-05 -4.40749e-05
0.0360143 -0.000108586 -2.14331e-05
0.0363818 6.5755e-05 0.000108388
0.0367493 3.56608e-05 -9.72722e-05
0.0371168 -6.42829e-05 1.22309e-05
0.0374843 1.09653e-05 2.60866e-05
0.0378518 3.90107e-06 -3.89447e-06
0.0382193 1.3421e-06 1.68243e-06
0.0385868 -1.56021e-06 3.67913e-06
0.0389543 1.97874e-06 2.12065e-06
0.0393218 9.37975e-07 2.67313e-06
0.0396893 2.93029e-08 1.69276e-06
0.0400568 6.69217e-08 1.79173e-06
0.0404243 1.09358e-06 1.86987e-06
0.0407918 9.01953e-07 2.02639e-06
0.0411592 1.16944e-06 6.89319e-07
0.0415267 8.60203e-07 8.99737e-07
0.0418942 -1.06035e-07 1.52801e-07
0.0422617 -1.01982e-06 1.66825e-06
0.0426292 3.98201e-06 2.16436e-06
0.0429967 -3.73679e-06 -4.36397e-06
0.0433642 6.64362e-07 1.50865e-05
0.0437317 2.16105e-05 -1.31954e-05
0.0440992 -2.91106e-05 -1.67481e-05
0.0444667 -4.04906e-06 3.59141e-05
0.0448342 2.60832e-05 2.4323e-06
0.0452017 2.69803e-06 -9.35416e-06
0.0455692 4.50929e-07 2.35255e-06
0.0459367 -3.35349e-07 1.39767e-06
0.0463042 1.073e-06 3.39814e-06
0.0466716 9.70102e-07 3.12555e-06
0.0470391 2.01557e-06 1.5584e-06
0.0474066 1.7653e-06 1.31908e-06
0.0477741 -2.30565e-07 1.22061e-07
0.0481416 2.09658e-07 6.80172e-07
0.0485091 -9.05818e-07 8.95324e-07
0.0488766 7.52589e-07 3.6285e-06
0.0492441 5.59957e-08 1.43223e-06
0.0496116 3.43898e-06 4.40626e-07
0.0499791 7.33158e-07 1.72741e-06
0.0503466 -4.46931e-06 -6.1721e-07
0.0507141 9.98866e-06 3.33165e-06
0.0510816 -6.13214e-06 1.97843e-07
0.0514491 3.62222e-06 -8.49925e-09
0.0518165 3.42001e-06 3.65875e-06
0.052184 2.40238e-06 -6.79118e-06
0.0525515 6.58229e-06 -7.19326e-06
0.052919 -1.43564e-06 -5.9447e-07
0.0532865 -2.69666e-06 -4.38979e-06
0.053654 -1.02506e-06 4.34577e-07
0.0540215 -2.57144e-06 6.14824e-07
0.054389 -3.16102e-07 -1.18692e-06
0.0547565 2.55405e-06 1.3135e-06
0.055124 -6.70625e-07 1.32954e-06
0.0554915 7.61672e-08 7.31098e-07
0.055859 -2.85801e-07 7.67505e-07
0.0562265 8.6505e-07 2.90382e-06
0.056594 1.5105e-06 2.48879e-06
0.0569615 3.59603e-06 -9.56379e-07
0.0573289 -8.47016e-07 -1.26089e-06
0.0576964 -5.70006e-06 6.63888e-07
0.0580639 5.12348e-06 4.07058e-06
0.0584314 -2.37246e-06 -3.36869e-06
0.0587989 -1.35431e-06 4.84556e-06
0.0591664 1.42746e-06 5.58712e-06
0.0595339 2.60179e-06 -1.04352e-06
0.0599014 2.5403e-06 -1.7465e-07
0.0602689 -1.77723e-06 -1.56002e-06
0.0606364 8.28107e-07 1.01206e-06
0.0610039 6.36201e-07 2.19504e-07
0.0613714 1.14553e-06 -2.04824e-06
0.0617389 -2.20969e-06 -2.37042e-06
0.0621064 -3.42111e-07 3.46142e-06
0.0624739 9.79204e-07 1.08676e-06
0.0628413 4.11448e-06 1.64139e-06
0.0632088 2.71059e-06 -2.07759e-06
0.0635763 -1.67035e-06 1.34184e-06
0.0639438 -3.30105e-06 -5.51327e-06
0.0643113 -1.94246e-06 8.14239e-06
0.0646788 -4.57744e-06 8.63068e-06
0.0650463 1.42223e-05 -5.91757e-06
0.0654138 -7.97511e-06 2.66622e-06
0.0657813 -4.087e-06 3.55017e-06
0.0661488 8.61179e-06 2.89301e-06
0.0665163 -6.79995e-06 6.18162e-06
0.0668838 1.17929e-05 1.35744e-06
0.0672513 8.12659e-06 7.55532e-06
0.0676188 3.79088e-06 3.11069e-06
0.0679863 8.95503e-06 3.88272e-06
0.0683537 1.01813e-05 1.31207e-06
0.0687212 -7.03833e-07 -5.01595e-06
0.0690887 9.16216e-06 2.88339e-06
0.0694562 -5.33079e-06 1.27237e-06
0.0698237 -1.0813e-06 -3.27211e-06
0.0701912 -5.22232e-06 -3.25898e-06
0.0705587 8.99927e-07 3.88963e-06
0.0709262 -4.11916e-06 1.32191e-06
0.0712937 -2.33819e-06 -9.30047e-06
0.0716612 -7.01851e-06 9.75774e-06
0.0720287 3.46372e-06 3.50173e-06
0.0723962 8.31545e-06 -7.98902e-06
0.0727637 -9.0933e-07 1.06834e-05
0.0731312 1.21692e-05 -6.93691e-06
0.0734987 -3.92748e-06 -1.84633e-06
0.0738661 -6.56067e-06 -5.40742e-08
0.0742336 9.02726e-07 4.54841e-06
0.0746011 -2.01867e-06 1.09518e-05
0.0749686 5.71577e-06 -1.49795e-06
0.0753361 -8.07806e-08 1.03227e-06
0.0757036 5.10154e-06 -4.37369e-07
0.0760711 -3.18276e-06 1.45924e-06
0.0764386 1.01223e-05 -6.87889e-07
0.0768061 -2.6816e-06 -2.54773e-06
0.0771736 -2.48188e-06 -3.86357e-06
0.0775411 -1.01583e-05 -1.74394e-06
0.0779086 -2.972e-06 1.32795e-05
0.0782761 -3.91867e-07 2.50795e-06
0.0786436 1.44629e-05 6.37138e-07
0.0790111 -5.99188e-06 -1.58388e-06
0.0793785 4.31719e-06 -2.16219e-05
0.079746 -2.44296e-05 9.34026e-06
0.0801135 1.50146e-05 1.09376e-05
0.080481 1.67315e-06 -1.45518e-05
0.0808485 -6.72855e-06 9.35757e-06
0.081216 -7.26475e-06 -9.382e-06
0.0815835 4.32501e-07 1.00061e-05
0.081951 -9.48136e-06 9.83817e-06
0.0823185 -8.17001e-06 4.60493e-06
0.082686 -1.04206e-05 5.53656e-06
0.0830535 -2.4035e-05 8.8668e-06
0.083421 -3.6618e-06 1.38852e-05
0.0837885 -6.51904e-06 3.43227e-06
0.084156 1.55456e-06 1.13296e-06
0.0845234 -3.45641e-07 -7.207e-06
0.0848909 1.40109e-05 3.14804e-06
0.0852584 -2.09413e-06 -1.57662e-06
0.0856259 6.85653e-06 -8.86713e-06
0.0859934 9.41863e-06 7.14884e-06
0.0863609 2.61166e-06 -1.36085e-05
0.0867284 6.49609e-07 -4.18304e-06
0.0870959 -7.61827e-06 9.85862e-06
0.0874634 -4.78788e-06 5.67133e-06
0.0878309 6.43739e-06 5.11903e-06
0.0881984 -1.80739e-06 1.63184e-05
0.0885659 1.18825e-06 -4.48734e-06
0.0889334 2.40903e-07 -3.12484e-06
0.0893009 -2.05743e-05 -9.457e-06
0.0896684 -6.54525e-06 7.60341e-06
0.0900358 1.40157e-06 7.74928e-07
0.0904033 -6.38292e-06 1.00052e-05
0.0907708 6.2697e-06 -7.17191e-06
0.0911383 -1.53904e-05 6.78536e-06
0.0915058 9.83276e-06 4.39465e-06
0.0918733 -3.79828e-06 -8.02116e-07
0.0922408 1.76873e-05 7.31821e-06
0.0926083 -3.63637e-06 -1.72856e-05
0.0929758 1.63912e-06 -1.98351e-05
0.0933433 -1.25367e-05 1.32914e-05
0.0937108 -4.94329e-07 -1.71101e-05
0.0940783 -8.86188e-06 4.22564e-05
0.0944458 4.91546e-05 -3.06151e-05
0.0948133 -1.69096e-05 -4.35681e-06
0.0951808 -3.22392e-06 9.56268e-06
0.0955482 1.36475e-05 -1.40617e-05
0.0959157 2.5945e-06 -9.64563e-06
0.0962832 -1.73248e-05 -9.43457e-06
0.0966507 -2.32493e-05 -2.33296e-06
0.0970182 2.63957e-06 3.27809e-06
0.0973857 -2.29638e-06 -2.45676e-05
0.0977532 1.46063e-05 -3.74333e-05
0.0981207 -1.62709e-05 -3.46487e-05
0.0984882 3.44364e-06 -1.15878e-05
0.0988557 -1.10125e-05 -3.26657e-06
0.0992232 1.67795e-05 7.33807e-06
0.0995907 -1.23525e-05 2.33324e-05
0.0999582 2.66934e-06 5.37724e-07
0.100326 4.41815e-06 1.85303e-05
0.100693 -1.31878e-05 7.46525e-06
0.101061 8.6342e-06 -5.88084e-07
0.101428 -1.99048e-05 2.35699e-05
0.101796 4.24503e-05 -5.13976e-06
0.102163 -2.03474e-05 -4.74598e-05
0.102531 -1.50322e-05 2.97875e-05
0.102898 -1.77828e-05 -1.53908e-05
0.103266 6.18501e-06 -3.02366e-06
0.103633 -2.59141e-05 -3.12448e-06
0.104001 1.4529e-05 4.01717e-06
0.104368 1.46148e-05 -9.33674e-06
0.104736 -1.24205e-05 5.65279e-07
0.105103 6.026e-06 -2.2255e-05
0.105471 -1.32254e-05 8.37774e-06
0.105838 2.29441e-05 -1.60885e-06
0.106206 -1.58723e-05 -7.21643e-07
0.106573 1.54894e-05 -1.68354e-05
0.106941 -2.40232e-05 9.38499e-06
0.107308 -4.86247e-06 -1.45663e-05
0.107676 1.73811e-05 4.28581e-05
0.108043 9.01474e-06 -3.03648e-05
0.108411 1.41482e-05 2.87346e-05
0.108778 -5.99582e-06 -8.4748e-05
0.109145 -3.25362e-05 6.71741e-05
0.109513 1.5526e-05 2.19877e-05
0.10988 3.23694e-05 -1.6987e-05
0.110248 -2.24915e-05 2.25417e-05
0.110615 1.24047e-05 1.26507e-05
0.110983 2.99326e-05 6.61839e-08
0.11135 1.2445e-05 -2.83574e-05
0.111718 -1.24328e-05 -1.34221e-05
0.112085 3.22503e-05 1.82709e-05
0.112453 3.4684e-05 1.95287e-05
0.11282 6.43191e-05 2.27994e-05
0.113188 1.15971e-05 2.17765e-06
0.113555 1.57617e-05 1.10867e-05
0.113923 -1.58612e-05 1.48345e-05
0.11429 -6.84203e-06 -3.62109e-05
0.114658 -3.36166e-05 -8.77932e-06
0.115025 -4.95073e-06 -1.92874e-05
0.115393 -3.14892e-05 -1.84774e-05
0.11576 6.30793e-06 3.10561e-05
0.116128 1.11529e-05 -7.23431e-05
0.116495 -7.47786e-05 4.73818e-05
0.116863 6.47968e-05 5.16694e-05
0.11723 4.60703e-07 -2.28998e-05
0.117598 1.93103e-05 -1.09759e-05
0.117965 -1.19645e-05 1.74353e-05
0.118333 3.08853e-05 -9.19468e-06
0.1187 1.51808e-05 -3.83763e-05
0.119068 -4.00508e-05 6.27155e-06
0.119435 1.02812e-05 -3.55868e-06
0.119803 -2.95e-06 2.68043e-05
0.12017 5.44728e-05 -6.19669e-06
0.120538 -2.83808e-05 8.72023e-06
0.120905 1.76795e-05 -2.72397e-05
0.121273 -1.31002e-07 1.94726e-05
0.12164 1.68005e-05 -2.05803e-05
0.122008 2.22231e-05 3.9167e-06
0.122375 -3.70138e-05 -4.3385e-05
0.122743 -1.30907e-05 2.5094e-05
0.12311 -5.40549e-05 -1.92143e-05
0.123478 7.62004e-05 0.000114559
0.123845 1.5363e-05 -4.95422e-05
0.124213 -2.66483e-05 -3.10909e-05
0.12458 -2.69746e-05 4.93897e-05
0.124948 -2.33486e-05 -1.31713e-05
0.125315 -1.60546e-05 9.09966e-06
0.125683 -1.65119e-06 3.10117e-05
0.12605 1.24545e-05 1.13626e-05
0.126418 2.76003e-05 -7.35231e-06
0.126785 -5.50344e-06 3.71856e-06
0.127153 -4.71809e-05 2.44975e-05
0.12752 -5.33389e-05 4.27607e-05
0.127888 -5.92362e-05 4.93798e-05
0.128255 -2.40658e-05 2.78851e-05
0.128623 -8.73045e-07 -5.1373e-05
0.12899 -7.5973e-06 2.15432e-05
0.129358 5.08904e-05 -3.00182e-05
0.129725 5.62509e-07 4.8304e-05
0.130093 7.33932e-05 -4.31119e-05
0.13046 -5.39674e-05 -2.96932e-05
0.130828 2.77857e-05 8.00424e-05
0.131195 5.64911e-05 -8.65431e-05
0.131563 -9.44815e-05 -4.93217e-07
0.13193 1.47131e-05 4.15244e-05
0.132298 -7.74556e-07 -3.05597e-06
0.132665 -2.42955e-05 -2.6055e-05
0.133033 -2.23597e-05 -5.33027e-06
0.1334 2.49472e-05 5.91379e-05
0.133768 2.09008e-05 -1.49545e-05
0.134135 2.62706e-05 3.07836e-05
0.134503 1.78487e-05 -5.03718e-05
0.13487 -5.09028e-05 5.0513e-05
0.135238 -1.45544e-05 -3.69379e-05
0.135605 1.16346e-05 5.52869e-05
0.135973 -1.65629e-05 -6.46187e-06
0.13634 -1.35394e-05 4.18187e-05
0.136707 -1.10537e-05 1.08557e-05
0.137075 6.36791e-05 3.0093e-05
0.137442 7.63635e-06 -1.86955e-05
0.13781 9.81712e-05 -3.93544e-05
0.138177 -0.000130416 -9.17413e-05
0.138545 -7.73853e-05 8.08125e-05
0.138912 4.46059e-05 1.91597e-05
0.13928 -5.875e-06 -4.29873e-05
0.139647 1.4082e-05 6.87015e-06
0.140015 4.29688e-05 -5.25562e-05
0.140382 -5.05979e-05 -8.92722e-05
0.14075 -2.6975e-05 3.40007e-05
0.141117 1.42435e-05 1.27402e-05
0.141485 -2.47153e-05 5.53416e-05
0.141852 2.89428e-05 -7.31829e-05
0.14222 -1.17909e-05 -3.89314e-05
0.142587 -5.60842e-05 -0.000131707
0.142955 -1.01711e-05 -0.000103829
0.143322 -3.36505e-05 5.19107e-05
0.14369 5.23604e-05 4.6662e-06
0.144057 -2.14879e-05 7.48116e-05
0.144425 -4.21608e-05 -8.29228e-05
0.144792 -3.08757e-05 9.58422e-05
0.14516 5.35169e-05 -2.74609e-05
0.145527 -8.84791e-05 -6.15962e-05
0.145895 5.052e-05 0.000150101
0.146262 7.44223e-05 -4.23461e-05
0.14663 4.08683e-07 -5.7668e-05
0.146997 1.06097e-05 9.13801e-06
0.147365 2.53713e-06 -2.70707e-05
0.147732 3.89288e-05 -4.2096e-05
0.1481 -5.26254e-05 -1.17283e-05
0.148467 -6.11565e-05 4.67718e-05
0.148835 -4.76977e-05 -9.34371e-06
0.149202 1.24812e-05 0.000101361
0.14957 -3.17861e-05 -2.67424e-05
0.149937 6.48933e-05 -1.72848e-06
0.150305 -5.85881e-05 -5.67449e-05
0.150672 1.9007e-05 1.58206e-05
0.15104 -6.23817e-05 -4.92898e-05
0.151407 3.01578e-05 -1.79393e-05
0.151775 -4.64282e-05 3.32214e-05
0.152142 2.77795e-05 -2.11297e-05
0.15251 -8.70841e-05 3.87368e-05
0.152877 0.000139371 7.24798e-05
0.153245 5.74807e-05 -0.000117845
0.153612 -2.3986e-05 -2.5087e-05
0.15398 9.35861e-06 4.8162e-06
0.154347 8.59483e-06 -3.40224e-05
0.154715 -2.59986e-06 6.07822e-05
0.155082 5.03893e-05 6.81358e-05
0.15545 5.98058e-05 -4.02057e-05
0.155817 -4.55193e-05 3.39672e-05
0.156185 -6.12259e-05 -2.22249e-05
0.156552 7.23324e-05 5.70935e-05
0.15692 2.39394e-05 5.18267e-06
0.157287 0.000159157 -3.77741e-05
0.157655 0.0001308 8.77975e-05
0.158022 9.18566e-05 -9.95444e-05
0.15839 -2.73433e-05 3.6944e-05
0.158757 -8.93695e-05 -7.85408e-05
0.159125 0.000134407 3.1294e-05
0.159492 -4.28978e-05 -0.000127883
0.15986 -5.44e-05 -2.75123e-05
0.160227 0.000112308 0.000115194
0.160595 -9.49756e-05 -0.000109113
0.160962 -9.26141e-05 2.73664e-05
0.16133 -1.37489e-05 0.000142063
0.161697 -4.9226e-05 4.76587e-05
0.162065 8.16726e-05 -1.18922e-05
0.162432 1.94255e-05 4.17534e-05
0.1628 1.61469e-05 1.69984e-05
0.163167 1.07954e-05 -7.77122e-05
0.163535 0.000135415 -4.24832e-05
0.163902 -0.000154926 -0.00011998
0.164269 4.68186e-05 1.43808e-07
0.164637 -0.000104538 2.39233e-05
0.165004 0.000143925 9.22999e-05
0.165372 -2.07946e-06 -1.27537e-06
0.165739 7.59447e-05 -9.36371e-05
0.166107 -8.09218e-06 9.22963e-05
0.166474 4.12401e-05 -0.000135159
0.166842 -4.73068e-05 3.08433e-05
0.167209 5.88628e-05 -3.85219e-06
0.167577 -0.000137497 -0.000100435
0.167944 -1.0879e-05 0.000156554
0.168312 -1.60681e-05 0.000101899
0.168679 4.60029e-05 -9.96146e-06
0.169047 8.33194e-05 3.86123e-05
0.169414 -6.82348e-05 3.33732e-05
0.169782 -8.92617e-05 -8.47461e-05
0.170149 -1.24686e-05 0.000123199
0.170517 -2.87859e-05 -3.91779e-05
0.170884 7.25462e-05 -1.33197e-05
0.171252 -0.000105465 1.2663e-05
0.171619 2.56637e-05 -8.08084e-06
0.171987 -5.15924e-05 0.000157226
0.172354 -7.56572e-05 9.58142e-05
0.172722 -8.28455e-05 0.000215495
0.173089 2.42519e-05 4.82957e-05
0.173457 0.000140908 -2.49324e-05
0.173824 -5.40546e-05 1.62286e-05
0.174192 8.0505e-06 2.64491e-05
0.174559 0.000212361 0.000139229
0.174927 -0.000242679 -0.000189231
0.175294 2.80483e-05 8.06464e-05
0.175662 6.69268e-05 8.49294e-06
0.176029 -4.09077e-05 -0.000164854
0.176397 -6.39347e-05 -0.000123975
0.176764 -7.02924e-06 0.00013855
0.177132 -2.01779e-05 -2.61288e-05
0.177499 -2.87467e-05 5.51512e-05
0.177867 0.000128352 7.44891e-07
0.178234 -0.000194816 0.000128711
0.178602 0.000199842 7.09419e-05
0.178969 -1.72316e-05 6.0084e-05
0.179337 0.000179118 -1.81199e-05
0.179704 -0.000190508 -5.87152e-05
0.180072 -7.80136e-05 -6.4287e-05
0.180439 3.1156e-05 0.000210357
0.180807 -0.000131529 -9.73197e-05
0.181174 8.95814e-05 0.000153316
0.181542 9.13446e-05 1.06526e-05
0.181909 -0.000126366 -6.86276e-07
0.182277 0.000160165 -2.70444e-05
0.182644 9.12633e-05 -5.30072e-05
0.183012 -0.000210008 -0.000168409
0.183379 1.74794e-05 8.33921e-07
0.183747 -0.000173495 0.000126725
0.184114 1.53042e-05 -6.91393e-05
0.184482 0.000177468 -1.24103e-05
0.184849 -7.32026e-05 -8.29893e-05
0.185217 2.05607e-05 -4.36366e-05
0.185584 -2.00109e-05 5.63222e-05
0.185952 2.73198e-05 -0.000171448
0.186319 -0.000126566 3.36708e-05
0.186687 -3.51415e-05 -2.24491e-05
0.187054 -0.000104706 -2.20776e-05
0.187422 -0.000245422 -0.000260327
0.187789 -8.42807e-05 -0.000100609
0.188157 -0.000187807 4.27281e-05
0.188524 1.39355e-05 0.000161019
0.188892 0.00016451 -1.46344e-05
0.189259 -0.000334437 -3.23825e-05
0.189627 0.000286141 3.23973e-06
0.189994 1.55514e-05 -4.40485e-05
0.190362 -4.45715e-05 -2.31189e-05
0.190729 6.30457e-05 0.000153019
0.191096 0.000173839 0.000176484
0.191464 2.05207e-05 -0.000109743
0.191831 -2.51273e-05 -4.85279e-05
0.192199 -2.01525e-05 -0.000130036
0.192566 -0.00032859 0.000153538
0.192934 7.52536e-05 -0.000114829
0.193301 -0.000234075 4.2159e-05
0.193669 -2.4969e-05 -0.000154743
0.194036 -0.000278937 0.000150079
0.194404 3.04217e-05 -2.83337e-05
0.194771 0.000281717 6.4961e-05
0.195139 -0.000197097 -8.44466e-05
0.195506 0.000167597 -9.44912e-05
0.195874 -0.000174747 3.50889e-05
0.196241 2.58231e-05 0.000125445
0.196609 6.20101e-05 -0.000131101
0.196976 1.3713e-05 4.601e-05
0.197344 -0.000112886 0.000168148
0.197711 0.000244272 -0.000151766
0.198079 -3.31977e-05 0.000167869
0.198446 6.73007e-05 -0.000321987
0.198814 2.3978e-05 0.000100704
0.199181 -1.59768e-05 1.01463e-05
0.199549 2.50816e-05 1.0203e-05
0.199916 -2.33937e-05 1.5078e-05
0.200284 6.43663e-05 -2.85154e-05
0.200651 2.23425e-05 9.63576e-05
0.201019 0.000181996 2.82947e-05
0.201386 -4.13924e-05 -0.000233209
0.201754 -1.18476e-05 1.41063e-05
0.202121 0.000274415 -0.000124878
0.202489 0.000222624 1.07535e-05
0.202856 0.000311263 -0.000103529
0.203224 1.72605e-05 -0.000267302
0.203591 -0.000286715 0.000118051
0.203959 0.000330074 -0.000238402
0.204326 -0.000149109 0.000145302
0.204694 -0.000122932 0.000187469
0.205061 0.000164726 5.93543e-05
0.205429 -0.000144415 -3.06428e-05
0.205796 -0.000394456 -0.000304898
0.206164 -8.29971e-05 0.000303656
0.206531 -5.04932e-05 1.84593e-05
0.206899 0.000145551 9.39115e-05
0.207266 0.000132764 -0.000353157
0.207634 -0.000113613 2.26203e-05
0.208001 0.000172373 -0.000191768
0.208369 5.55705e-05 9.48448e-06
0.208736 5.91435e-05 -0.000143287
0.209104 5.48899e-05 -0.000107423
0.209471 -0.000110453 0.000111502
0.209839 1.20389e-05 -2.76849e-05
0.210206 -4.00631e-05 0.000146664
0.210574 0.0001462 7.68118e-05
0.210941 -8.43735e-05 -0.000218087
0.211309 0.000201927 0.000165897
0.211676 -4.64274e-05 2.41282e-05
0.212044 -3.23075e-06 -0.000302785
0.212411 -4.13583e-05 0.00031995
0.212779 -0.000164501 -0.000167262
0.213146 0.000122133 9.81844e-05
0.213514 -0.000248835 0.000160956
0.213881 9.88768e-05 1.49111e-05
0.214249 -5.08194e-05 0.000129928
0.214616 4.19825e-05 -7.60924e-05
0.214984 -0.000126724 0.000149272
0.215351 9.2499e-05 0.000102597
0.215719 -0.000190006 4.93697e-05
0.216086 0.000147948 0.000104463
0.216454 0.000126405 3.54938e-05
0.216821 8.33899e-05 0.000197971
0.217189 -7.17925e-05 0.000162611
0.217556 -0.000123768 0.00038567
0.217924 0.000244557 0.000554407
0.218291 0.00023496 -0.000410128
0.218658 -0.000103632 0.000334522
0.219026 0.000117697 -5.838e-06
0.219393 -1.89213e-05 -0.000306623
0.219761 -0.000230093 -9.4439e-05
0.220128 -0.000333309 -0.000156547
