1.07351 3.54049e-14 0.431528 -1.48449e-14 0.00239225 3.07064e-13 -0.091516 -6.11321e-14 -0.0618511 3.93929e-14 0.464474 -4.87627e-15 -0.0277866 -7.73706e-14 -0.0592695 -4.72951e-13 0.0218882 1.20553e-14 0.0517595 -8.16925e-14 -0.000658511 -1.82934e-13 0.0587243 8.73789e-13 -0.00541551 -9.89278e-15 0.00104535 6.5805e-13 0.00112991 -8.48172e-14 0.00016601 9.69178e-14 -0.00187287 -1.35733e-13 -0.053966 -1.36208e-12 0.00199584 9.65767e-14 -0.059439 -1.68071e-12 -2.28633e-05 -2.43418e-15 0.0594507 1.75598e-12 -0.0477191 -2.05367e-13 -0.0443121 -9.10036e-14 0.0565998 4.8988e-13 0.0116043 -1.26666e-13 0.000609682 1.67278e-13 -0.00161877 -6.33697e-14 -0.059047 -6.02458e-13 0.00215891 -8.4267e-14 0.0535896 1.48563e-12 -0.0021245 7.14247e-14 0.00658269 -1.33795e-14 -0.0578422 -2.19827e-13 -0.00286732 -1.04177e-13 0.0585814 7.43423e-13 -0.00133191 -1.11012e-13 9.17002e-05 -5.14317e-13 0.0540908 3.26836e-13 0.00201307 -3.98882e-14 -0.00033868 -1.17865e-13 -0.0018531 1.05033e-14 -0.0534614 2.06028e-13 -0.0594377 3.73812e-14 -4.26401e-05 -1.6258e-15 0.0594507 3.03211e-14 
0.431528 -7.72071e-14 0.984433 -1.34892e-13 0.405813 -1.02064e-13 0.00563278 -1.35115e-13 -0.091516 -4.28863e-14 -0.00438365 -5.18103e-14 0.00108824 -2.55123e-13 -0.0268055 -5.09534e-14 -0.000741966 -1.89597e-13 -0.0284388 -1.02287e-13 0.000117473 -2.98994e-13 -0.00160745 -1.57159e-13 5.02494e-05 -1.88818e-13 0.00977157 -1.33522e-13 -1.48789e-05 -2.5423e-13 0.000730458 -1.39299e-13 0.000134118 -1.35181e-13 -0.000313519 -3.28701e-14 -8.12986e-05 -1.46243e-13 0.00199584 6.26436e-15 -1.5766e-05 -5.56677e-14 -0.0018531 -1.64505e-13 0.434667 -5.2321e-14 -0.00304722 -1.83303e-13 -0.0855017 -1.22714e-13 0.000898618 -2.99607e-13 0.0156783 -1.04637e-13 2.30378e-05 -3.02043e-13 2.91748e-05 -6.71948e-14 -0.000101187 -1.8761e-13 -0.00198632 -1.81762e-13 -0.0399512 -1.03331e-13 0.000627104 -1.86826e-13 0.0204476 -6.9054e-14 -0.000397267 -2.50167e-13 -0.00797547 -1.54746e-13 0.000134479 -1.8362e-13 0.00133087 -9.75242e-14 0.00229178 -1.26878e-13 -0.0002078 -1.36624e-13 -0.00321874 -1.22702e-13 0.000134118 -1.379e-13 0.00365546 -9.29092e-14 0.00201307 -5.36757e-14 1.0966e-05 -5.38448e-14 -0.00187288 -9.39021e-14 
0.00239225 -1.02092e-13 0.405813 -2.80112e-14 1.00477 2.73025e-13 0.405813 -4.1194e-14 0.00239221 3.22641e-13 -0.0916932 3.75966e-15 0.409157 -1.80374e-13 0.00338342 5.76197e-13 -0.0818903 -7.91405e-14 -0.00117606 -1.16618e-14 -0.0300636 -2.10621e-13 -0.00075324 1.58328e-13 0.0171643 -5.06769e-14 -0.00147316 2.14134e-13 0.000658836 -1.21891e-13 -0.000128788 2.83738e-13 -0.00321874 7.97072e-15 0.00096606 3.79232e-13 0.000730459 -7.40052e-15 0.000165974 3.3008e-13 0.000519164 1.36487e-14 -0.000338682 -9.47104e-14 -0.00117609 3.71469e-13 -0.0818903 -6.19468e-14 0.00338345 1.52382e-13 -0.0300636 -2.09533e-13 -0.00192203 4.45873e-13 0.00931283 -1.94188e-13 0.000683159 5.7981e-13 -0.00172028 -5.45678e-14 -0.000114104 -3.08288e-15 -0.00147316 2.10179e-13 0.0171643 -6.46004e-14 -0.000753273 5.75119e-13 0.000658836 -1.20197e-13 0.000683192 1.54933e-13 -0.00172028 -3.85798e-14 -0.000300328 2.17402e-13 0.000966089 -9.89345e-15 -0.00321874 -8.75234e-15 -0.000128788 2.76403e-13 0.000730458 9.05224e-15 -0.000114134 3.764e-13 -0.000338715 3.25594e-13 0.000519164 1.38788e-14 0.000166007 -9.84917e-14 
-0.091516 -3.10949e-14 0.00563278 -1.34976e-13 0.405813 -8.88665e-14 0.984433 -1.34743e-13 0.431528 -8.91466e-14 -0.00438365 -5.1241e-14 0.00108824 -2.51923e-13 -0.0855017 -1.42982e-13 -0.00304721 -1.82517e-13 0.434667 -6.30809e-14 0.000898619 -3.01531e-13 0.0204476 -4.99056e-14 0.000627104 -1.86644e-13 -0.0399512 -8.28437e-14 -0.000397267 -2.53108e-13 -0.00321874 -1.37616e-13 -0.0002078 -1.45698e-13 0.00229178 -1.86288e-13 0.000134118 -1.34828e-13 -0.00187288 -1.74556e-13 1.0966e-05 -5.57453e-14 0.00201307 1.76298e-14 -0.0284388 -1.25443e-13 -0.000741966 -1.85676e-13 -0.0268055 -4.905e-14 0.000117472 -2.9668e-13 0.0156783 -1.05632e-13 2.30379e-05 -2.95808e-13 -0.00797547 -1.72699e-13 0.000134479 -1.87955e-13 0.00365545 -2.76602e-14 0.00977157 -1.06838e-13 5.02497e-05 -1.80647e-13 -0.00160745 -1.48722e-13 -1.48788e-05 -2.49462e-13 2.91733e-05 -6.03078e-14 -0.000101187 -1.89277e-13 0.00133087 -1.42598e-13 -0.000313521 -6.34096e-14 0.000134118 -1.35684e-13 0.000730459 -1.40937e-13 -8.12985e-05 -1.36738e-13 -0.00198632 -1.26605e-13 -0.0018531 -1.03993e-13 -1.5766e-05 -5.33798e-14 0.00199584 -4.54398e-14 
-0.0618511 3.14149e-14 -0.091516 -4.88976e-14 0.00239221 -1.17402e-13 0.431528 -2.64942e-15 1.07351 3.55054e-14 0.464474 -5.73504e-15 -0.0277866 -1.15311e-13 0.0565999 7.48227e-13 -0.0443121 -1.203e-13 -0.047719 1.9872e-13 0.0116043 -6.88341e-14 -0.0578422 -6.07327e-13 0.00658268 -8.85254e-14 -0.00212453 -5.14211e-13 -0.00286732 -8.43187e-14 -0.000338718 9.6863e-14 0.00201307 9.5838e-14 0.0540908 1.49009e-12 -0.0018531 -1.35155e-13 0.0594507 1.75971e-12 -4.26403e-05 -1.82775e-15 -0.0594377 -1.68596e-12 0.0517595 3.29569e-13 0.0218882 -1.62104e-14 -0.0592694 -2.24152e-13 -0.000658513 -1.23694e-13 0.000609645 1.66864e-13 -0.00161878 -1.75781e-13 0.0585814 8.76783e-13 -0.00133192 -6.2506e-15 -0.0534614 -1.3654e-12 0.00104531 7.07642e-14 -0.00541552 -8.33062e-14 0.0587243 4.91814e-13 0.00112991 -6.29114e-14 -0.0590469 -4.8044e-13 0.00215891 2.12829e-14 9.16391e-05 6.58943e-13 -0.053966 -2.099e-13 -0.00187288 4.87135e-16 0.000165971 3.0727e-13 0.00199584 -4.83349e-14 0.0535896 -7.98484e-14 0.0594507 3.89074e-14 -2.28634e-05 -1.97415e-15 -0.0594391 3.75485e-14 
0.464474 -1.81572e-14 -0.00438365 -4.72258e-14 -0.0916932 -2.49545e-14 -0.00438365 -4.78662e-14 0.464474 -1.72387e-14 0.99461 -1.74295e-14 0.00121241 -9.19479e-14 0.0200248 -1.90713e-14 0.0012679 -6.63798e-14 -0.04607 -2.16742e-14 -0.000547171 -1.11546e-13 -0.00377466 -2.29771e-14 -0.000168255 -6.66465e-14 0.00521489 -2.97676e-14 0.000140338 -9.22545e-14 0.000519164 -3.70067e-14 1.09659e-05 -4.82768e-14 -0.000354477 -2.9391e-14 -1.57659e-05 -4.82599e-14 -2.28666e-05 -2.28007e-14 2.95213e-06 -1.85082e-14 -4.2637e-05 -2.18645e-14 -0.04607 -2.17479e-14 0.0012679 -6.58857e-14 0.0200249 -1.80015e-14 -0.000547171 -1.1078e-13 -0.00633176 -2.02808e-14 9.43915e-05 -1.10837e-13 0.0017001 -2.62288e-14 -3.09157e-05 -6.6471e-14 -0.000367223 -3.0072e-14 0.00521489 -2.84819e-14 -0.000168255 -6.5702e-14 -0.00377467 -2.25509e-14 0.000140338 -9.07501e-14 0.0017001 -2.49218e-14 -3.09158e-05 -6.61694e-14 -0.000589191 -3.33767e-14 -0.000354472 -2.72515e-14 1.09661e-05 -4.67367e-14 0.000519164 -3.4565e-14 -1.57661e-05 -4.70956e-14 -0.000367228 -2.95431e-14 -4.26428e-05 -2.10548e-14 2.95213e-06 -1.78404e-14 -2.28607e-05 -2.11676e-14 
-0.0277866 -2.06416e-13 0.00108824 -2.87015e-13 0.409157 -3.23011e-13 0.00108824 -2.8958e-13 -0.0277866 -1.68248e-13 0.00121241 -1.17632e-13 0.984237 -4.95986e-13 0.419776 -2.87441e-13 0.00177187 -3.82245e-13 -0.0881794 -2.87126e-13 -0.00176201 -5.81212e-13 -0.0316858 -3.87636e-13 0.000587157 -3.88915e-13 -0.0292536 -3.18857e-13 0.000491795 -5.09121e-13 0.000658836 -4.08259e-13 -0.000397268 -3.06268e-13 0.0114872 -2.8269e-13 -1.48787e-05 -3.09327e-13 0.0011299 -1.9789e-13 0.000140338 -1.26839e-13 -0.00286731 -2.35231e-13 -0.0881794 -2.48902e-13 0.00177187 -3.76501e-13 0.419776 -3.22193e-13 -0.00176201 -5.76622e-13 -0.0821201 -3.86413e-13 3.0701e-05 -5.80536e-13 0.0169044 -3.64781e-13 -9.60317e-05 -3.93657e-13 -0.0026328 -3.25595e-13 -0.0292536 -3.09588e-13 0.000587156 -3.81984e-13 -0.0316858 -3.38592e-13 0.000491795 -5.002e-13 0.0169044 -3.96129e-13 -9.60315e-05 -3.88713e-13 -0.00576378 -3.42685e-13 0.0114872 -3.03564e-13 -0.000397267 -2.97755e-13 0.000658836 -3.89757e-13 -1.48789e-05 -2.98684e-13 -0.00263281 -2.80588e-13 -0.00286732 -1.84363e-13 0.000140338 -1.21964e-13 0.00112991 -2.25782e-13 
-0.0592695 7.81924e-13 -0.0268055 -2.75375e-15 0.00338342 1.96416e-13 -0.0855017 8.8953e-14 0.0565999 -4.39644e-13 0.0200248 3.47212e-14 0.419776 -1.37551e-13 1.07021 5.185e-13 0.412615 -8.4346e-14 -0.0527531 9.69206e-13 0.420117 -1.47069e-13 -0.0543777 3.96637e-13 -0.0809635 -6.36867e-14 -0.00083246 -2.56664e-13 -0.0316858 -6.36478e-14 -0.000753276 4.26244e-13 0.0204476 1.43077e-13 0.0512987 1.15174e-12 -0.00160746 -3.49974e-14 0.0587243 1.28473e-12 -0.00377467 4.12347e-14 -0.0578422 -9.1338e-13 0.0518077 -1.13127e-14 -0.0281694 9.9148e-15 -0.0580051 7.6851e-13 -0.0839587 -1.45406e-13 0.00163853 6.22412e-13 -0.028822 -1.92586e-13 0.0565937 6.56109e-13 0.00780842 7.37613e-14 -0.0525378 -5.74947e-13 0.000480953 3.20278e-13 0.014355 -4.62415e-15 0.0565937 2.64325e-13 0.0169044 -3.14518e-14 -0.058488 5.21987e-13 0.00241985 5.91063e-14 0.000407174 9.14854e-13 -0.0527855 5.6544e-13 -0.00797547 1.01966e-13 0.000683156 6.26616e-13 2.91746e-05 7.31071e-15 0.0529668 -4.09692e-13 0.0585814 -4.31528e-13 0.0017001 4.13118e-14 -0.059047 7.94557e-13 
0.0218882 -1.83329e-13 -0.000741966 -1.95849e-13 -0.0818903 -2.0418e-13 -0.00304721 -2.0276e-13 -0.0443121 -5.06896e-14 0.0012679 -7.94666e-14 0.00177187 -3.53079e-13 0.412615 -1.20086e-13 0.986083 -2.67669e-13 0.43541 -2.12535e-13 0.000462299 -4.22055e-13 -0.0809635 -2.40272e-13 -0.00167434 -2.67543e-13 0.421949 -1.55993e-13 0.000587156 -3.602e-13 0.0171643 -2.4279e-13 0.000627104 -2.11091e-13 -0.0409723 -1.6995e-13 5.02497e-05 -2.07808e-13 -0.00541552 -1.30921e-13 -0.000168255 -8.43677e-14 0.00658269 -1.34352e-13 0.0145952 -1.19326e-13 -0.000557483 -2.63666e-13 -0.0281694 -2.50037e-13 5.83293e-05 -4.12381e-13 -0.0290261 -2.17818e-13 -0.000473856 -4.13804e-13 0.014355 -1.82313e-13 0.000103374 -2.76525e-13 -0.0039078 -1.9426e-13 0.000301383 -1.95988e-13 0.000103374 -2.66544e-13 0.00780842 -1.62416e-13 -9.60317e-05 -3.53745e-13 0.00241986 -2.64145e-13 5.05343e-05 -2.70127e-13 -0.0022762 -2.31408e-13 6.11769e-05 -2.28832e-13 0.000134479 -2.06381e-13 -0.00172028 -2.48804e-13 -0.000101187 -2.00898e-13 -0.00106024 -1.21058e-13 -0.00133191 -6.32929e-14 -3.09158e-05 -8.19204e-14 0.00215891 -1.95201e-13 
0.0517595 2.08062e-13 -0.0284388 -1.44704e-14 -0.00117606 3.60348e-13 0.434667 -5.3698e-14 -0.047719 -7.2523e-14 -0.04607 -3.23022e-15 -0.0881794 -1.08402e-13 -0.0527531 -4.60687e-13 0.43541 -1.90324e-14 1.06255 1.09736e-13 -0.0309897 -2.24939e-13 0.0512986 1.04264e-12 -0.0409723 -3.13634e-14 0.00519544 6.60152e-13 0.0114872 -1.11247e-13 0.000966092 1.73118e-13 0.00229178 -1.28249e-13 -0.0503963 -1.30368e-12 -0.00031352 9.46462e-14 -0.053966 -1.62596e-12 -0.000354474 2.37467e-15 0.0540907 1.76487e-12 -0.0473271 -2.61218e-13 0.0145952 -9.78586e-14 0.0518076 6.91936e-13 0.0179817 -1.64991e-13 9.20449e-05 2.829e-13 2.51522e-05 -1.07547e-13 -0.0527855 -5.76664e-13 6.11783e-05 -8.14889e-14 0.0480944 1.52825e-12 0.000171881 1.2809e-13 -0.0039078 -1.55763e-14 -0.0525378 -2.33707e-13 -0.0026328 -1.19918e-13 0.0529668 9.22103e-13 -0.00106024 -1.1411e-13 -1.64186e-06 -3.98784e-13 0.0480944 4.79333e-13 0.00365545 -2.60185e-14 -0.000114102 -2.37417e-14 -0.00198632 8.37711e-15 -0.0483051 1.12747e-13 -0.0534614 -7.50408e-14 -0.000367226 4.16599e-15 0.0535896 2.04956e-13 
-0.000658511 -2.01659e-13 0.000117473 -3.66535e-13 -0.0300636 -4.9524e-13 0.000898619 -3.63277e-13 0.0116043 -3.15426e-13 -0.000547171 -1.49708e-13 -0.00176201 -6.01486e-13 0.420117 -4.89848e-13 0.000462299 -4.66449e-13 -0.0309897 -3.19111e-13 0.983495 -6.98169e-13 0.420117 -3.95673e-13 0.000462301 -4.78261e-13 -0.0865822 -4.23618e-13 -0.00176201 -6.18475e-13 -0.0300636 -5.25834e-13 0.000898618 -3.84657e-13 -0.0309897 -4.38307e-13 0.000117472 -3.81374e-13 -0.000658514 -3.37696e-13 -0.000547171 -1.5882e-13 0.0116043 -2.22169e-13 0.0179817 -4.23992e-13 5.83285e-05 -4.6992e-13 -0.0839587 -4.28774e-13 0.00275244 -6.92522e-13 0.408454 -4.77175e-13 0.00275244 -7.00411e-13 -0.0839587 -5.6077e-13 5.83293e-05 -4.81745e-13 0.0179817 -3.47952e-13 0.0165953 -4.2702e-13 -0.000473856 -4.68515e-13 -0.028822 -5.55136e-13 3.07009e-05 -6.09546e-13 -0.028822 -4.50385e-13 -0.000473856 -4.8137e-13 0.0165953 -4.45887e-13 2.51515e-05 -3.3368e-13 2.30379e-05 -3.69555e-13 0.00931283 -5.21653e-13 2.30378e-05 -3.76142e-13 2.5149e-05 -4.44464e-13 -0.00161878 -3.27525e-13 9.43915e-05 -1.54148e-13 -0.00161877 -2.15264e-13 
0.0587243 -5.64475e-13 -0.00160745 1.02703e-13 -0.00075324 6.15399e-13 0.0204476 -5.06585e-15 -0.0578422 9.16431e-13 -0.00377466 3.84551e-14 -0.0316858 -3.94415e-14 -0.0543777 6.41844e-13 -0.0809635 3.45487e-14 0.0512986 -5.33812e-13 0.420117 -2.44445e-13 1.07021 5.20046e-13 0.412615 2.45142e-14 -0.000832426 9.06164e-13 0.419776 -1.17866e-13 0.00338345 4.20912e-13 -0.0855017 -3.96196e-14 -0.0527531 -4.62864e-13 -0.0268055 1.334e-13 -0.0592694 -7.85957e-13 0.0200249 3.4919e-14 0.0565998 1.15136e-12 -0.0525378 6.77035e-13 0.00780843 6.77654e-15 0.0565936 1.28142e-13 -0.028822 -1.26858e-13 0.00163857 6.15067e-13 -0.0839587 -8.12444e-14 -0.0580051 5.22141e-13 -0.0281694 -6.18256e-14 0.0518076 1.03232e-12 0.000407221 3.20165e-13 0.00241986 2.78446e-14 -0.058488 8.93626e-13 0.0169044 -6.15387e-14 0.0565936 3.88271e-13 0.014355 -2.29983e-14 0.000481001 -2.55433e-13 0.0529668 -1.24165e-13 2.91754e-05 1.46396e-14 0.000683194 2.00149e-13 -0.00797547 1.2031e-13 -0.0527855 1.09252e-12 -0.059047 9.17099e-13 0.0017001 4.30513e-14 0.0585814 -5.65393e-13 
-0.00541551 -1.61395e-13 5.02494e-05 -1.97296e-13 0.0171643 -2.32364e-13 0.000627104 -1.99121e-13 0.00658268 -8.26017e-14 -0.000168255 -7.929e-14 0.000587157 -3.4785e-13 -0.0809635 -1.39658e-13 -0.00167434 -2.68244e-13 -0.0409723 -2.00121e-13 0.000462301 -4.12188e-13 0.412615 -2.28855e-13 0.986083 -2.68298e-13 0.421949 -1.87202e-13 0.00177187 -3.58558e-13 -0.0818903 -2.2547e-13 -0.00304722 -1.99297e-13 0.43541 -7.02559e-14 -0.000741966 -2.12914e-13 0.0218882 -2.55525e-14 0.0012679 -8.34816e-14 -0.0443121 -2.27564e-13 -0.0039078 -1.29891e-13 0.000103374 -2.58951e-13 0.014355 -2.61515e-13 -0.000473856 -4.06219e-13 -0.0290261 -2.18475e-13 5.83287e-05 -4.1253e-13 -0.0281694 -1.42999e-13 -0.000557484 -2.69739e-13 0.0145952 -2.6691e-13 -0.0022762 -2.00227e-13 5.05342e-05 -2.65574e-13 0.00241985 -1.66259e-13 -9.60315e-05 -3.47486e-13 0.00780843 -2.79365e-13 0.000103374 -2.63138e-13 0.000301381 -1.82714e-13 -0.00106024 -2.25997e-13 -0.000101187 -2.01884e-13 -0.00172028 -2.33041e-13 0.000134479 -2.02027e-13 6.11744e-05 -1.52975e-13 0.00215891 -8.96889e-14 -3.09157e-05 -8.15864e-14 -0.00133191 -1.6805e-13 
0.00104535 -5.07001e-13 0.00977157 5.57981e-15 -0.00147316 1.98989e-13 -0.0399512 -4.54022e-14 -0.00212453 6.65092e-13 0.00521489 3.7612e-15 -0.0292536 -1.27006e-13 -0.00083246 8.54243e-13 0.421949 -1.02947e-13 0.00519544 -3.99716e-13 -0.0865822 -1.92628e-13 -0.000832426 -3.07759e-13 0.421949 -7.14558e-14 1.01091 1.5481e-13 -0.0292536 -1.28076e-13 -0.00147316 2.06483e-13 -0.0399512 3.2501e-15 0.00519541 6.65531e-13 0.00977157 -4.10848e-14 0.00104531 6.694e-13 0.00521489 2.9051e-15 -0.00212449 -5.03543e-13 0.000171849 6.58797e-13 0.000301382 -3.45798e-14 0.000480988 -3.13281e-13 0.0165953 -1.74585e-13 -0.00100109 3.32847e-13 0.0165953 -1.76077e-13 0.000480953 8.56514e-13 0.000301383 -7.79758e-14 0.000171881 -3.94244e-13 -0.000285939 1.52125e-13 -0.0022762 -7.22623e-14 0.000407186 8.50689e-13 -0.00576378 -1.06516e-13 0.000407222 -3.12081e-13 -0.0022762 -2.97751e-14 -0.000285939 1.56185e-13 -1.65333e-06 -3.98999e-13 0.00133087 -3.14027e-14 -0.000300328 1.99852e-13 0.00133087 1.40008e-14 -1.68547e-06 6.61611e-13 9.16519e-05 6.66155e-13 -0.000589191 6.79417e-15 9.16875e-05 -5.05224e-13 
0.00112991 -1.98633e-13 -1.48789e-05 -2.891e-13 0.000658836 -3.79969e-13 -0.000397267 -2.89654e-13 -0.00286732 -1.98802e-13 0.000140338 -1.17851e-13 0.000491795 -4.85959e-13 -0.0316858 -3.58857e-13 0.000587156 -3.76965e-13 0.0114872 -2.83347e-13 -0.00176201 -5.6792e-13 0.419776 -3.0713e-13 0.00177187 -3.79805e-13 -0.0292536 -3.16964e-13 0.984237 -4.98766e-13 0.409157 -3.48316e-13 0.00108824 -2.96685e-13 -0.0881794 -2.80568e-13 0.00108824 -2.97277e-13 -0.0277866 -2.00168e-13 0.00121241 -1.23207e-13 -0.0277866 -1.99644e-13 -0.0026328 -2.86467e-13 -9.60315e-05 -3.73597e-13 0.0169044 -3.66179e-13 3.0701e-05 -5.61677e-13 -0.0821201 -3.86853e-13 -0.00176201 -5.69665e-13 0.419776 -3.09423e-13 0.00177187 -3.82093e-13 -0.0881794 -2.82403e-13 -0.00576378 -3.26283e-13 -9.60316e-05 -3.757e-13 0.0169044 -3.6966e-13 0.000491795 -4.90043e-13 -0.0316858 -3.64341e-13 0.000587157 -3.80838e-13 -0.0292536 -3.21815e-13 -0.0026328 -2.90818e-13 -1.48788e-05 -2.93271e-13 0.000658836 -3.88349e-13 -0.000397268 -2.94791e-13 0.0114872 -2.89514e-13 0.00112991 -2.03901e-13 0.000140338 -1.20432e-13 -0.00286732 -2.0387e-13 
0.00016601 1.08698e-13 0.000730458 6.86936e-15 -0.000128788 2.64762e-13 -0.00321874 4.74361e-15 -0.000338718 1.08831e-13 0.000519164 1.52705e-14 0.000658836 -1.01091e-13 -0.000753276 3.5057e-13 0.0171643 -4.43232e-14 0.000966092 1.77009e-13 -0.0300636 -1.87934e-13 0.00338345 3.56824e-13 -0.0818903 -6.09163e-14 -0.00147316 2.08145e-13 0.409157 -1.59621e-13 1.00477 2.75126e-13 0.405813 -3.61906e-14 -0.00117609 1.82664e-13 0.405813 -3.60529e-14 0.00239221 1.15477e-13 -0.0916932 1.00588e-14 0.00239225 1.15601e-13 -0.000114137 1.75341e-13 -0.00172028 -3.44825e-14 0.000683195 3.48384e-13 0.00931283 -1.65774e-13 -0.00192204 4.28666e-13 -0.0300636 -1.86765e-13 0.00338342 3.57434e-13 -0.0818903 -6.03913e-14 -0.00117606 1.83539e-13 -0.000300328 2.05652e-13 -0.00172028 -3.39673e-14 0.000683156 3.4898e-13 0.000658836 -9.97248e-14 -0.000753238 3.53295e-13 0.0171643 -4.29087e-14 -0.00147316 2.10011e-13 -0.000114101 1.77971e-13 0.000730459 8.67477e-15 -0.000128788 2.68068e-13 -0.00321874 6.66613e-15 0.000966057 1.79173e-13 0.000165971 1.10567e-13 0.000519164 1.62604e-14 -0.000338679 1.11414e-13 
-0.00187287 4.39543e-14 0.000134118 -1.35765e-13 -0.00321874 -1.37066e-13 -0.0002078 -1.25309e-13 0.00201307 -1.87293e-13 1.09659e-05 -5.11673e-14 -0.000397268 -2.38365e-13 0.0204476 -1.94796e-13 0.000627104 -1.7603e-13 0.00229178 1.2275e-14 0.000898618 -2.84091e-13 -0.0855017 -1.27698e-14 -0.00304722 -1.88051e-13 -0.0399512 -1.30485e-13 0.00108824 -2.49166e-13 0.405813 -9.54658e-14 0.984433 -1.35974e-13 0.434667 -1.23726e-13 0.00563278 -1.36367e-13 -0.091516 -1.2051e-13 -0.00438365 -5.24871e-14 0.431528 -7.59048e-15 0.00365545 -1.94665e-13 0.000134479 -1.78519e-13 -0.00797547 -1.03095e-14 2.30378e-05 -2.82462e-13 0.0156783 -1.06217e-13 0.000117473 -2.88925e-13 -0.0268055 -1.86239e-13 -0.000741966 -1.76011e-13 -0.0284388 -4.59523e-14 0.00133087 -1.1407e-13 -0.000101187 -1.73138e-13 2.91731e-05 -2.1469e-13 -1.48789e-05 -2.37895e-13 -0.00160745 -1.88086e-14 5.02492e-05 -1.80891e-13 0.00977157 -8.78184e-14 -0.00198632 -8.50829e-15 -8.12986e-05 -1.26688e-13 0.000730458 -1.24658e-13 0.000134118 -1.38209e-13 -0.00031352 -2.13038e-13 0.00199584 -1.90019e-13 -1.5766e-05 -5.23964e-14 -0.0018531 4.14813e-14 
-0.053966 1.48862e-12 -0.000313519 -8.50325e-14 0.00096606 -2.91197e-14 0.00229178 6.79445e-14 0.0540908 -1.3635e-12 -0.000354477 3.98061e-15 0.0114872 -1.15813e-13 0.0512987 -6.4111e-13 -0.0409723 -6.37547e-14 -0.0503963 1.5236e-12 -0.0309897 -1.10025e-13 -0.0527531 9.74039e-13 0.43541 -1.63189e-13 0.00519541 -4.04237e-13 -0.0881794 -1.17531e-13 -0.00117609 1.68636e-13 0.434667 6.18292e-15 1.06255 1.10122e-13 -0.0284388 -7.2227e-14 0.0517595 1.94992e-13 -0.04607 1.56348e-15 -0.0477191 -5.95317e-14 0.0480945 -9.39768e-13 6.11741e-05 -6.38321e-14 -0.0527855 1.31553e-12 2.51495e-05 -1.43905e-13 9.2012e-05 2.7477e-13 0.0179817 -2.02929e-13 0.0518077 -5.20376e-13 0.0145952 3.24027e-14 -0.0473271 1.11176e-13 -1.68532e-06 1.24606e-13 -0.00106024 -2.26509e-14 0.0529668 -8.75062e-13 -0.0026328 -7.39128e-14 -0.0525378 1.08806e-12 -0.0039078 -3.92968e-14 0.000171837 6.57843e-13 -0.0483051 1.15313e-12 -0.00198632 6.41257e-14 -0.000114136 3.56386e-13 0.00365545 -9.08586e-14 0.0480945 -1.30879e-12 0.0535896 -1.35973e-12 -0.000367226 4.68297e-15 -0.0534614 1.49554e-12 
0.00199584 -1.88345e-13 -8.12986e-05 -1.25136e-13 0.000730459 -1.21266e-13 0.000134118 -1.36466e-13 -0.0018531 4.38743e-14 -1.57659e-05 -5.13251e-14 -1.48787e-05 -2.36361e-13 -0.00160746 -1.60704e-14 5.02497e-05 -1.79796e-13 -0.00031352 -2.10709e-13 0.000117472 -2.88784e-13 -0.0268055 -1.85613e-13 -0.000741966 -1.75406e-13 0.00977157 -8.60114e-14 0.00108824 -2.49467e-13 0.405813 -9.50773e-14 0.00563278 -1.36041e-13 -0.0284388 -4.49164e-14 0.984433 -1.36377e-13 0.431528 -7.4802e-15 -0.00438365 -5.26158e-14 -0.091516 -1.20202e-13 -0.00198632 -6.88822e-15 -0.000101187 -1.72906e-13 2.9174e-05 -2.13398e-13 2.30378e-05 -2.82695e-13 0.0156783 -1.06063e-13 0.000898619 -2.85425e-13 -0.0855017 -1.33514e-14 -0.00304721 -1.89308e-13 0.434667 -1.24638e-13 0.00133087 -1.13843e-13 0.000134479 -1.79523e-13 -0.00797547 -1.10015e-14 -0.000397267 -2.40224e-13 0.0204476 -1.9668e-13 0.000627104 -1.78121e-13 -0.0399512 -1.32009e-13 0.00365545 -1.96773e-13 0.000134118 -1.37636e-13 -0.00321874 -1.39809e-13 -0.0002078 -1.27167e-13 0.00229178 1.0417e-14 -0.00187288 4.21126e-14 1.0966e-05 -5.20644e-14 0.00201307 -1.89388e-13 
-0.059439 1.75197e-12 0.00199584 -9.98659e-14 0.000165974 -1.23232e-13 -0.00187288 8.0797e-14 0.0594507 -1.68844e-12 -2.28666e-05 -5.20551e-16 0.0011299 -8.98235e-14 0.0587243 -9.7301e-13 -0.00541552 -4.27364e-14 -0.053966 1.75301e-12 -0.000658514 -5.19201e-14 -0.0592694 1.09788e-12 0.0218882 -1.48065e-13 0.00104531 -5.17433e-13 -0.0277866 -8.75885e-14 0.00239221 9.18571e-14 -0.091516 2.69146e-14 0.0517595 -6.77757e-14 0.431528 -8.55664e-14 1.07351 3.58513e-14 0.464474 -1.26422e-14 -0.0618511 3.53006e-14 0.0535896 -1.2287e-12 0.00215891 -6.33109e-14 -0.0590469 1.47716e-12 -0.00161878 -1.02492e-13 0.000609645 1.56534e-13 0.0116043 -1.66815e-13 0.0565999 -8.39183e-13 -0.0443121 5.38125e-14 -0.047719 1.87141e-13 9.16521e-05 6.67687e-14 -0.00133191 -9.53906e-15 0.0585814 -1.22861e-12 -0.00286732 -5.17953e-14 -0.0578422 1.22444e-12 0.00658268 -3.87408e-14 -0.00212454 6.56379e-13 -0.0534614 1.34342e-12 -0.0018531 7.18299e-14 -0.000338718 3.0264e-13 0.00201307 -1.10864e-13 0.0540908 -1.63835e-12 0.0594507 -1.68489e-12 -4.26397e-05 -9.56466e-16 -0.0594377 1.75873e-12 
-2.28633e-05 -1.99802e-14 -1.5766e-05 -4.42116e-14 0.000519164 -3.38359e-14 1.0966e-05 -4.41163e-14 -4.26403e-05 -2.02297e-14 2.95213e-06 -1.6784e-14 0.000140338 -8.45651e-14 -0.00377467 -2.42968e-14 -0.000168255 -6.23581e-14 -0.000354474 -2.68544e-14 -0.000547171 -1.04775e-13 0.0200249 -1.86059e-14 0.0012679 -6.33763e-14 0.00521489 -2.81932e-14 0.00121241 -8.82764e-14 -0.0916932 -3.10514e-14 -0.00438365 -4.75748e-14 -0.04607 -2.66115e-14 -0.00438365 -4.73868e-14 0.464474 -1.04809e-14 0.99461 -1.77424e-14 0.464474 -9.81152e-15 -0.000367226 -2.80136e-14 -3.09157e-05 -6.12804e-14 0.0017001 -2.44913e-14 9.43915e-05 -1.02437e-13 -0.00633176 -2.21127e-14 -0.000547171 -1.04829e-13 0.0200248 -1.90121e-14 0.0012679 -6.39921e-14 -0.04607 -2.66337e-14 -0.000589191 -3.12044e-14 -3.09157e-05 -6.1847e-14 0.0017001 -2.55303e-14 0.000140338 -8.52163e-14 -0.00377467 -2.45869e-14 -0.000168255 -6.27955e-14 0.00521489 -2.88272e-14 -0.000367225 -2.82615e-14 -1.5766e-05 -4.45171e-14 0.000519164 -3.45934e-14 1.0966e-05 -4.49262e-14 -0.000354475 -2.8009e-14 -2.2864e-05 -2.07683e-14 2.95213e-06 -1.70468e-14 -4.26395e-05 -2.06906e-14 
0.0594507 -1.68469e-12 -0.0018531 7.13375e-14 -0.000338682 3.00979e-13 0.00201307 -1.11207e-13 -0.0594377 1.75721e-12 -4.2637e-05 -1.11101e-15 -0.00286731 -5.19125e-14 -0.0578422 1.22465e-12 0.00658269 -3.88891e-14 0.0540907 -1.63799e-12 0.0116043 -1.6631e-13 0.0565998 -8.39901e-13 -0.0443121 5.44244e-14 -0.00212449 6.55436e-13 -0.0277866 -8.69708e-14 0.00239225 9.14445e-14 0.431528 -8.55019e-14 -0.0477191 1.867e-13 -0.091516 2.72486e-14 -0.0618511 3.62781e-14 0.464474 -1.30388e-14 1.07351 3.57066e-14 -0.0534614 1.34326e-12 -0.00133191 -9.5935e-15 0.0585814 -1.22943e-12 -0.00161877 -1.02179e-13 0.000609682 1.55633e-13 -0.00065851 -5.12196e-14 -0.0592695 1.09868e-12 0.0218882 -1.4757e-13 0.0517595 -6.8995e-14 9.16873e-05 6.75555e-14 0.00215891 -6.33503e-14 -0.059047 1.47795e-12 0.00112991 -8.8989e-14 0.0587243 -9.7275e-13 -0.00541551 -4.29352e-14 0.00104536 -5.17867e-13 0.0535896 -1.22869e-12 0.00199585 -9.95981e-14 0.00016601 -1.23174e-13 -0.00187288 8.18804e-14 -0.053966 1.75567e-12 -0.0594391 1.75458e-12 -2.28638e-05 -2.0997e-18 0.0594507 -1.68977e-12 
-0.0477191 3.31689e-13 0.434667 -6.5299e-14 -0.00117609 -2.21026e-14 -0.0284388 7.98477e-15 0.0517595 -2.03187e-13 -0.04607 -3.35769e-15 -0.0881794 -1.48631e-13 0.0518077 5.21053e-13 0.0145952 -1.1343e-13 -0.0473271 4.80695e-13 0.0179817 -1.22756e-13 -0.0525378 -1.66862e-13 -0.0039078 -1.02818e-13 0.000171849 -3.97689e-13 -0.0026328 -1.10301e-13 -0.000114137 1.75443e-13 0.00365545 7.76936e-14 0.0480945 1.15998e-12 -0.00198632 -1.09829e-13 0.0535896 1.35595e-12 -0.000367226 3.16531e-15 -0.0534614 -1.21589e-12 1.06255 1.10006e-13 0.43541 -6.35223e-14 -0.0527531 1.77707e-13 -0.0309897 -1.7988e-13 9.20121e-05 2.89276e-13 2.51483e-05 -2.18577e-13 0.0529668 6.37565e-13 -0.00106024 -9.20049e-15 -0.048305 -9.30628e-13 0.00519541 1.28324e-13 -0.0409723 -8.72607e-14 0.0512987 2.90206e-13 0.0114872 -9.74e-14 -0.0527855 -5.12687e-14 6.11724e-05 -5.64181e-15 -1.69699e-06 6.62756e-13 -0.0503963 1.11097e-13 0.00229178 8.70377e-15 0.000966057 3.6353e-13 -0.00031352 -5.49809e-14 0.0480945 -2.58849e-13 0.0540908 -1.99701e-13 -0.000354474 1.83291e-15 -0.053966 3.39502e-13 
-0.0443121 -8.02683e-14 -0.00304722 -2.03126e-13 -0.0818903 -2.20365e-13 -0.000741966 -2.00271e-13 0.0218882 -1.54472e-13 0.0012679 -8.02203e-14 0.00177187 -3.61047e-13 -0.0281694 -2.12794e-13 -0.000557483 -2.72806e-13 0.0145952 -1.33223e-13 5.83285e-05 -4.21658e-13 0.00780843 -2.11257e-13 0.000103374 -2.78376e-13 0.000301382 -2.23845e-13 -9.60315e-05 -3.65858e-13 -0.00172028 -2.51909e-13 0.000134479 -2.09788e-13 6.11741e-05 -1.69354e-13 -0.000101187 -2.15684e-13 0.00215891 -1.10034e-13 -3.09157e-05 -8.59553e-14 -0.00133191 -1.63332e-13 0.43541 -1.68874e-13 0.986083 -2.68856e-13 0.412615 -1.36629e-13 0.000462301 -4.25526e-13 -0.0290261 -2.15639e-13 -0.000473856 -4.26304e-13 0.00241985 -2.32918e-13 5.05341e-05 -2.74458e-13 -0.00106024 -2.11194e-13 0.421949 -1.68655e-13 -0.00167434 -2.70029e-13 -0.0809635 -2.19776e-13 0.000587157 -3.60283e-13 0.014355 -2.00346e-13 0.000103374 -2.737e-13 -0.0022762 -1.886e-13 -0.0409723 -1.47622e-13 0.000627104 -2.03293e-13 0.0171643 -2.22561e-13 5.02495e-05 -2.09366e-13 -0.0039078 -2.19492e-13 0.00658268 -1.60797e-13 -0.000168255 -8.2117e-14 -0.00541551 -9.05541e-14 
0.0565998 -1.80274e-13 -0.0855017 6.8375e-14 0.00338345 6.2128e-13 -0.0268055 -5.66581e-15 -0.0592694 5.33194e-13 0.0200249 3.33577e-14 0.419776 -1.04572e-13 -0.0580051 2.70287e-13 -0.0281694 4.45285e-14 0.0518076 -1.82983e-13 -0.0839587 -2.11231e-13 0.0565936 9.12158e-13 0.014355 5.68048e-14 0.000480988 9.11555e-13 0.0169044 -5.86718e-14 0.000683195 4.29489e-13 -0.00797547 -4.215e-14 -0.0527855 -8.04393e-13 2.9174e-05 1.61402e-13 -0.0590469 -1.16517e-12 0.0017001 4.11316e-14 0.0585814 1.5411e-12 -0.0527531 3.32749e-13 0.412615 -6.76797e-14 1.07021 5.20189e-13 0.420117 -2.06849e-13 0.00163857 6.27704e-13 -0.028822 -8.83803e-14 -0.058488 1.51374e-13 0.00241986 -3.87882e-14 0.0529668 1.38732e-12 -0.000832426 3.22088e-13 -0.0809635 1.42641e-14 -0.0543777 5.22555e-13 -0.0316858 -8.90216e-14 0.0565936 7.80603e-13 0.00780843 -4.32095e-14 0.000407234 -2.4877e-13 0.0512986 2.2376e-13 0.0204476 1.61347e-14 -0.000753238 2.05515e-13 -0.00160745 9.61552e-14 -0.0525378 7.49399e-13 -0.0578422 5.34231e-13 -0.00377467 3.95202e-14 0.0587243 -1.80022e-13 
0.0116043 -2.57791e-13 0.000898618 -3.66653e-13 -0.0300636 -4.9605e-13 0.000117472 -3.68547e-13 -0.000658513 -2.60203e-13 -0.000547171 -1.50365e-13 -0.00176201 -6.07972e-13 -0.0839587 -4.90494e-13 5.83293e-05 -4.77493e-13 0.0179817 -3.78716e-13 0.00275244 -7.06258e-13 -0.028822 -5.11897e-13 -0.000473856 -4.85465e-13 0.0165953 -4.41517e-13 3.0701e-05 -6.2683e-13 0.00931283 -5.47508e-13 2.30378e-05 -3.87194e-13 2.51495e-05 -4.03984e-13 2.30378e-05 -3.88042e-13 -0.00161878 -2.87074e-13 9.43915e-05 -1.6133e-13 -0.00161877 -2.86821e-13 -0.0309897 -3.66345e-13 0.000462301 -4.66957e-13 0.420117 -4.3196e-13 0.983495 -7.00618e-13 0.408454 -4.80735e-13 0.00275244 -7.08585e-13 -0.028822 -5.14485e-13 -0.000473856 -4.88358e-13 2.51511e-05 -4.06482e-13 -0.0865822 -4.13332e-13 0.0004623 -4.69689e-13 0.420117 -4.36446e-13 -0.00176201 -6.1337e-13 -0.0839587 -4.97663e-13 5.83286e-05 -4.82879e-13 0.0165953 -4.4789e-13 -0.0309897 -3.72534e-13 0.000898619 -3.72184e-13 -0.0300636 -5.06951e-13 0.000117472 -3.7528e-13 0.0179817 -3.87315e-13 0.0116043 -2.64329e-13 -0.000547171 -1.5355e-13 -0.000658512 -2.67469e-13 
0.000609682 2.25154e-13 0.0156783 8.10466e-14 -0.00192203 5.19745e-13 0.0156783 8.15564e-14 0.000609645 2.25275e-13 -0.00633176 5.4667e-14 -0.0821201 -4.91845e-14 0.00163853 6.55031e-13 -0.0290261 2.80127e-14 9.20449e-05 3.57097e-13 0.408454 -1.99113e-13 0.00163857 6.64439e-13 -0.0290261 2.97278e-14 -0.00100109 4.18199e-13 -0.0821201 -4.59195e-14 -0.00192204 5.42478e-13 0.0156783 8.5026e-14 9.2012e-05 3.68238e-13 0.0156783 8.56822e-14 0.000609645 2.39315e-13 -0.00633176 5.8358e-14 0.000609682 2.39449e-13 9.20121e-05 3.52653e-13 -0.0290261 2.77963e-14 0.00163857 6.51604e-13 0.408454 -1.94047e-13 1.00524 7.83283e-13 0.408454 -1.97971e-13 0.00163853 6.65358e-13 -0.0290261 3.10545e-14 9.20449e-05 3.70549e-13 -0.00100109 4.09693e-13 -0.0290261 2.93946e-14 0.00163853 6.54178e-13 -0.0821201 -4.61049e-14 0.00163857 6.60864e-13 -0.0290261 3.11997e-14 -0.00100109 4.22135e-13 9.20455e-05 3.57472e-13 0.0156783 8.51518e-14 -0.00192203 5.2739e-13 0.0156783 8.56566e-14 9.20121e-05 3.62085e-13 0.000609645 2.2899e-13 -0.00633176 5.67608e-14 0.000609682 2.30986e-13 
-0.00161877 -3.20758e-13 2.30378e-05 -3.64618e-13 0.00931283 -5.1045e-13 2.30379e-05 -3.70096e-13 -0.00161878 -2.07969e-13 9.43915e-05 -1.50796e-13 3.0701e-05 -6.05486e-13 -0.028822 -4.42375e-13 -0.000473856 -4.76844e-13 2.51522e-05 -4.35651e-13 0.00275244 -6.99861e-13 -0.0839587 -5.56718e-13 5.83287e-05 -4.79694e-13 0.0165953 -4.39419e-13 -0.00176201 -6.20039e-13 -0.0300636 -5.25713e-13 0.000117473 -3.81138e-13 0.0179817 -3.45013e-13 0.000898619 -3.8583e-13 0.0116043 -2.22701e-13 -0.000547171 -1.58839e-13 -0.00065851 -3.3728e-13 2.51483e-05 -3.27598e-13 -0.000473856 -4.67161e-13 -0.028822 -5.49591e-13 0.00275244 -6.94403e-13 0.408454 -4.75242e-13 0.983495 -7.02146e-13 0.420117 -3.97634e-13 0.000462299 -4.8152e-13 -0.0309897 -4.40528e-13 0.0165953 -4.26586e-13 5.83291e-05 -4.73217e-13 -0.0839587 -4.32315e-13 -0.00176201 -6.08348e-13 0.420117 -4.95924e-13 0.000462302 -4.72436e-13 -0.0865822 -4.28937e-13 0.0179817 -4.29398e-13 0.000117472 -3.73125e-13 -0.0300636 -5.05867e-13 0.000898618 -3.69953e-13 -0.0309897 -3.27136e-13 -0.000658515 -2.07998e-13 -0.000547171 -1.53111e-13 0.0116043 -3.22263e-13 
-0.059047 9.12288e-13 2.91748e-05 1.13326e-14 0.000683159 1.95543e-13 -0.00797547 1.16141e-13 0.0585814 -5.67126e-13 0.0017001 4.09274e-14 0.0169044 -6.58653e-14 0.0565937 3.8535e-13 0.014355 -2.60291e-14 -0.0527855 1.08627e-12 -0.0839587 -8.45376e-14 -0.0580051 5.20606e-13 -0.0281694 -6.43076e-14 0.000480953 -2.57294e-13 0.419776 -1.19474e-13 0.00338342 4.21847e-13 -0.0268055 1.3213e-13 0.0518077 1.03224e-12 -0.0855017 -4.01717e-14 0.0565999 1.15149e-12 0.0200248 3.51566e-14 -0.0592695 -7.86604e-13 0.0529668 -1.26264e-13 0.00241985 2.61939e-14 -0.058488 8.9171e-13 -0.028822 -1.29789e-13 0.00163853 6.17213e-13 0.420117 -2.45611e-13 1.07021 5.22602e-13 0.412615 2.41083e-14 -0.0527531 -4.60836e-13 0.000407187 3.201e-13 0.00780842 7.17611e-15 0.0565937 1.31517e-13 -0.0316858 -3.88538e-14 -0.0543777 6.46783e-13 -0.0809635 3.63132e-14 -0.000832475 9.10599e-13 -0.0525378 6.8006e-13 -0.00160746 1.04935e-13 -0.000753276 6.22716e-13 0.0204476 -2.45376e-15 0.0512987 -5.30056e-13 0.0587243 -5.61763e-13 -0.00377467 4.00323e-14 -0.0578422 9.21707e-13 
0.00215891 -8.64186e-14 -0.000101187 -2.00003e-13 -0.00172028 -2.26811e-13 0.000134479 -1.99369e-13 -0.00133192 -1.64095e-13 -3.09157e-05 -7.9726e-14 -9.60317e-05 -3.4659e-13 0.00780842 -2.74485e-13 0.000103374 -2.61625e-13 6.11783e-05 -1.48684e-13 5.83293e-05 -4.13118e-13 -0.0281694 -1.40482e-13 -0.000557484 -2.69172e-13 0.000301383 -1.79373e-13 0.00177187 -3.59976e-13 -0.0818903 -2.24554e-13 -0.000741966 -2.13161e-13 0.0145952 -2.64912e-13 -0.00304721 -2.00333e-13 -0.0443121 -2.27033e-13 0.0012679 -8.32961e-14 0.0218882 -2.52197e-14 -0.00106024 -2.22749e-13 5.05341e-05 -2.65311e-13 0.00241986 -1.63294e-13 -0.000473856 -4.07808e-13 -0.0290261 -2.16677e-13 0.000462299 -4.15413e-13 0.412615 -2.28813e-13 0.986083 -2.70681e-13 0.43541 -7.13244e-14 -0.0022762 -1.99589e-13 0.000103374 -2.61144e-13 0.014355 -2.62204e-13 0.000587156 -3.52124e-13 -0.0809635 -1.42222e-13 -0.00167434 -2.71755e-13 0.421949 -1.89644e-13 -0.0039078 -1.32617e-13 5.02498e-05 -2.00978e-13 0.0171643 -2.36659e-13 0.000627104 -2.02855e-13 -0.0409723 -2.03302e-13 -0.00541552 -1.64309e-13 -0.000168255 -8.10279e-14 0.00658269 -8.62694e-14 
0.0535896 -1.3586e-12 -0.00198632 6.26213e-14 -0.000114104 3.54402e-13 0.00365545 -9.20836e-14 -0.0534614 1.49228e-12 -0.000367223 4.25023e-15 -0.0026328 -7.64386e-14 -0.0525378 1.08769e-12 -0.0039078 -4.16633e-14 0.0480944 -1.3079e-12 0.0179817 -2.04982e-13 0.0518076 -5.18995e-13 0.0145952 3.13528e-14 0.000171881 6.56447e-13 -0.0881794 -1.19125e-13 -0.00117606 1.69087e-13 -0.0284388 -7.27314e-14 -0.0473271 1.10028e-13 0.434667 5.89011e-15 -0.047719 -5.94258e-14 -0.04607 1.03846e-15 0.0517595 1.96292e-13 -0.048305 1.15148e-12 -0.00106024 -2.42519e-14 0.0529668 -8.73764e-13 2.51511e-05 -1.45735e-13 9.20449e-05 2.7536e-13 -0.0309897 -1.11535e-13 -0.0527531 9.74994e-13 0.43541 -1.63275e-13 1.06255 1.1095e-13 -1.65354e-06 1.25705e-13 6.11765e-05 -6.4665e-14 -0.0527854 1.31683e-12 0.0114872 -1.16471e-13 0.0512986 -6.38227e-13 -0.0409723 -6.43844e-14 0.00519545 -4.03297e-13 0.0480944 -9.38086e-13 -0.00031352 -8.46581e-14 0.000966092 -2.73435e-14 0.00229178 6.83899e-14 -0.0503963 1.52635e-12 -0.053966 1.49061e-12 -0.000354475 4.55634e-15 0.0540907 -1.36311e-12 
-0.0021245 8.01278e-14 -0.0399512 -2.67672e-14 -0.00147316 2.04925e-13 0.00977157 -2.31537e-14 0.00104531 8.09004e-14 0.00521489 1.82928e-15 -0.0292536 -1.41269e-13 0.000480953 2.80681e-13 0.000301383 -6.61153e-14 0.000171881 1.3366e-13 0.0165953 -1.95683e-13 0.000407221 2.81463e-13 -0.0022762 -6.14464e-14 -0.000285939 1.58846e-13 -0.00576378 -1.23788e-13 -0.000300328 2.10726e-13 0.00133087 -1.54975e-14 -1.68532e-06 1.37936e-13 0.00133087 -1.54227e-14 9.16521e-05 8.5607e-14 -0.000589191 5.098e-15 9.16873e-05 8.46541e-14 0.00519541 1.33795e-13 0.421949 -9.2751e-14 -0.000832426 2.79355e-13 -0.0865822 -2.08834e-13 -0.00100109 3.4576e-13 0.0165953 -1.95314e-13 0.000407187 2.82492e-13 -0.0022762 -6.10384e-14 -1.65354e-06 1.37745e-13 1.01091 1.5607e-13 0.421949 -9.27005e-14 -0.000832461 2.80901e-13 -0.0292536 -1.40224e-13 0.000480988 2.81846e-13 0.000301382 -6.48891e-14 -0.000285939 1.60436e-13 0.00519544 1.34223e-13 -0.0399512 -2.60451e-14 -0.00147316 2.0703e-13 0.00977157 -2.19909e-14 0.000171849 1.35815e-13 -0.00212453 8.23688e-14 0.00521489 2.38192e-15 0.00104535 8.14938e-14 
0.00658269 -1.57169e-13 0.000627104 -2.00903e-13 0.0171643 -2.16635e-13 5.02497e-05 -2.06949e-13 -0.00541552 -8.70318e-14 -0.000168255 -8.10448e-14 0.000587156 -3.58741e-13 0.014355 -1.96065e-13 0.000103374 -2.72094e-13 -0.0039078 -2.1516e-13 -0.000473856 -4.27205e-13 0.00241986 -2.3031e-13 5.05342e-05 -2.73724e-13 -0.0022762 -1.85239e-13 -9.60316e-05 -3.67071e-13 -0.00172028 -2.51242e-13 -0.000101187 -2.16281e-13 -0.00106024 -2.09688e-13 0.000134479 -2.10472e-13 -0.00133191 -1.63622e-13 -3.09157e-05 -8.59715e-14 0.00215891 -1.09588e-13 -0.0409723 -1.44351e-13 -0.00167434 -2.69777e-13 -0.0809635 -2.1617e-13 0.0004623 -4.27168e-13 -0.0290261 -2.14681e-13 5.83291e-05 -4.24397e-13 0.00780842 -2.11854e-13 0.000103374 -2.80728e-13 6.11765e-05 -1.70014e-13 0.421949 -1.68099e-13 0.986083 -2.70856e-13 0.412615 -1.37715e-13 0.00177187 -3.6559e-13 -0.0281694 -2.15347e-13 -0.000557483 -2.76499e-13 0.000301383 -2.26392e-13 0.43541 -1.71305e-13 -0.00304721 -2.0656e-13 -0.0818903 -2.25505e-13 -0.000741966 -2.04085e-13 0.0145952 -1.36602e-13 -0.0443121 -8.3584e-14 0.0012679 -8.20653e-14 0.0218882 -1.57617e-13 
-0.0578422 5.29943e-13 0.0204476 1.24315e-14 -0.000753273 2.01063e-13 -0.00160745 9.19895e-14 0.0587243 -1.82268e-13 -0.00377467 3.70765e-14 -0.0316858 -9.41535e-14 0.0565937 7.78582e-13 0.00780842 -4.6986e-14 -0.0525378 7.43836e-13 -0.028822 -9.27111e-14 -0.058488 1.50878e-13 0.00241985 -4.21699e-14 0.000407186 -2.50739e-13 0.0169044 -6.08555e-14 0.000683156 4.3119e-13 2.91731e-05 1.59935e-13 0.0529668 1.38743e-12 -0.00797547 -4.3236e-14 0.0585814 1.54135e-12 0.0017001 4.13308e-14 -0.059047 -1.16583e-12 0.0512987 2.21282e-13 -0.0809635 1.17104e-14 -0.0543777 5.21824e-13 0.420117 -2.10366e-13 0.00163853 6.30425e-13 -0.0839587 -2.13471e-13 0.0565937 9.15567e-13 0.014355 5.60378e-14 -0.0527854 -8.0216e-13 -0.000832461 3.22106e-13 0.412615 -6.80743e-14 1.07021 5.24117e-13 0.419776 -1.05303e-13 -0.0580051 2.75289e-13 -0.0281694 4.54715e-14 0.00048094 9.16012e-13 -0.0527531 3.35883e-13 -0.0855017 7.01207e-14 0.00338342 6.28576e-13 -0.0268055 -3.70189e-15 0.0518077 -1.79923e-13 0.0565999 -1.78085e-13 0.0200249 3.47368e-14 -0.0592695 5.38878e-13 
-0.00286732 -1.78956e-13 -0.000397267 -2.94913e-13 0.000658836 -3.80437e-13 -1.48788e-05 -2.94953e-13 0.00112991 -2.19994e-13 0.000140338 -1.19634e-13 0.000491795 -4.98854e-13 0.0169044 -3.88317e-13 -9.60317e-05 -3.86299e-13 -0.0026328 -2.7392e-13 3.07009e-05 -5.82729e-13 0.0169044 -3.60678e-13 -9.60315e-05 -3.93698e-13 -0.00576378 -3.37117e-13 0.000491795 -5.11942e-13 0.000658836 -4.06909e-13 -1.48789e-05 -3.09554e-13 -0.0026328 -3.23004e-13 -0.000397267 -3.08032e-13 -0.00286732 -2.35091e-13 0.000140338 -1.27125e-13 0.00112991 -1.97466e-13 0.0114872 -2.98242e-13 0.000587157 -3.81673e-13 -0.0316858 -3.33067e-13 -0.00176201 -5.80478e-13 -0.0821201 -3.83331e-13 -0.00176201 -5.87021e-13 -0.0316858 -3.87536e-13 0.000587156 -3.92857e-13 0.0114872 -2.83951e-13 -0.0292536 -3.08633e-13 0.00177187 -3.79803e-13 0.419776 -3.22879e-13 0.984237 -5.03039e-13 0.419776 -2.90361e-13 0.00177187 -3.88115e-13 -0.0292536 -3.22591e-13 -0.0881794 -2.52343e-13 0.00108824 -2.92406e-13 0.409157 -3.29425e-13 0.00108824 -2.95532e-13 -0.0881794 -2.92346e-13 -0.0277866 -2.11485e-13 0.00121241 -1.20558e-13 -0.0277866 -1.73156e-13 
0.0585814 -4.33094e-13 -0.00797547 9.73895e-14 0.000683192 6.21835e-13 2.91733e-05 3.04057e-15 -0.0590469 7.90168e-13 0.0017001 3.92935e-14 0.0169044 -3.80231e-14 -0.058488 5.21828e-13 0.00241986 5.3601e-14 0.0529668 -4.11792e-13 -0.028822 -1.9935e-13 0.0565936 6.5707e-13 0.00780843 6.96548e-14 0.000407222 9.12289e-13 -0.0316858 -6.80545e-14 -0.000753238 4.27228e-13 -0.00160745 -3.65354e-14 -0.0525378 -5.75339e-13 0.0204476 1.42083e-13 -0.0578422 -9.11588e-13 -0.00377467 4.01898e-14 0.0587243 1.28477e-12 -0.0527855 5.63264e-13 0.014355 -8.62406e-15 0.0565936 2.64689e-13 -0.0839587 -1.51017e-13 0.00163857 6.25248e-13 0.420117 -1.51827e-13 -0.0543777 4.01609e-13 -0.0809635 -6.48039e-14 0.0512986 1.15302e-12 0.000480988 3.21752e-13 -0.0281694 8.45721e-15 -0.0580051 7.74177e-13 0.419776 -1.39364e-13 1.07021 5.25311e-13 0.412615 -8.49176e-14 -0.000832411 -2.53057e-13 0.0518076 -7.61113e-15 -0.0268055 -1.94362e-15 0.00338345 2.03148e-13 -0.0855017 9.02194e-14 -0.0527532 9.76558e-13 -0.0592694 7.87531e-13 0.0200249 3.56465e-14 0.0565999 -4.37636e-13 
-0.00133191 -5.92791e-14 0.000134479 -2.04743e-13 -0.00172028 -2.42035e-13 -0.000101187 -1.98771e-13 0.00215891 -1.91623e-13 -3.09158e-05 -8.0429e-14 -9.60315e-05 -3.53608e-13 0.00241985 -2.58808e-13 5.05343e-05 -2.69374e-13 -0.00106024 -1.15985e-13 -0.000473856 -4.16211e-13 0.014355 -1.78084e-13 0.000103374 -2.77155e-13 -0.0022762 -2.27519e-13 0.000587157 -3.63061e-13 0.0171643 -2.41684e-13 5.02492e-05 -2.08942e-13 -0.0039078 -1.92818e-13 0.000627104 -2.12306e-13 0.00658268 -1.34703e-13 -0.000168255 -8.48877e-14 -0.00541551 -1.29906e-13 6.11724e-05 -2.25772e-13 0.000103374 -2.67111e-13 0.00780843 -1.57804e-13 5.83286e-05 -4.16002e-13 -0.0290261 -2.1515e-13 0.000462302 -4.27293e-13 -0.0809635 -2.39957e-13 -0.00167434 -2.71142e-13 -0.0409723 -1.70078e-13 0.000301382 -1.95488e-13 -0.000557483 -2.66469e-13 -0.0281694 -2.50455e-13 0.00177187 -3.58706e-13 0.412615 -1.2086e-13 0.986083 -2.71947e-13 0.421949 -1.57877e-13 0.0145952 -1.20833e-13 -0.000741966 -1.99831e-13 -0.0818903 -2.08486e-13 -0.00304722 -2.07283e-13 0.43541 -2.16402e-13 0.0218882 -1.86431e-13 0.0012679 -8.1474e-14 -0.0443121 -5.32513e-14 
9.17002e-05 6.66074e-13 0.00133087 -3.38027e-14 -0.000300328 1.98796e-13 0.00133087 1.1186e-14 9.16391e-05 -5.07157e-13 -0.000589191 6.1817e-15 -0.00576378 -1.11618e-13 0.000407174 -3.11809e-13 -0.0022762 -3.26769e-14 -1.64186e-06 6.61173e-13 0.0165953 -1.80832e-13 0.000481001 8.59155e-13 0.000301381 -8.09964e-14 -0.000285939 1.55536e-13 -0.0292536 -1.3154e-13 -0.00147316 2.07613e-13 0.00977157 -4.26864e-14 0.000171837 -3.9459e-13 -0.0399512 1.9254e-15 -0.00212454 -5.03718e-13 0.00521489 2.39878e-15 0.00104536 6.70317e-13 -1.69699e-06 -3.9989e-13 -0.0022762 -7.51e-14 0.000407234 8.5247e-13 0.0165953 -1.7884e-13 -0.00100109 3.36053e-13 -0.0865822 -1.97141e-13 -0.000832475 -3.0574e-13 0.421949 -7.34074e-14 0.00519545 6.67195e-13 -0.000285939 1.52737e-13 0.000301383 -3.64467e-14 0.00048094 -3.10669e-13 -0.0292536 -1.29719e-13 -0.000832411 8.58642e-13 0.421949 -1.04402e-13 1.01091 1.57004e-13 0.000171893 6.61497e-13 0.00977157 4.92506e-15 -0.00147316 2.02633e-13 -0.0399512 -4.56493e-14 0.0051954 -3.97872e-13 0.0010453 -5.06281e-13 0.00521489 4.03283e-15 -0.00212448 6.6803e-13 
0.0540908 -1.99592e-13 0.00229178 6.14009e-15 0.000966089 3.62621e-13 -0.000313521 -5.7175e-14 -0.053966 3.37239e-13 -0.000354472 1.04965e-15 0.0114872 -1.01637e-13 -0.0527855 -5.04406e-14 6.11769e-05 -9.06528e-15 0.0480944 -2.58064e-13 2.51515e-05 -2.23379e-13 0.0529668 6.39689e-13 -0.00106024 -1.15956e-14 -1.65333e-06 6.62112e-13 -0.0026328 -1.1366e-13 -0.000114101 1.75986e-13 -0.00198632 -1.11278e-13 -0.0483051 -9.31265e-13 0.00365545 7.69133e-14 -0.0534614 -1.21526e-12 -0.000367225 2.53439e-15 0.0535896 1.35671e-12 -0.0503963 1.10555e-13 -0.0409723 -9.01993e-14 0.0512986 2.91612e-13 -0.0309897 -1.83961e-13 9.20455e-05 2.91256e-13 0.0179817 -1.26666e-13 -0.0525378 -1.63695e-13 -0.0039078 -1.04289e-13 0.0480944 1.16105e-12 0.00519544 1.30036e-13 0.43541 -6.53233e-14 -0.0527531 1.81009e-13 -0.0881794 -1.51329e-13 0.0518076 5.24699e-13 0.0145952 -1.15535e-13 0.000171893 -3.9644e-13 1.06255 1.11364e-13 0.434667 -6.6244e-14 -0.00117606 -1.92183e-14 -0.0284388 7.49087e-15 -0.0473272 4.84491e-13 -0.047719 3.34395e-13 -0.04607 -2.68533e-15 0.0517595 -2.02936e-13 
0.00201307 -5.12592e-14 -0.0002078 -1.36395e-13 -0.00321874 -1.18575e-13 0.000134118 -1.37294e-13 -0.00187288 -9.16827e-14 1.09661e-05 -5.31161e-14 -0.000397267 -2.51809e-13 -0.00797547 -1.50659e-13 0.000134479 -1.84121e-13 0.00365545 -8.926e-14 2.30379e-05 -3.05838e-13 2.91754e-05 -6.39059e-14 -0.000101187 -1.88879e-13 0.00133087 -9.47284e-14 -1.48788e-05 -2.57618e-13 0.000730459 -1.38165e-13 -8.12986e-05 -1.47122e-13 -0.00198632 -1.80351e-13 0.000134118 -1.36732e-13 -0.0018531 -1.64555e-13 -1.5766e-05 -5.60788e-14 0.00199585 7.11696e-15 0.00229178 -1.24599e-13 0.000627104 -1.87912e-13 0.0204476 -6.53711e-14 0.000898619 -3.03995e-13 0.0156783 -1.01758e-13 0.000117472 -3.03893e-13 -0.00160746 -1.55755e-13 5.02498e-05 -1.91421e-13 -0.00031352 -3.29121e-14 -0.0399512 -1.01982e-13 -0.00304721 -1.85806e-13 -0.0855017 -1.21573e-13 0.00108824 -2.59896e-13 -0.0268055 -5.0218e-14 -0.000741966 -1.9306e-13 0.00977157 -1.34012e-13 0.434667 -5.31052e-14 0.984433 -1.3796e-13 0.405813 -1.03692e-13 0.00563278 -1.38289e-13 -0.0284388 -1.04025e-13 0.431528 -7.89843e-14 -0.00438365 -5.30756e-14 -0.091516 -4.46211e-14 
-0.00033868 3.24428e-13 -0.00321874 -1.30469e-14 -0.000128788 2.7529e-13 0.000730459 5.04922e-15 0.000165971 -1.00581e-13 0.000519164 1.2009e-14 0.000658836 -1.28291e-13 0.000683156 1.56201e-13 -0.00172028 -4.4132e-14 -0.000114102 3.75796e-13 0.00931283 -2.0322e-13 0.000683194 5.83875e-13 -0.00172028 -5.93122e-14 -0.000300328 2.17135e-13 0.000658836 -1.28264e-13 -0.000128788 2.85915e-13 0.000730458 -9.89812e-15 -0.000114136 -3.0996e-15 -0.00321874 5.50266e-15 -0.000338718 -9.4328e-14 0.000519164 1.29723e-14 0.00016601 3.31295e-13 0.000966057 -1.06534e-14 0.0171643 -6.93245e-14 -0.000753238 5.78397e-13 -0.0300636 -2.17758e-13 -0.00192203 4.51655e-13 -0.0300636 -2.17924e-13 -0.000753276 1.62768e-13 0.0171643 -5.39644e-14 0.000966092 3.81909e-13 -0.00147316 2.11824e-13 -0.0818903 -6.50262e-14 0.00338342 1.57617e-13 0.409157 -1.85603e-13 0.00338345 5.83626e-13 -0.0818903 -8.15601e-14 -0.00147316 2.17464e-13 -0.00117606 3.75076e-13 0.405813 -2.92122e-14 1.00477 2.78808e-13 0.405813 -4.25195e-14 -0.00117609 -8.13606e-15 0.00239221 -9.97396e-14 -0.0916932 3.95166e-15 0.00239225 3.2601e-13 
-0.0018531 -1.01713e-13 0.000134118 -1.35115e-13 0.000730458 -1.36221e-13 -8.12985e-05 -1.36275e-13 0.00199584 -4.28656e-14 -1.57661e-05 -5.28097e-14 -1.48789e-05 -2.51283e-13 2.91746e-05 -5.55454e-14 -0.000101187 -1.89741e-13 -0.00198632 -1.23663e-13 2.30378e-05 -2.99503e-13 -0.00797547 -1.69291e-13 0.000134479 -1.89077e-13 0.00133087 -1.40077e-13 -0.000397268 -2.56434e-13 -0.00321874 -1.3598e-13 0.000134118 -1.35709e-13 0.00365545 -2.55506e-14 -0.0002078 -1.47405e-13 0.00201307 1.81045e-14 1.0966e-05 -5.59472e-14 -0.00187288 -1.7433e-13 -0.00031352 -6.07376e-14 5.02495e-05 -1.82132e-13 -0.00160745 -1.45054e-13 0.000117472 -3.01487e-13 0.0156783 -1.02298e-13 0.000898618 -3.07187e-13 0.0204476 -4.81064e-14 0.000627104 -1.89842e-13 0.00229178 -1.86082e-13 0.00977157 -1.05961e-13 -0.000741966 -1.88799e-13 -0.0268055 -4.76921e-14 0.00108824 -2.57205e-13 -0.0855017 -1.42356e-13 -0.00304722 -1.86205e-13 -0.0399512 -8.34135e-14 -0.0284388 -1.26364e-13 0.00563278 -1.37929e-13 0.405813 -9.04429e-14 0.984433 -1.38075e-13 0.434667 -6.45916e-14 -0.091516 -3.24798e-14 -0.00438365 -5.24205e-14 0.431528 -9.07244e-14 
-0.0534614 -7.87539e-14 0.00365546 -2.84101e-14 -0.000114134 -2.31954e-14 -0.00198632 5.55867e-15 0.0535896 2.07148e-13 -0.000367228 3.21775e-15 -0.00263281 -1.26077e-13 0.0529668 9.25724e-13 -0.00106024 -1.18016e-13 -0.0483051 1.08744e-13 2.5149e-05 -1.14274e-13 -0.0527855 -5.75981e-13 6.11744e-05 -8.52844e-14 -1.68547e-06 -3.98078e-13 0.0114872 -1.16248e-13 0.000966057 1.75099e-13 -0.00031352 9.23672e-14 0.0480945 1.53092e-12 0.00229178 -1.30748e-13 0.0540908 1.76695e-12 -0.000354475 2.25908e-15 -0.053966 -1.6275e-12 0.0480945 4.80832e-13 -0.0039078 -1.87212e-14 -0.0525378 -2.329e-13 0.0179817 -1.71145e-13 9.20121e-05 2.88077e-13 -0.0309897 -2.30794e-13 0.0512987 1.04766e-12 -0.0409723 -3.45854e-14 -0.0503963 -1.30335e-12 0.000171849 1.28777e-13 0.0145952 -1.00883e-13 0.0518077 6.97869e-13 -0.0881794 -1.12871e-13 -0.0527532 -4.58188e-13 0.43541 -2.08993e-14 0.0051954 6.63189e-13 -0.0473272 -2.60925e-13 -0.0284388 -1.56568e-14 -0.00117609 3.64396e-13 0.434667 -5.45896e-14 1.06255 1.12068e-13 0.0517596 2.10334e-13 -0.04607 -3.08077e-15 -0.0477191 -7.11321e-14 
-0.0594377 3.43904e-14 0.00201307 -4.17326e-14 -0.000338715 -1.17101e-13 -0.0018531 8.41333e-15 0.0594507 3.2886e-14 -4.26428e-05 -2.63099e-15 -0.00286732 -1.08061e-13 0.0585814 7.46607e-13 -0.00133191 -1.13391e-13 -0.0534614 2.03208e-13 -0.00161878 -6.84316e-14 -0.059047 -6.0188e-13 0.00215891 -8.71838e-14 9.16519e-05 -5.13104e-13 0.00112991 -8.83504e-14 0.000165971 9.87165e-14 0.00199584 9.48235e-14 0.0535896 1.48818e-12 -0.00187288 -1.37119e-13 0.0594507 1.75714e-12 -2.2864e-05 -2.56479e-15 -0.0594391 -1.68211e-12 0.0540908 3.28301e-13 0.00658268 -1.61234e-14 -0.0578422 -2.19022e-13 0.0116043 -1.3167e-13 0.000609645 1.71333e-13 -0.000658515 -1.88024e-13 0.0587243 8.77606e-13 -0.00541552 -1.18761e-14 -0.053966 -1.36159e-12 -0.00212453 7.16189e-14 -0.0443121 -9.29223e-14 0.0565999 4.94195e-13 -0.0277866 -8.08815e-14 -0.0592694 -4.7132e-13 0.0218882 1.02039e-14 0.0010453 6.60542e-13 -0.047719 -2.05071e-13 0.431528 -1.57838e-14 0.00239221 3.10021e-13 -0.091516 -6.20449e-14 0.0517596 -8.09326e-14 1.07351 3.63004e-14 0.464474 -4.81935e-15 -0.0618511 4.07236e-14 
-4.26401e-05 -2.06731e-14 1.0966e-05 -4.69445e-14 0.000519164 -3.30208e-14 -1.5766e-05 -4.7435e-14 -2.28634e-05 -2.04775e-14 2.95213e-06 -1.79075e-14 0.000140338 -9.18912e-14 0.0017001 -2.29156e-14 -3.09158e-05 -6.67554e-14 -0.000367226 -2.82916e-14 9.43915e-05 -1.12944e-13 0.0017001 -2.47853e-14 -3.09157e-05 -6.72129e-14 -0.000589191 -3.18134e-14 0.000140338 -9.38011e-14 0.000519164 -3.61798e-14 -1.5766e-05 -4.88039e-14 -0.000367226 -2.92595e-14 1.0966e-05 -4.9184e-14 -4.26397e-05 -2.19977e-14 2.95213e-06 -1.8874e-14 -2.28638e-05 -2.28002e-14 -0.000354474 -2.60732e-14 -0.000168255 -6.65125e-14 -0.00377467 -2.10626e-14 -0.000547171 -1.13418e-13 -0.00633176 -1.84839e-14 -0.000547171 -1.14295e-13 -0.00377467 -2.22383e-14 -0.000168255 -6.81382e-14 -0.000354475 -2.92448e-14 0.00521489 -2.79803e-14 0.0012679 -6.71579e-14 0.0200249 -1.70518e-14 0.00121241 -9.4175e-14 0.0200249 -1.81194e-14 0.0012679 -6.81521e-14 0.00521489 -2.99442e-14 -0.04607 -2.23097e-14 -0.00438365 -4.85469e-14 -0.0916932 -2.4784e-14 -0.00438365 -4.92512e-14 -0.04607 -2.21299e-14 0.464474 -1.85526e-14 0.99461 -1.79491e-14 0.464474 -1.73561e-14 
0.0594507 4.16544e-14 -0.00187288 -1.43472e-15 0.000166007 3.07221e-13 0.00199584 -4.99398e-14 -0.0594391 3.43282e-14 -2.28607e-05 -2.61453e-15 0.00112991 -6.69951e-14 -0.059047 -4.79258e-13 0.00215891 1.83723e-14 0.0535896 -7.67762e-14 -0.00161877 -1.81224e-13 0.0585814 8.81161e-13 -0.00133191 -8.66803e-15 9.16875e-05 6.58704e-13 -0.00286732 -8.84743e-14 -0.000338679 9.81027e-14 -0.0018531 -1.36881e-13 -0.0534614 -1.36707e-12 0.00201307 9.45005e-14 -0.0594377 -1.68659e-12 -4.26395e-05 -3.11676e-15 0.0594507 1.76181e-12 -0.053966 -2.1098e-13 -0.00541551 -8.6317e-14 0.0587243 4.95576e-13 -0.000658512 -1.28795e-13 0.000609682 1.69542e-13 0.0116043 -7.40897e-14 -0.0578422 -6.05964e-13 0.00658269 -9.04559e-14 0.0540907 1.49211e-12 0.00104535 7.2325e-14 0.0218882 -1.87771e-14 -0.0592695 -2.22675e-13 -0.0277866 -1.19117e-13 0.0565999 7.54038e-13 -0.0443121 -1.23364e-13 -0.00212448 -5.13577e-13 0.0517595 3.3235e-13 -0.091516 -5.02575e-14 0.00239225 -1.15768e-13 0.431528 -4.20819e-15 -0.0477191 2.00657e-13 -0.0618511 3.20532e-14 0.464474 -5.79267e-15 1.07351 3.62794e-14 
