1.07351 0 0.431528 -3.56492e-14 0.00239225 2.64065e-13 -0.091516 -1.17574e-13 -0.0618511 5.67855e-15 0.464474 -1.4039e-14 -0.0277866 -2.13435e-13 -0.0592695 -4.78586e-13 0.0218882 -9.89515e-14 0.0517595 -1.15317e-13 -0.000658511 -4.09293e-13 0.0587243 8.99393e-13 -0.00541551 -1.45019e-13 0.00104535 6.37576e-13 0.00112991 -2.94576e-13 0.00016601 1.03298e-13 -0.00187287 -2.34327e-13 -0.053966 -1.37164e-12 0.00199584 -4.85147e-15 -0.059439 -1.69103e-12 -2.28633e-05 -3.71064e-14 0.0594507 1.75066e-12 -0.0477191 -2.4766e-13 -0.0443121 -1.92455e-13 0.0565998 4.6823e-13 0.0116043 -3.42953e-13 0.000609682 1.91301e-13 -0.00161877 -3.17648e-13 -0.059047 -5.73811e-13 0.00215891 -2.36207e-13 0.0535896 1.47968e-12 -0.0021245 2.44004e-14 0.00658269 -1.45613e-13 -0.0578422 -2.32214e-13 -0.00286732 -3.10448e-13 0.0585814 7.519e-13 -0.00133191 -2.6445e-13 9.17002e-05 -5.35176e-13 0.0540908 2.84108e-13 0.00201307 -1.46465e-13 -0.00033868 -1.60615e-13 -0.0018531 -9.89655e-14 -0.0534614 1.71523e-13 -0.0594377 6.78526e-16 -4.26401e-05 -4.34576e-14 0.0594507 -2.73364e-15 
0.431528 3.56492e-14 0.984433 0 0.405813 1.184e-13 0.00563278 -1.09447e-14 -0.091516 1.00741e-13 -0.00438365 9.58551e-15 0.00108824 -1.18234e-13 -0.0268055 2.98977e-13 -0.000741966 -9.36966e-14 -0.0284388 1.07947e-13 0.000117473 -2.51441e-13 -0.00160745 2.07316e-13 5.02494e-05 -1.33735e-13 0.00977157 1.05854e-13 -1.48789e-05 -2.32643e-13 0.000730458 1.50726e-13 0.000134118 -9.1551e-14 -0.000313519 1.63639e-13 -8.12986e-05 -1.0186e-13 0.00199584 1.25902e-13 -1.5766e-05 -3.28168e-14 -0.0018531 -4.79149e-14 0.434667 1.22305e-13 -0.00304722 -3.9349e-14 -0.0855017 2.44255e-13 0.000898618 -2.09112e-13 0.0156783 3.53942e-13 2.30378e-05 -2.63699e-13 2.91748e-05 3.23414e-13 -0.000101187 -1.33026e-13 -0.00198632 2.8088e-14 -0.0399512 1.86105e-13 0.000627104 -5.0602e-14 0.0204476 3.58827e-13 -0.000397267 -1.39144e-13 -0.00797547 2.81567e-13 0.000134479 -9.09145e-14 0.00133087 1.83424e-13 0.00229178 1.58985e-13 -0.0002078 1.12073e-15 -0.00321874 2.90167e-13 0.000134118 -1.03555e-14 0.00365546 1.85539e-13 0.00201307 1.46973e-13 1.0966e-05 1.57358e-14 -0.00187288 1.04013e-13 
0.00239225 -2.64065e-13 0.405813 -1.184e-13 1.00477 0 0.405813 -1.31292e-13 0.00239221 1.6861e-13 -0.0916932 -7.06505e-14 0.409157 -3.42812e-13 0.00338342 3.78744e-13 -0.0818903 -3.15483e-13 -0.00117606 -1.98233e-13 -0.0300636 -6.43478e-13 -0.00075324 3.48531e-14 0.0171643 -3.40872e-13 -0.00147316 5.7391e-14 0.000658836 -5.53945e-13 -0.000128788 1.68557e-13 -0.00321874 -2.17584e-13 0.00096606 2.72961e-13 0.000730459 -2.39932e-13 0.000165974 2.63218e-13 0.000519164 -7.112e-14 -0.000338682 -1.61879e-13 -0.00117609 1.51542e-13 -0.0818903 -3.09864e-13 0.00338345 -9.05961e-14 -0.0300636 -6.44058e-13 -0.00192203 2.6455e-13 0.00931283 -7.11197e-13 0.000683159 4.62001e-13 -0.00172028 -3.916e-13 -0.000114104 -1.13225e-13 -0.00147316 -3.27537e-14 0.0171643 -3.84792e-13 -0.000753273 3.36435e-13 0.000658836 -5.79332e-13 0.000683192 -3.39568e-14 -0.00172028 -3.93618e-13 -0.000300328 5.07867e-14 0.000966089 -2.36577e-13 -0.00321874 -2.89034e-13 -0.000128788 -1.85223e-15 0.000730458 -2.73754e-13 -0.000114134 1.8275e-13 -0.000338715 1.58817e-13 0.000519164 -1.03805e-13 0.000166007 -2.59968e-13 
-0.091516 1.17574e-13 0.00563278 1.09447e-14 0.405813 1.31292e-13 0.984433 0 0.431528 2.0274e-14 -0.00438365 1.40014e-14 0.00108824 -9.04702e-14 -0.0855017 1.87844e-13 -0.00304721 -6.58015e-14 0.434667 9.02781e-14 0.000898619 -2.21159e-13 0.0204476 2.91386e-13 0.000627104 -1.14196e-13 -0.0399512 1.39773e-13 -0.000397267 -2.04507e-13 -0.00321874 1.41613e-13 -0.0002078 -9.12001e-14 0.00229178 8.51198e-16 0.000134118 -7.93942e-14 -0.00187288 -5.88825e-14 1.0966e-05 -2.94904e-14 0.00201307 1.31856e-13 -0.0284388 1.08583e-13 -0.000741966 -3.25684e-14 -0.0268055 3.19953e-13 0.000117472 -1.76786e-13 0.0156783 3.3989e-13 2.30379e-05 -2.25307e-13 -0.00797547 2.03742e-13 0.000134479 -1.16379e-13 0.00365545 1.78444e-13 0.00977157 1.97583e-13 5.02497e-05 -3.00177e-14 -0.00160745 2.84222e-13 -1.48788e-05 -1.16522e-13 2.91733e-05 3.69805e-13 -0.000101187 -8.05525e-14 0.00133087 1.354e-13 -0.000313521 2.30293e-13 0.000134118 1.22608e-14 0.000730459 2.74482e-13 -8.12985e-05 1.12663e-15 -0.00198632 1.51987e-13 -0.0018531 9.9975e-14 -1.5766e-05 1.98794e-14 0.00199584 1.5474e-13 
-0.0618511 -5.67855e-15 -0.091516 -1.00741e-13 0.00239221 -1.6861e-13 0.431528 -2.0274e-14 1.07351 0 0.464474 -1.34039e-14 -0.0277866 -2.37547e-13 0.0565999 7.29134e-13 -0.0443121 -2.13377e-13 -0.047719 1.62893e-13 0.0116043 -2.68893e-13 -0.0578422 -5.94639e-13 0.00658268 -2.08221e-13 -0.00212453 -5.40155e-13 -0.00286732 -2.73824e-13 -0.000338718 9.53561e-14 0.00201307 5.82919e-15 0.0540908 1.47669e-12 -0.0018531 -2.28935e-13 0.0594507 1.75195e-12 -4.26403e-05 -3.4779e-14 -0.0594377 -1.6968e-12 0.0517595 2.80653e-13 0.0218882 -1.18177e-13 -0.0592694 -2.55354e-13 -0.000658513 -3.26835e-13 0.000609645 1.75101e-13 -0.00161878 -4.09502e-13 0.0585814 8.93243e-13 -0.00133192 -1.46831e-13 -0.0534614 -1.37995e-12 0.00104531 1.97534e-14 -0.00541552 -2.13415e-13 0.0587243 4.69309e-13 0.00112991 -2.5797e-13 -0.0590469 -4.84481e-13 0.00215891 -1.22875e-13 9.16391e-05 6.3438e-13 -0.053966 -2.57983e-13 -0.00187288 -1.02563e-13 0.000165971 2.58743e-13 0.00199584 -1.53752e-13 0.0535896 -1.16338e-13 0.0594507 2.69023e-16 -2.28634e-05 -4.24788e-14 -0.0594391 8.87016e-16 
0.464474 1.4039e-14 -0.00438365 -9.58551e-15 -0.0916932 7.06505e-14 -0.00438365 -1.40014e-14 0.464474 1.34039e-14 0.99461 0 0.00121241 -7.55323e-14 0.0200248 1.02125e-13 0.0012679 -5.09896e-14 -0.04607 4.22591e-14 -0.000547171 -1.27341e-13 -0.00377466 1.06434e-13 -0.000168255 -6.6463e-14 0.00521489 4.83296e-14 0.000140338 -1.12365e-13 0.000519164 6.34256e-14 1.09659e-05 -4.61068e-14 -0.000354477 3.64574e-14 -1.57659e-05 -4.61097e-14 -2.28666e-05 1.71228e-14 2.95213e-06 -1.51623e-14 -4.2637e-05 1.62603e-14 -0.04607 4.97557e-14 0.0012679 -3.71877e-14 0.0200249 1.10532e-13 -0.000547171 -1.12564e-13 -0.00633176 1.48834e-13 9.43915e-05 -1.32901e-13 0.0017001 1.13558e-13 -3.09157e-05 -6.8039e-14 -0.000367223 4.06986e-14 0.00521489 6.98623e-14 -0.000168255 -3.93734e-14 -0.00377467 1.31219e-13 0.000140338 -8.27793e-14 0.0017001 1.28813e-13 -3.09158e-05 -5.49115e-14 -0.000589191 6.19826e-14 -0.000354472 6.77045e-14 1.09661e-05 -1.52415e-14 0.000519164 1.04228e-13 -1.57661e-05 -1.84487e-14 -0.000367228 6.31969e-14 -4.26428e-05 4.37464e-14 2.95213e-06 2.6938e-16 -2.28607e-05 4.28013e-14 
-0.0277866 2.13435e-13 0.00108824 1.18234e-13 0.409157 3.42812e-13 0.00108824 9.04702e-14 -0.0277866 2.37547e-13 0.00121241 7.55323e-14 0.984237 0 0.419776 3.29397e-13 0.00177187 -1.69409e-14 -0.0881794 2.54582e-13 -0.00176201 -1.80495e-13 -0.0316858 3.66685e-13 0.000587157 -9.63295e-14 -0.0292536 2.37293e-13 0.000491795 -2.08296e-13 0.000658836 2.26704e-13 -0.000397268 -9.19916e-14 0.0114872 1.62868e-13 -1.48787e-05 -9.08515e-14 0.0011299 7.83394e-14 0.000140338 -3.50869e-14 -0.00286731 3.6045e-14 -0.0881794 3.59617e-13 0.00177187 8.79925e-14 0.419776 3.5959e-13 -0.00176201 -7.8413e-14 -0.0821201 5.74358e-13 3.0701e-05 -1.84228e-13 0.0169044 4.49172e-13 -9.60317e-05 -9.23464e-14 -0.0026328 1.51075e-13 -0.0292536 4.1986e-13 0.000587156 9.7501e-14 -0.0316858 6.20838e-13 0.000491795 2.49426e-15 0.0169044 5.48141e-13 -9.60315e-05 3.14519e-15 -0.00576378 3.05884e-13 0.0114872 3.9683e-13 -0.000397267 1.42053e-13 0.000658836 5.82996e-13 -1.48789e-05 1.20467e-13 -0.00263281 3.80505e-13 -0.00286732 3.12923e-13 0.000140338 8.424e-14 0.00112991 2.60525e-13 
-0.0592695 4.78586e-13 -0.0268055 -2.98977e-13 0.00338342 -3.78744e-13 -0.0855017 -1.87844e-13 0.0565999 -7.29134e-13 0.0200248 -1.02125e-13 0.419776 -3.29397e-13 1.07021 0 0.412615 -2.40912e-13 -0.0527531 5.84672e-13 0.420117 -3.63694e-13 -0.0543777 -1.49564e-14 -0.0809635 -3.57882e-13 -0.00083246 -6.12504e-13 -0.0316858 -4.67024e-13 -0.000753276 1.01129e-13 0.0204476 -1.06509e-13 0.0512987 9.02113e-13 -0.00160746 -2.97914e-13 0.0587243 1.13402e-12 -0.00377467 -6.26324e-14 -0.0578422 -1.06582e-12 0.0518077 -4.48998e-13 -0.0281694 -3.47824e-13 -0.0580051 1.78484e-13 -0.0839587 -5.95578e-13 0.00163853 7.36792e-14 -0.028822 -6.75446e-13 0.0565937 2.4428e-13 0.00780842 -2.89304e-13 -0.0525378 -8.36754e-13 0.000480953 -1.79457e-13 0.014355 -4.20216e-13 0.0565937 -3.31978e-13 0.0169044 -5.4643e-13 -0.058488 -2.3907e-15 0.00241985 -3.51912e-13 0.000407174 5.43567e-13 -0.0527855 1.08355e-13 -0.00797547 -2.81627e-13 0.000683156 2.99664e-14 2.91746e-05 -3.70096e-13 0.0529668 -8.11931e-13 0.0585814 -7.5499e-13 0.0017001 -1.29631e-13 -0.059047 4.83065e-13 
0.0218882 9.89515e-14 -0.000741966 9.36966e-14 -0.0818903 3.15483e-13 -0.00304721 6.58015e-14 -0.0443121 2.13377e-13 0.0012679 5.09896e-14 0.00177187 1.69409e-14 0.412615 2.40912e-13 0.986083 0 0.43541 6.96959e-14 0.000462299 -1.0653e-13 -0.0809635 2.13724e-13 -0.00167434 -5.99773e-14 0.421949 1.15298e-13 0.000587156 -1.36522e-13 0.0171643 1.49388e-13 0.000627104 -6.26121e-14 -0.0409723 1.00501e-13 5.02497e-05 -5.79015e-14 -0.00541552 4.42792e-14 -0.000168255 -2.31703e-14 0.00658269 3.4447e-14 0.0145952 3.01622e-13 -0.000557483 6.93311e-14 -0.0281694 3.29202e-13 5.83293e-05 -5.33941e-14 -0.0290261 3.99914e-13 -0.000473856 -1.19426e-13 0.014355 3.30403e-13 0.000103374 -6.44365e-14 -0.0039078 1.09049e-13 0.000301383 3.09102e-13 0.000103374 6.73419e-14 0.00780842 4.86959e-13 -9.60317e-05 6.01656e-16 0.00241986 3.52794e-13 5.05343e-05 1.45504e-15 -0.0022762 1.88046e-13 6.11769e-05 2.41416e-13 0.000134479 9.28308e-14 -0.00172028 3.95567e-13 -0.000101187 8.2925e-14 -0.00106024 3.12699e-13 -0.00133191 2.65968e-13 -3.09158e-05 5.61497e-14 0.00215891 1.24479e-13 
0.0517595 1.15317e-13 -0.0284388 -1.07947e-13 -0.00117606 1.98233e-13 0.434667 -9.02781e-14 -0.047719 -1.62893e-13 -0.04607 -4.22591e-14 -0.0881794 -2.54582e-13 -0.0527531 -5.84672e-13 0.43541 -6.96959e-14 1.06255 0 -0.0309897 -4.36218e-13 0.0512986 9.5794e-13 -0.0409723 -1.70175e-13 0.00519544 5.65852e-13 0.0114872 -3.34637e-13 0.000966092 1.03447e-13 0.00229178 -2.46936e-13 -0.0503963 -1.3664e-12 -0.00031352 -3.14873e-14 -0.053966 -1.66574e-12 -0.000354474 -4.36581e-14 0.0540907 1.7276e-12 -0.0473271 -3.90818e-13 0.0145952 -2.46381e-13 0.0518076 5.35044e-13 0.0179817 -4.06888e-13 9.20449e-05 1.65475e-13 2.51522e-05 -3.8523e-13 -0.0527855 -6.51508e-13 6.11783e-05 -2.64632e-13 0.0480944 1.46596e-12 0.000171881 -1.66225e-14 -0.0039078 -2.00864e-13 -0.0525378 -3.78282e-13 -0.0026328 -3.77678e-13 0.0529668 8.07787e-13 -0.00106024 -3.1129e-13 -1.64186e-06 -4.96324e-13 0.0480944 3.47563e-13 0.00365545 -1.85172e-13 -0.000114102 -1.85869e-13 -0.00198632 -1.5099e-13 -0.0483051 2.84358e-16 -0.0534614 -1.70442e-13 -0.000367226 -6.30576e-14 0.0535896 1.13176e-13 
-0.000658511 4.09293e-13 0.000117473 2.51441e-13 -0.0300636 6.43478e-13 0.000898619 2.21159e-13 0.0116043 2.68893e-13 -0.000547171 1.27341e-13 -0.00176201 1.80495e-13 0.420117 3.63694e-13 0.000462299 1.0653e-13 -0.0309897 4.36218e-13 0.983495 0 0.420117 3.23465e-13 0.000462301 -1.61635e-14 -0.0865822 2.93663e-13 -0.00176201 -9.04479e-14 -0.0300636 2.16338e-13 0.000898618 -4.53176e-14 -0.0309897 1.02277e-13 0.000117472 -3.94266e-14 -0.000658514 5.79508e-17 -0.000547171 -2.23392e-14 0.0116043 1.10148e-13 0.0179817 4.59126e-13 5.83285e-05 2.48457e-13 -0.0839587 7.43837e-13 0.00275244 1.28048e-13 0.408454 4.61939e-13 0.00275244 1.42501e-15 -0.0839587 3.67581e-13 5.83293e-05 6.43677e-15 0.0179817 2.25684e-13 0.0165953 5.85867e-13 -0.000473856 2.5597e-13 -0.028822 6.69913e-13 3.07009e-05 1.88032e-13 -0.028822 6.78547e-13 -0.000473856 1.22975e-13 0.0165953 3.45762e-13 2.51515e-05 5.91308e-13 2.30379e-05 2.67121e-13 0.00931283 7.16204e-13 2.30378e-05 2.29288e-13 2.5149e-05 3.89384e-13 -0.00161878 3.20878e-13 9.43915e-05 1.34997e-13 -0.00161877 4.13201e-13 
0.0587243 -8.99393e-13 -0.00160745 -2.07316e-13 -0.00075324 -3.48531e-14 0.0204476 -2.91386e-13 -0.0578422 5.94639e-13 -0.00377466 -1.06434e-13 -0.0316858 -3.66685e-13 -0.0543777 1.49564e-14 -0.0809635 -2.13724e-13 0.0512986 -9.5794e-13 0.420117 -3.23465e-13 1.07021 0 0.412615 -7.37536e-14 -0.000832426 5.00642e-13 0.419776 -2.23236e-13 0.00338345 2.74882e-14 -0.0855017 -2.14515e-13 -0.0527531 -7.58405e-13 -0.0268055 -4.80697e-14 -0.0592694 -9.58155e-13 0.0200249 -4.25564e-14 0.0565998 9.86438e-13 -0.0525378 1.84933e-13 0.00780843 -3.37897e-13 0.0565936 -5.76678e-13 -0.028822 -4.57286e-13 0.00163857 -7.3447e-14 -0.0839587 -3.67018e-13 -0.0580051 -7.26673e-16 -0.0281694 -3.0062e-13 0.0518076 7.41435e-13 0.000407221 -2.39005e-13 0.00241986 -3.33938e-13 -0.058488 1.84516e-13 0.0169044 -4.48853e-13 0.0565936 -2.47137e-13 0.014355 -3.30484e-13 0.000481001 -6.70935e-13 0.0529668 -6.23082e-13 2.91754e-05 -3.24642e-13 0.000683194 -4.66285e-13 -0.00797547 -2.04851e-13 -0.0527855 6.50646e-13 -0.059047 5.72795e-13 0.0017001 -1.14062e-13 0.0585814 -8.96418e-13 
-0.00541551 1.45019e-13 5.02494e-05 1.33735e-13 0.0171643 3.40872e-13 0.000627104 1.14196e-13 0.00658268 2.08221e-13 -0.000168255 6.6463e-14 0.000587157 9.63295e-14 -0.0809635 3.57882e-13 -0.00167434 5.99773e-14 -0.0409723 1.70175e-13 0.000462301 1.61635e-14 0.412615 7.37536e-14 0.986083 0 0.421949 1.00406e-13 0.00177187 -3.97121e-14 -0.0818903 1.13849e-13 -0.00304722 -1.924e-14 0.43541 1.35109e-13 -0.000741966 -2.75425e-14 0.0218882 1.34296e-13 0.0012679 -1.12232e-14 -0.0443121 -7.34985e-14 -0.0039078 3.19138e-13 0.000103374 1.34339e-13 0.014355 3.38031e-13 -0.000473856 6.41766e-14 -0.0290261 3.59289e-13 5.83287e-05 -4.56854e-15 -0.0281694 3.01256e-13 -0.000557484 7.63628e-16 0.0145952 9.5424e-15 -0.0022762 3.19717e-13 5.05342e-05 1.28277e-13 0.00241985 4.6271e-13 -9.60315e-05 9.48221e-14 0.00780843 2.90354e-13 0.000103374 6.67176e-14 0.000301381 2.11597e-13 -0.00106024 2.44746e-13 -0.000101187 1.34789e-13 -0.00172028 3.93798e-13 0.000134479 1.18527e-13 6.11744e-05 2.66815e-13 0.00215891 2.38035e-13 -3.09157e-05 6.87871e-14 -0.00133191 1.48601e-13 
0.00104535 -6.37576e-13 0.00977157 -1.05854e-13 -0.00147316 -5.7391e-14 -0.0399512 -1.39773e-13 -0.00212453 5.40155e-13 0.00521489 -4.83296e-14 -0.0292536 -2.37293e-13 -0.00083246 6.12504e-13 0.421949 -1.15298e-13 0.00519544 -5.65852e-13 -0.0865822 -2.93663e-13 -0.000832426 -5.00642e-13 0.421949 -1.00406e-13 1.01091 0 -0.0292536 -2.49472e-13 -0.00147316 6.3529e-14 -0.0399512 -7.89944e-14 0.00519541 5.5366e-13 0.00977157 -1.35553e-13 0.00104531 6.06246e-13 0.00521489 -3.52975e-14 -0.00212449 -5.65655e-13 0.000171849 4.67604e-13 0.000301382 -1.72653e-13 0.000480988 -5.86827e-13 0.0165953 -3.32436e-13 -0.00100109 6.80462e-14 0.0165953 -3.43036e-13 0.000480953 6.67549e-13 0.000301383 -2.10412e-13 0.000171881 -5.03732e-13 -0.000285939 -6.3567e-14 -0.0022762 -2.34488e-13 0.000407186 5.84166e-13 -0.00576378 -3.0404e-13 0.000407222 -5.44832e-13 -0.0022762 -1.87072e-13 -0.000285939 -8.40932e-16 -1.65333e-06 -5.91166e-13 0.00133087 -1.83204e-13 -0.000300328 -5.30803e-14 0.00133087 -1.35054e-13 -1.68547e-06 4.92945e-13 9.16519e-05 5.32679e-13 -0.000589191 -6.19434e-14 9.16875e-05 -6.33756e-13 
0.00112991 2.94576e-13 -1.48789e-05 2.32643e-13 0.000658836 5.53945e-13 -0.000397267 2.04507e-13 -0.00286732 2.73824e-13 0.000140338 1.12365e-13 0.000491795 2.08296e-13 -0.0316858 4.67024e-13 0.000587156 1.36522e-13 0.0114872 3.34637e-13 -0.00176201 9.04479e-14 0.419776 2.23236e-13 0.00177187 3.97121e-14 -0.0292536 2.49472e-13 0.984237 0 0.409157 9.60531e-14 0.00108824 -1.22696e-14 -0.0881794 1.17917e-13 0.00108824 -1.1806e-14 -0.0277866 3.88929e-14 0.00121241 -8.29067e-15 -0.0277866 3.90522e-14 -0.0026328 4.29983e-13 -9.60315e-05 2.42882e-13 0.0169044 5.87231e-13 3.0701e-05 1.77739e-13 -0.0821201 5.05392e-13 -0.00176201 9.11338e-14 0.419776 2.24187e-13 0.00177187 4.07465e-14 -0.0881794 1.18411e-13 -0.00576378 4.85632e-13 -9.60317e-05 2.44251e-13 0.0169044 5.8891e-13 0.000491795 2.10658e-13 -0.0316858 4.69515e-13 0.000587157 1.38826e-13 -0.0292536 2.51381e-13 -0.0026328 4.3207e-13 -1.48788e-05 2.34883e-13 0.000658836 5.58001e-13 -0.000397268 2.06704e-13 0.0114872 3.37719e-13 0.00112991 2.96776e-13 0.000140338 1.13293e-13 -0.00286732 2.76514e-13 
0.00016601 -1.03298e-13 0.000730458 -1.50726e-13 -0.000128788 -1.68557e-13 -0.00321874 -1.41613e-13 -0.000338718 -9.53561e-14 0.000519164 -6.34256e-14 0.000658836 -2.26704e-13 -0.000753276 -1.01129e-13 0.0171643 -1.49388e-13 0.000966092 -1.03447e-13 -0.0300636 -2.16338e-13 0.00338345 -2.74882e-14 -0.0818903 -1.13849e-13 -0.00147316 -6.3529e-14 0.409157 -9.60531e-14 1.00477 0 0.405813 -4.59797e-14 -0.00117609 -1.52947e-14 0.405813 -4.55868e-14 0.00239221 2.28847e-15 -0.0916932 -1.94355e-14 0.00239225 2.45995e-15 -0.000114137 -1.42904e-13 -0.00172028 -1.89775e-13 0.000683195 -1.47152e-13 0.00931283 -2.51758e-13 -0.00192204 -9.1947e-14 -0.0300636 -2.16522e-13 0.00338342 -2.83484e-14 -0.0818903 -1.14386e-13 -0.00117606 -1.5467e-14 -0.000300328 -1.58319e-13 -0.00172028 -1.89847e-13 0.000683156 -1.48041e-13 0.000658836 -2.26898e-13 -0.000753238 -1.02338e-13 0.0171643 -1.4931e-13 -0.00147316 -6.50756e-14 -0.000114101 -1.43505e-13 0.000730459 -1.51465e-13 -0.000128788 -1.70163e-13 -0.00321874 -1.42355e-13 0.000966057 -1.05035e-13 0.000165971 -1.04677e-13 0.000519164 -6.39683e-14 -0.000338679 -9.61188e-14 
-0.00187287 2.34327e-13 0.000134118 9.1551e-14 -0.00321874 2.17584e-13 -0.0002078 9.12001e-14 0.00201307 -5.82919e-15 1.09659e-05 4.61068e-14 -0.000397268 9.19916e-14 0.0204476 1.06509e-13 0.000627104 6.26121e-14 0.00229178 2.46936e-13 0.000898618 4.53176e-14 -0.0855017 2.14515e-13 -0.00304722 1.924e-14 -0.0399512 7.89944e-14 0.00108824 1.22696e-14 0.405813 4.59797e-14 0.984433 0 0.434667 -5.07216e-15 0.00563278 3.3472e-16 -0.091516 -3.58804e-14 -0.00438365 -3.37852e-15 0.431528 6.45907e-14 0.00365545 8.1042e-14 0.000134479 1.00636e-13 -0.00797547 3.47371e-13 2.30378e-05 8.22905e-14 0.0156783 2.23944e-13 0.000117473 4.02674e-14 -0.0268055 4.77738e-14 -0.000741966 2.81179e-14 -0.0284388 1.03434e-13 0.00133087 2.01191e-13 -0.000101187 1.06477e-13 2.91731e-05 1.47743e-13 -1.48789e-05 9.26282e-14 -0.00160745 2.9905e-13 5.02492e-05 5.89277e-14 0.00977157 1.36268e-13 -0.00198632 2.73017e-13 -8.12986e-05 1.03083e-13 0.000730458 2.41684e-13 0.000134118 8.07594e-14 -0.00031352 3.24966e-14 0.00199584 5.42288e-15 -1.5766e-05 4.67135e-14 -0.0018531 2.30385e-13 
-0.053966 1.37164e-12 -0.000313519 -1.63639e-13 0.00096606 -2.72961e-13 0.00229178 -8.51198e-16 0.0540908 -1.47669e-12 -0.000354477 -3.64574e-14 0.0114872 -1.62868e-13 0.0512987 -9.02113e-13 -0.0409723 -1.00501e-13 -0.0503963 1.3664e-12 -0.0309897 -1.02277e-13 -0.0527531 7.58405e-13 0.43541 -1.35109e-13 0.00519541 -5.5366e-13 -0.0881794 -1.17917e-13 -0.00117609 1.52947e-14 0.434667 5.07216e-15 1.06255 0 -0.0284388 -1.02976e-13 0.0517595 1.35241e-13 -0.04607 -1.54609e-14 -0.0477191 -1.23319e-13 0.0480945 -1.118e-12 6.11741e-05 -1.41573e-13 -0.0527855 1.03547e-12 2.51495e-05 -1.83115e-13 9.2012e-05 -1.97644e-14 0.0179817 -2.24379e-13 0.0518077 -7.4151e-13 0.0145952 -9.16439e-15 -0.0473271 -9.35991e-16 -1.68532e-06 -7.87212e-14 -0.00106024 -1.08848e-13 0.0529668 -1.15417e-12 -0.0026328 -1.50342e-13 -0.0525378 8.34236e-13 -0.0039078 -1.0879e-13 0.000171837 5.04303e-13 -0.0483051 9.73669e-13 -0.00198632 -2.77637e-14 -0.000114136 1.12179e-13 0.00365545 -1.78703e-13 0.0480945 -1.4678e-12 0.0535896 -1.48017e-12 -0.000367226 -4.07824e-14 -0.0534614 1.37947e-12 
0.00199584 4.85147e-15 -8.12986e-05 1.0186e-13 0.000730459 2.39932e-13 0.000134118 7.93942e-14 -0.0018531 2.28935e-13 -1.57659e-05 4.61097e-14 -1.48787e-05 9.08515e-14 -0.00160746 2.97914e-13 5.02497e-05 5.79015e-14 -0.00031352 3.14873e-14 0.000117472 3.94266e-14 -0.0268055 4.80697e-14 -0.000741966 2.75425e-14 0.00977157 1.35553e-13 0.00108824 1.1806e-14 0.405813 4.55868e-14 0.00563278 -3.3472e-16 -0.0284388 1.02976e-13 0.984433 0 0.431528 6.42982e-14 -0.00438365 -3.51805e-15 -0.091516 -3.60045e-14 -0.00198632 2.7205e-13 -0.000101187 1.05812e-13 2.9174e-05 1.47544e-13 2.30378e-05 8.18601e-14 0.0156783 2.23813e-13 0.000898619 4.52508e-14 -0.0855017 2.14572e-13 -0.00304721 1.94873e-14 0.434667 -4.71765e-15 0.00133087 2.0102e-13 0.000134479 1.00886e-13 -0.00797547 3.47804e-13 -0.000397267 9.25571e-14 0.0204476 1.07395e-13 0.000627104 6.32821e-14 -0.0399512 7.94899e-14 0.00365545 8.19074e-14 0.000134118 9.23822e-14 -0.00321874 2.18906e-13 -0.0002078 9.23512e-14 0.00229178 2.47812e-13 -0.00187288 2.3577e-13 1.0966e-05 4.67268e-14 0.00201307 -4.60993e-15 
-0.059439 1.69103e-12 0.00199584 -1.25902e-13 0.000165974 -2.63218e-13 -0.00187288 5.88825e-14 0.0594507 -1.75195e-12 -2.28666e-05 -1.71228e-14 0.0011299 -7.83394e-14 0.0587243 -1.13402e-12 -0.00541552 -4.42792e-14 -0.053966 1.66574e-12 -0.000658514 -5.79508e-17 -0.0592694 9.58155e-13 0.0218882 -1.34296e-13 0.00104531 -6.06246e-13 -0.0277866 -3.88929e-14 0.00239221 -2.28847e-15 -0.091516 3.58804e-14 0.0517595 -1.35241e-13 0.431528 -6.42982e-14 1.07351 0 0.464474 -8.93633e-15 -0.0618511 1.24325e-16 0.0535896 -1.32909e-12 0.00215891 -7.51028e-14 -0.0590469 1.30754e-12 -0.00161878 -6.33372e-14 0.000609645 -3.21328e-14 0.0116043 -1.10005e-13 0.0565999 -9.86308e-13 -0.0443121 7.31278e-14 -0.047719 1.22336e-13 9.16521e-05 -4.69442e-14 -0.00133191 -2.10359e-14 0.0585814 -1.40298e-12 -0.00286732 -3.61196e-14 -0.0578422 1.06582e-12 0.00658268 -3.44642e-14 -0.00212454 5.66978e-13 -0.0534614 1.24458e-12 -0.0018531 4.76952e-14 -0.000338718 1.61837e-13 0.00201307 -1.32114e-13 0.0540908 -1.72978e-12 0.0594507 -1.75158e-12 -4.26397e-05 -1.61869e-14 -0.0594377 1.69802e-12 
-2.28633e-05 3.71064e-14 -1.5766e-05 3.28168e-14 0.000519164 7.112e-14 1.0966e-05 2.94904e-14 -4.26403e-05 3.4779e-14 2.95213e-06 1.51623e-14 0.000140338 3.50869e-14 -0.00377467 6.26324e-14 -0.000168255 2.31703e-14 -0.000354474 4.36581e-14 -0.000547171 2.23392e-14 0.0200249 4.25564e-14 0.0012679 1.12232e-14 0.00521489 3.52975e-14 0.00121241 8.29067e-15 -0.0916932 1.94355e-14 -0.00438365 3.37852e-15 -0.04607 1.54609e-14 -0.00438365 3.51805e-15 0.464474 8.93633e-15 0.99461 0 0.464474 8.97917e-15 -0.000367226 5.48012e-14 -3.09157e-05 3.64258e-14 0.0017001 7.60026e-14 9.43915e-05 3.38369e-14 -0.00633176 7.09146e-14 -0.000547171 2.24593e-14 0.0200248 4.28198e-14 0.0012679 1.14054e-14 -0.04607 1.52748e-14 -0.000589191 6.26617e-14 -3.09157e-05 3.67654e-14 0.0017001 7.63399e-14 0.000140338 3.53434e-14 -0.00377467 6.3022e-14 -0.000168255 2.35243e-14 0.00521489 3.55415e-14 -0.000367225 5.48463e-14 -1.5766e-05 3.29071e-14 0.000519164 7.15946e-14 1.0966e-05 2.95336e-14 -0.000354475 4.39603e-14 -2.2864e-05 3.7398e-14 2.95213e-06 1.54229e-14 -4.26395e-05 3.49163e-14 
0.0594507 -1.75066e-12 -0.0018531 4.79149e-14 -0.000338682 1.61879e-13 0.00201307 -1.31856e-13 -0.0594377 1.6968e-12 -4.2637e-05 -1.62603e-14 -0.00286731 -3.6045e-14 -0.0578422 1.06582e-12 0.00658269 -3.4447e-14 0.0540907 -1.7276e-12 0.0116043 -1.10148e-13 0.0565998 -9.86438e-13 -0.0443121 7.34985e-14 -0.00212449 5.65655e-13 -0.0277866 -3.90522e-14 0.00239225 -2.45995e-15 0.431528 -6.45907e-14 -0.0477191 1.23319e-13 -0.091516 3.60045e-14 -0.0618511 -1.24325e-16 0.464474 -8.97917e-15 1.07351 0 -0.0534614 1.24508e-12 -0.00133191 -2.0813e-14 0.0585814 -1.40307e-12 -0.00161877 -6.29804e-14 0.000609682 -3.25982e-14 -0.00065851 3.86335e-16 -0.0592695 9.57253e-13 0.0218882 -1.33943e-13 0.0517595 -1.34375e-13 9.16873e-05 -4.72521e-14 0.00215891 -7.55348e-14 -0.059047 1.30699e-12 0.00112991 -7.76319e-14 0.0587243 -1.13405e-12 -0.00541551 -4.41292e-14 0.00104536 -6.08122e-13 0.0535896 -1.3293e-12 0.00199585 -1.26226e-13 0.00016601 -2.64033e-13 -0.00187288 5.8573e-14 -0.053966 1.66643e-12 -0.0594391 1.6914e-12 -2.28638e-05 -1.66939e-14 0.0594507 -1.75319e-12 
-0.0477191 2.4766e-13 0.434667 -1.22305e-13 -0.00117609 -1.51542e-13 -0.0284388 -1.08583e-13 0.0517595 -2.80653e-13 -0.04607 -4.97557e-14 -0.0881794 -3.59617e-13 0.0518077 4.48998e-13 0.0145952 -3.01622e-13 -0.0473271 3.90818e-13 0.0179817 -4.59126e-13 -0.0525378 -1.84933e-13 -0.0039078 -3.19138e-13 0.000171849 -4.67604e-13 -0.0026328 -4.29983e-13 -0.000114137 1.42904e-13 0.00365545 -8.1042e-14 0.0480945 1.118e-12 -0.00198632 -2.7205e-13 0.0535896 1.32909e-12 -0.000367226 -5.48012e-14 -0.0534614 -1.24508e-12 1.06255 0 0.43541 -1.38779e-13 -0.0527531 8.27572e-14 -0.0309897 -4.74056e-13 9.20121e-05 2.44237e-13 2.51483e-05 -5.88392e-13 0.0529668 6.21381e-13 -0.00106024 -2.43495e-13 -0.048305 -9.75269e-13 0.00519541 1.15773e-14 -0.0409723 -2.74798e-13 0.0512987 1.92211e-13 0.0114872 -3.94858e-13 -0.0527855 -1.11574e-13 6.11724e-05 -2.40548e-13 -1.69699e-06 5.91228e-13 -0.0503963 -8.55545e-16 0.00229178 -1.58033e-13 0.000966057 2.34745e-13 -0.00031352 -2.29796e-13 0.0480945 -3.50251e-13 0.0540908 -2.85553e-13 -0.000354474 -6.78189e-14 -0.053966 2.58009e-13 
-0.0443121 1.92455e-13 -0.00304722 3.9349e-14 -0.0818903 3.09864e-13 -0.000741966 3.25684e-14 0.0218882 1.18177e-13 0.0012679 3.71877e-14 0.00177187 -8.79925e-14 -0.0281694 3.47824e-13 -0.000557483 -6.93311e-14 0.0145952 2.46381e-13 5.83285e-05 -2.48457e-13 0.00780843 3.37897e-13 0.000103374 -1.34339e-13 0.000301382 1.72653e-13 -9.60315e-05 -2.42882e-13 -0.00172028 1.89775e-13 0.000134479 -1.00636e-13 6.11741e-05 1.41573e-13 -0.000101187 -1.05812e-13 0.00215891 7.51028e-14 -3.09157e-05 -3.64258e-14 -0.00133191 2.0813e-14 0.43541 1.38779e-13 0.986083 0 0.412615 2.70172e-13 0.000462301 -1.64042e-13 -0.0290261 4.4034e-13 -0.000473856 -2.53726e-13 0.00241985 3.34152e-13 5.05341e-05 -1.2687e-13 -0.00106024 1.09135e-13 0.421949 1.87407e-13 -0.00167434 7.74688e-16 -0.0809635 3.82376e-13 0.000587157 -9.50048e-14 0.014355 4.21495e-13 0.000103374 -6.51517e-14 -0.0022762 2.36022e-13 -0.0409723 2.7666e-13 0.000627104 5.288e-14 0.0171643 3.87016e-13 5.02495e-05 3.19924e-14 -0.0039078 2.02291e-13 0.00658268 1.46947e-13 -0.000168255 4.07741e-14 -0.00541551 2.15155e-13 
0.0565998 -4.6823e-13 -0.0855017 -2.44255e-13 0.00338345 9.05961e-14 -0.0268055 -3.19953e-13 -0.0592694 2.55354e-13 0.0200249 -1.10532e-13 0.419776 -3.5959e-13 -0.0580051 -1.78484e-13 -0.0281694 -3.29202e-13 0.0518076 -5.35044e-13 -0.0839587 -7.43837e-13 0.0565936 5.76678e-13 0.014355 -3.38031e-13 0.000480988 5.86827e-13 0.0169044 -5.87231e-13 0.000683195 1.47152e-13 -0.00797547 -3.47371e-13 -0.0527855 -1.03547e-12 2.9174e-05 -1.47544e-13 -0.0590469 -1.30754e-12 0.0017001 -7.60026e-14 0.0585814 1.40307e-12 -0.0527531 -8.27572e-14 0.412615 -2.70172e-13 1.07021 0 0.420117 -4.96348e-13 0.00163857 1.709e-13 -0.028822 -6.68155e-13 -0.058488 -1.86754e-13 0.00241986 -4.62332e-13 0.0529668 1.15404e-12 -0.000832426 -1.39735e-13 -0.0809635 -3.82313e-13 -0.0543777 -1.40673e-15 -0.0316858 -6.19729e-13 0.0565936 3.29253e-13 0.00780843 -4.86556e-13 0.000407234 -5.87826e-13 0.0512986 -1.93794e-13 0.0204476 -3.5934e-13 -0.000753238 -3.40611e-13 -0.00160745 -2.85093e-13 -0.0525378 3.76923e-13 -0.0578422 2.30897e-13 -0.00377467 -1.31459e-13 0.0587243 -4.72837e-13 
0.0116043 3.42953e-13 0.000898618 2.09112e-13 -0.0300636 6.44058e-13 0.000117472 1.76786e-13 -0.000658513 3.26835e-13 -0.000547171 1.12564e-13 -0.00176201 7.8413e-14 -0.0839587 5.95578e-13 5.83293e-05 5.33941e-14 0.0179817 4.06888e-13 0.00275244 -1.28048e-13 -0.028822 4.57286e-13 -0.000473856 -6.41766e-14 0.0165953 3.32436e-13 3.0701e-05 -1.77739e-13 0.00931283 2.51758e-13 2.30378e-05 -8.22905e-14 2.51495e-05 1.83115e-13 2.30378e-05 -8.18601e-14 -0.00161878 6.33372e-14 9.43915e-05 -3.38369e-14 -0.00161877 6.29804e-14 -0.0309897 4.74056e-13 0.000462301 1.64042e-13 0.420117 4.96348e-13 0.983495 0 0.408454 4.50842e-13 0.00275244 -1.2658e-13 -0.028822 4.58292e-13 -0.000473856 -6.29292e-14 2.51511e-05 1.84026e-13 -0.0865822 5.148e-13 0.0004623 1.65378e-13 0.420117 4.98069e-13 -0.00176201 8.14877e-14 -0.0839587 5.98645e-13 5.83286e-05 5.62595e-14 0.0165953 3.35308e-13 -0.0309897 4.76357e-13 0.000898619 2.12317e-13 -0.0300636 6.48511e-13 0.000117472 1.80289e-13 0.0179817 4.10581e-13 0.0116043 3.46187e-13 -0.000547171 1.14483e-13 -0.000658512 3.29909e-13 
0.000609682 -1.91301e-13 0.0156783 -3.53942e-13 -0.00192203 -2.6455e-13 0.0156783 -3.3989e-13 0.000609645 -1.75101e-13 -0.00633176 -1.48834e-13 -0.0821201 -5.74358e-13 0.00163853 -7.36792e-14 -0.0290261 -3.99914e-13 9.20449e-05 -1.65475e-13 0.408454 -4.61939e-13 0.00163857 7.3447e-14 -0.0290261 -3.59289e-13 -0.00100109 -6.80462e-14 -0.0821201 -5.05392e-13 -0.00192204 9.1947e-14 0.0156783 -2.23944e-13 9.2012e-05 1.97644e-14 0.0156783 -2.23813e-13 0.000609645 3.21328e-14 -0.00633176 -7.09146e-14 0.000609682 3.25982e-14 9.20121e-05 -2.44237e-13 -0.0290261 -4.4034e-13 0.00163857 -1.709e-13 0.408454 -4.50842e-13 1.00524 0 0.408454 -4.61707e-13 0.00163853 7.19932e-14 -0.0290261 -3.59511e-13 9.20449e-05 1.92242e-14 -0.00100109 -2.59229e-13 -0.0290261 -4.40878e-13 0.00163853 -1.72764e-13 -0.0821201 -5.75859e-13 0.00163857 -7.58323e-14 -0.0290261 -4.00961e-13 -0.00100109 -6.98644e-14 9.20455e-05 -2.45722e-13 0.0156783 -3.54709e-13 -0.00192203 -2.68503e-13 0.0156783 -3.40956e-13 9.20121e-05 -1.68402e-13 0.000609645 -1.9408e-13 -0.00633176 -1.50021e-13 0.000609682 -1.77032e-13 
-0.00161877 3.17648e-13 2.30378e-05 2.63699e-13 0.00931283 7.11197e-13 2.30379e-05 2.25307e-13 -0.00161878 4.09502e-13 9.43915e-05 1.32901e-13 3.0701e-05 1.84228e-13 -0.028822 6.75446e-13 -0.000473856 1.19426e-13 2.51522e-05 3.8523e-13 0.00275244 -1.42501e-15 -0.0839587 3.67018e-13 5.83287e-05 4.56854e-15 0.0165953 3.43036e-13 -0.00176201 -9.11338e-14 -0.0300636 2.16522e-13 0.000117473 -4.02674e-14 0.0179817 2.24379e-13 0.000898619 -4.52508e-14 0.0116043 1.10005e-13 -0.000547171 -2.24593e-14 -0.00065851 -3.86335e-16 2.51483e-05 5.88392e-13 -0.000473856 2.53726e-13 -0.028822 6.68155e-13 0.00275244 1.2658e-13 0.408454 4.61707e-13 0.983495 0 0.420117 3.24192e-13 0.000462299 -1.57229e-14 -0.0309897 1.03209e-13 0.0165953 5.85662e-13 5.83291e-05 2.48856e-13 -0.0839587 7.46012e-13 -0.00176201 1.82403e-13 0.420117 3.65769e-13 0.000462302 1.08286e-13 -0.0865822 2.96233e-13 0.0179817 4.61222e-13 0.000117472 2.53998e-13 -0.0300636 6.48376e-13 0.000898618 2.24233e-13 -0.0309897 4.39515e-13 -0.000658515 4.12157e-13 -0.000547171 1.28904e-13 0.0116043 2.72162e-13 
-0.059047 5.73811e-13 2.91748e-05 -3.23414e-13 0.000683159 -4.62001e-13 -0.00797547 -2.03742e-13 0.0585814 -8.93243e-13 0.0017001 -1.13558e-13 0.0169044 -4.49172e-13 0.0565937 -2.4428e-13 0.014355 -3.30403e-13 -0.0527855 6.51508e-13 -0.0839587 -3.67581e-13 -0.0580051 7.26673e-16 -0.0281694 -3.01256e-13 0.000480953 -6.67549e-13 0.419776 -2.24187e-13 0.00338342 2.83484e-14 -0.0268055 -4.77738e-14 0.0518077 7.4151e-13 -0.0855017 -2.14572e-13 0.0565999 9.86308e-13 0.0200248 -4.28198e-14 -0.0592695 -9.57253e-13 0.0529668 -6.21381e-13 0.00241985 -3.34152e-13 -0.058488 1.86754e-13 -0.028822 -4.58292e-13 0.00163853 -7.19932e-14 0.420117 -3.24192e-13 1.07021 0 0.412615 -7.40013e-14 -0.0527531 -7.59568e-13 0.000407187 -2.38881e-13 0.00780842 -3.38773e-13 0.0565937 -5.76978e-13 -0.0316858 -3.68504e-13 -0.0543777 1.35543e-14 -0.0809635 -2.15135e-13 -0.000832475 5.00914e-13 -0.0525378 1.83445e-13 -0.00160746 -2.08806e-13 -0.000753276 -3.73933e-14 0.0204476 -2.92613e-13 0.0512987 -9.61025e-13 0.0587243 -9.02222e-13 -0.00377467 -1.07699e-13 -0.0578422 5.93947e-13 
0.00215891 2.36207e-13 -0.000101187 1.33026e-13 -0.00172028 3.916e-13 0.000134479 1.16379e-13 -0.00133192 1.46831e-13 -3.09157e-05 6.8039e-14 -9.60317e-05 9.23464e-14 0.00780842 2.89304e-13 0.000103374 6.44365e-14 6.11783e-05 2.64632e-13 5.83293e-05 -6.43677e-15 -0.0281694 3.0062e-13 -0.000557484 -7.63628e-16 0.000301383 2.10412e-13 0.00177187 -4.07465e-14 -0.0818903 1.14386e-13 -0.000741966 -2.81179e-14 0.0145952 9.16439e-15 -0.00304721 -1.94873e-14 -0.0443121 -7.31278e-14 0.0012679 -1.14054e-14 0.0218882 1.33943e-13 -0.00106024 2.43495e-13 5.05341e-05 1.2687e-13 0.00241986 4.62332e-13 -0.000473856 6.29292e-14 -0.0290261 3.59511e-13 0.000462299 1.57229e-14 0.412615 7.40013e-14 0.986083 0 0.43541 1.35012e-13 -0.0022762 3.19792e-13 0.000103374 1.3441e-13 0.014355 3.39194e-13 0.000587156 9.67514e-14 -0.0809635 3.59743e-13 -0.00167434 6.06658e-14 0.421949 1.01103e-13 -0.0039078 3.2081e-13 5.02498e-05 1.34687e-13 0.0171643 3.42927e-13 0.000627104 1.15454e-13 -0.0409723 1.72232e-13 -0.00541552 1.46804e-13 -0.000168255 6.69606e-14 0.00658269 2.09511e-13 
0.0535896 -1.47968e-12 -0.00198632 -2.8088e-14 -0.000114104 1.13225e-13 0.00365545 -1.78444e-13 -0.0534614 1.37995e-12 -0.000367223 -4.06986e-14 -0.0026328 -1.51075e-13 -0.0525378 8.36754e-13 -0.0039078 -1.09049e-13 0.0480944 -1.46596e-12 0.0179817 -2.25684e-13 0.0518076 -7.41435e-13 0.0145952 -9.5424e-15 0.000171881 5.03732e-13 -0.0881794 -1.18411e-13 -0.00117606 1.5467e-14 -0.0284388 -1.03434e-13 -0.0473271 9.35991e-16 0.434667 4.71765e-15 -0.047719 -1.22336e-13 -0.04607 -1.52748e-14 0.0517595 1.34375e-13 -0.048305 9.75269e-13 -0.00106024 -1.09135e-13 0.0529668 -1.15404e-12 2.51511e-05 -1.84026e-13 9.20449e-05 -1.92242e-14 -0.0309897 -1.03209e-13 -0.0527531 7.59568e-13 0.43541 -1.35012e-13 1.06255 0 -1.65354e-06 -7.81147e-14 6.11765e-05 -1.42659e-13 -0.0527854 1.03624e-12 0.0114872 -1.63711e-13 0.0512986 -9.02925e-13 -0.0409723 -1.01062e-13 0.00519545 -5.55463e-13 0.0480944 -1.11876e-12 -0.00031352 -1.64573e-13 0.000966092 -2.73968e-13 0.00229178 -1.2789e-15 -0.0503963 1.36798e-12 -0.053966 1.37254e-12 -0.000354475 -3.67572e-14 0.0540907 -1.47988e-12 
-0.0021245 -2.44004e-14 -0.0399512 -1.86105e-13 -0.00147316 3.27537e-14 0.00977157 -1.97583e-13 0.00104531 -1.97534e-14 0.00521489 -6.98623e-14 -0.0292536 -4.1986e-13 0.000480953 1.79457e-13 0.000301383 -3.09102e-13 0.000171881 1.66225e-14 0.0165953 -5.85867e-13 0.000407221 2.39005e-13 -0.0022762 -3.19717e-13 -0.000285939 6.3567e-14 -0.00576378 -4.85632e-13 -0.000300328 1.58319e-13 0.00133087 -2.01191e-13 -1.68532e-06 7.87212e-14 0.00133087 -2.0102e-13 9.16521e-05 4.69442e-14 -0.000589191 -6.26617e-14 9.16873e-05 4.72521e-14 0.00519541 -1.15773e-14 0.421949 -1.87407e-13 -0.000832426 1.39735e-13 -0.0865822 -5.148e-13 -0.00100109 2.59229e-13 0.0165953 -5.85662e-13 0.000407187 2.38881e-13 -0.0022762 -3.19792e-13 -1.65354e-06 7.81147e-14 1.01091 0 0.421949 -1.87181e-13 -0.000832461 1.39467e-13 -0.0292536 -4.19927e-13 0.000480988 1.78324e-13 0.000301382 -3.09129e-13 -0.000285939 6.31548e-14 0.00519544 -1.23884e-14 -0.0399512 -1.85905e-13 -0.00147316 3.09961e-14 0.00977157 -1.98009e-13 0.000171849 1.57397e-14 -0.00212453 -2.46999e-14 0.00521489 -6.98782e-14 0.00104535 -2.08951e-14 
0.00658269 1.45613e-13 0.000627104 5.0602e-14 0.0171643 3.84792e-13 5.02497e-05 3.00177e-14 -0.00541552 2.13415e-13 -0.000168255 3.93734e-14 0.000587156 -9.7501e-14 0.014355 4.20216e-13 0.000103374 -6.73419e-14 -0.0039078 2.00864e-13 -0.000473856 -2.5597e-13 0.00241986 3.33938e-13 5.05342e-05 -1.28277e-13 -0.0022762 2.34488e-13 -9.60317e-05 -2.44251e-13 -0.00172028 1.89847e-13 -0.000101187 -1.06477e-13 -0.00106024 1.08848e-13 0.000134479 -1.00886e-13 -0.00133191 2.10359e-14 -3.09157e-05 -3.67654e-14 0.00215891 7.55348e-14 -0.0409723 2.74798e-13 -0.00167434 -7.74688e-16 -0.0809635 3.82313e-13 0.0004623 -1.65378e-13 -0.0290261 4.40878e-13 5.83291e-05 -2.48856e-13 0.00780842 3.38773e-13 0.000103374 -1.3441e-13 6.11765e-05 1.42659e-13 0.421949 1.87181e-13 0.986083 0 0.412615 2.70789e-13 0.00177187 -8.77975e-14 -0.0281694 3.49448e-13 -0.000557483 -6.88532e-14 0.000301383 1.73675e-13 0.43541 1.39567e-13 -0.00304721 4.02077e-14 -0.0818903 3.1184e-13 -0.000741966 3.36493e-14 0.0145952 2.48213e-13 -0.0443121 1.94037e-13 0.0012679 3.80527e-14 0.0218882 1.19486e-13 
-0.0578422 2.32214e-13 0.0204476 -3.58827e-13 -0.000753273 -3.36435e-13 -0.00160745 -2.84222e-13 0.0587243 -4.69309e-13 -0.00377467 -1.31219e-13 -0.0316858 -6.20838e-13 0.0565937 3.31978e-13 0.00780842 -4.86959e-13 -0.0525378 3.78282e-13 -0.028822 -6.69913e-13 -0.058488 -1.84516e-13 0.00241985 -4.6271e-13 0.000407186 -5.84166e-13 0.0169044 -5.8891e-13 0.000683156 1.48041e-13 2.91731e-05 -1.47743e-13 0.0529668 1.15417e-12 -0.00797547 -3.47804e-13 0.0585814 1.40298e-12 0.0017001 -7.63399e-14 -0.059047 -1.30699e-12 0.0512987 -1.92211e-13 -0.0809635 -3.82376e-13 -0.0543777 1.40673e-15 0.420117 -4.98069e-13 0.00163853 1.72764e-13 -0.0839587 -7.46012e-13 0.0565937 5.76978e-13 0.014355 -3.39194e-13 -0.0527854 -1.03624e-12 -0.000832461 -1.39467e-13 0.412615 -2.70789e-13 1.07021 0 0.419776 -3.60346e-13 -0.0580051 -1.79452e-13 -0.0281694 -3.3087e-13 0.00048094 5.87292e-13 -0.0527531 -8.41235e-14 -0.0855017 -2.45366e-13 0.00338342 8.8848e-14 -0.0268055 -3.21414e-13 0.0518077 -5.387e-13 0.0565999 -4.703e-13 0.0200249 -1.11227e-13 -0.0592695 2.5476e-13 
-0.00286732 3.10448e-13 -0.000397267 1.39144e-13 0.000658836 5.79332e-13 -1.48788e-05 1.16522e-13 0.00112991 2.5797e-13 0.000140338 8.27793e-14 0.000491795 -2.49426e-15 0.0169044 5.4643e-13 -9.60317e-05 -6.01656e-16 -0.0026328 3.77678e-13 3.07009e-05 -1.88032e-13 0.0169044 4.48853e-13 -9.60315e-05 -9.48221e-14 -0.00576378 3.0404e-13 0.000491795 -2.10658e-13 0.000658836 2.26898e-13 -1.48789e-05 -9.26282e-14 -0.0026328 1.50342e-13 -0.000397267 -9.25571e-14 -0.00286732 3.61196e-14 0.000140338 -3.53434e-14 0.00112991 7.76319e-14 0.0114872 3.94858e-13 0.000587157 9.50048e-14 -0.0316858 6.19729e-13 -0.00176201 -8.14877e-14 -0.0821201 5.75859e-13 -0.00176201 -1.82403e-13 -0.0316858 3.68504e-13 0.000587156 -9.67514e-14 0.0114872 1.63711e-13 -0.0292536 4.19927e-13 0.00177187 8.77975e-14 0.419776 3.60346e-13 0.984237 0 0.419776 3.31244e-13 0.00177187 -1.66261e-14 -0.0292536 2.38828e-13 -0.0881794 3.61342e-13 0.00108824 1.19482e-13 0.409157 3.4562e-13 0.00108824 9.17741e-14 -0.0881794 2.5688e-13 -0.0277866 2.15921e-13 0.00121241 7.63741e-14 -0.0277866 2.3936e-13 
0.0585814 -7.519e-13 -0.00797547 -2.81567e-13 0.000683192 3.39568e-14 2.91733e-05 -3.69805e-13 -0.0590469 4.84481e-13 0.0017001 -1.28813e-13 0.0169044 -5.48141e-13 -0.058488 2.3907e-15 0.00241986 -3.52794e-13 0.0529668 -8.07787e-13 -0.028822 -6.78547e-13 0.0565936 2.47137e-13 0.00780843 -2.90354e-13 0.000407222 5.44832e-13 -0.0316858 -4.69515e-13 -0.000753238 1.02338e-13 -0.00160745 -2.9905e-13 -0.0525378 -8.34236e-13 0.0204476 -1.07395e-13 -0.0578422 -1.06582e-12 -0.00377467 -6.3022e-14 0.0587243 1.13405e-12 -0.0527855 1.11574e-13 0.014355 -4.21495e-13 0.0565936 -3.29253e-13 -0.0839587 -5.98645e-13 0.00163857 7.58323e-14 0.420117 -3.65769e-13 -0.0543777 -1.35543e-14 -0.0809635 -3.59743e-13 0.0512986 9.02925e-13 0.000480988 -1.78324e-13 -0.0281694 -3.49448e-13 -0.0580051 1.79452e-13 0.419776 -3.31244e-13 1.07021 0 0.412615 -2.42047e-13 -0.000832411 -6.14556e-13 0.0518076 -4.49657e-13 -0.0268055 -3.00679e-13 0.00338345 -3.80629e-13 -0.0855017 -1.89549e-13 -0.0527532 5.85188e-13 -0.0592694 4.78493e-13 0.0200249 -1.02759e-13 0.0565999 -7.31966e-13 
-0.00133191 2.6445e-13 0.000134479 9.09145e-14 -0.00172028 3.93618e-13 -0.000101187 8.05525e-14 0.00215891 1.22875e-13 -3.09158e-05 5.49115e-14 -9.60315e-05 -3.14519e-15 0.00241985 3.51912e-13 5.05343e-05 -1.45504e-15 -0.00106024 3.1129e-13 -0.000473856 -1.22975e-13 0.014355 3.30484e-13 0.000103374 -6.67176e-14 -0.0022762 1.87072e-13 0.000587157 -1.38826e-13 0.0171643 1.4931e-13 5.02492e-05 -5.89277e-14 -0.0039078 1.0879e-13 0.000627104 -6.32821e-14 0.00658268 3.44642e-14 -0.000168255 -2.35243e-14 -0.00541551 4.41292e-14 6.11724e-05 2.40548e-13 0.000103374 6.51517e-14 0.00780843 4.86556e-13 5.83286e-05 -5.62595e-14 -0.0290261 4.00961e-13 0.000462302 -1.08286e-13 -0.0809635 2.15135e-13 -0.00167434 -6.06658e-14 -0.0409723 1.01062e-13 0.000301382 3.09129e-13 -0.000557483 6.88532e-14 -0.0281694 3.3087e-13 0.00177187 1.66261e-14 0.412615 2.42047e-13 0.986083 0 0.421949 1.16034e-13 0.0145952 3.03015e-13 -0.000741966 9.43847e-14 -0.0818903 3.18038e-13 -0.00304722 6.69643e-14 0.43541 7.09359e-14 0.0218882 1.00105e-13 0.0012679 5.17775e-14 -0.0443121 2.15153e-13 
9.17002e-05 5.35176e-13 0.00133087 -1.83424e-13 -0.000300328 -5.07867e-14 0.00133087 -1.354e-13 9.16391e-05 -6.3438e-13 -0.000589191 -6.19826e-14 -0.00576378 -3.05884e-13 0.000407174 -5.43567e-13 -0.0022762 -1.88046e-13 -1.64186e-06 4.96324e-13 0.0165953 -3.45762e-13 0.000481001 6.70935e-13 0.000301381 -2.11597e-13 -0.000285939 8.40932e-16 -0.0292536 -2.51381e-13 -0.00147316 6.50756e-14 0.00977157 -1.36268e-13 0.000171837 -5.04303e-13 -0.0399512 -7.94899e-14 -0.00212454 -5.66978e-13 0.00521489 -3.55415e-14 0.00104536 6.08122e-13 -1.69699e-06 -5.91228e-13 -0.0022762 -2.36022e-13 0.000407234 5.87826e-13 0.0165953 -3.35308e-13 -0.00100109 6.98644e-14 -0.0865822 -2.96233e-13 -0.000832475 -5.00914e-13 0.421949 -1.01103e-13 0.00519545 5.55463e-13 -0.000285939 -6.31548e-14 0.000301383 -1.73675e-13 0.00048094 -5.87292e-13 -0.0292536 -2.38828e-13 -0.000832411 6.14556e-13 0.421949 -1.16034e-13 1.01091 0 0.000171893 4.69275e-13 0.00977157 -1.06471e-13 -0.00147316 -5.76353e-14 -0.0399512 -1.40687e-13 0.0051954 -5.68084e-13 0.0010453 -6.39494e-13 0.00521489 -4.86769e-14 -0.00212448 5.41531e-13 
0.0540908 -2.84108e-13 0.00229178 -1.58985e-13 0.000966089 2.36577e-13 -0.000313521 -2.30293e-13 -0.053966 2.57983e-13 -0.000354472 -6.77045e-14 0.0114872 -3.9683e-13 -0.0527855 -1.08355e-13 6.11769e-05 -2.41416e-13 0.0480944 -3.47563e-13 2.51515e-05 -5.91308e-13 0.0529668 6.23082e-13 -0.00106024 -2.44746e-13 -1.65333e-06 5.91166e-13 -0.0026328 -4.3207e-13 -0.000114101 1.43505e-13 -0.00198632 -2.73017e-13 -0.0483051 -9.73669e-13 0.00365545 -8.19074e-14 -0.0534614 -1.24458e-12 -0.000367225 -5.48463e-14 0.0535896 1.3293e-12 -0.0503963 8.55545e-16 -0.0409723 -2.7666e-13 0.0512986 1.93794e-13 -0.0309897 -4.76357e-13 9.20455e-05 2.45722e-13 0.0179817 -4.61222e-13 -0.0525378 -1.83445e-13 -0.0039078 -3.2081e-13 0.0480944 1.11876e-12 0.00519544 1.23884e-14 0.43541 -1.39567e-13 -0.0527531 8.41235e-14 -0.0881794 -3.61342e-13 0.0518076 4.49657e-13 0.0145952 -3.03015e-13 0.000171893 -4.69275e-13 1.06255 0 0.434667 -1.23079e-13 -0.00117606 -1.51989e-13 -0.0284388 -1.09634e-13 -0.0473272 3.92437e-13 -0.047719 2.48276e-13 -0.04607 -4.96043e-14 0.0517595 -2.82364e-13 
0.00201307 1.46465e-13 -0.0002078 -1.12073e-15 -0.00321874 2.89034e-13 0.000134118 -1.22608e-14 -0.00187288 1.02563e-13 1.09661e-05 1.52415e-14 -0.000397267 -1.42053e-13 -0.00797547 2.81627e-13 0.000134479 -9.28308e-14 0.00365545 1.85172e-13 2.30379e-05 -2.67121e-13 2.91754e-05 3.24642e-13 -0.000101187 -1.34789e-13 0.00133087 1.83204e-13 -1.48788e-05 -2.34883e-13 0.000730459 1.51465e-13 -8.12986e-05 -1.03083e-13 -0.00198632 2.77637e-14 0.000134118 -9.23822e-14 -0.0018531 -4.76952e-14 -1.5766e-05 -3.29071e-14 0.00199585 1.26226e-13 0.00229178 1.58033e-13 0.000627104 -5.288e-14 0.0204476 3.5934e-13 0.000898619 -2.12317e-13 0.0156783 3.54709e-13 0.000117472 -2.53998e-13 -0.00160746 2.08806e-13 5.02498e-05 -1.34687e-13 -0.00031352 1.64573e-13 -0.0399512 1.85905e-13 -0.00304721 -4.02077e-14 -0.0855017 2.45366e-13 0.00108824 -1.19482e-13 -0.0268055 3.00679e-13 -0.000741966 -9.43847e-14 0.00977157 1.06471e-13 0.434667 1.23079e-13 0.984433 0 0.405813 1.1917e-13 0.00563278 -1.07935e-14 -0.0284388 1.08624e-13 0.431528 3.58409e-14 -0.00438365 1.0045e-14 -0.091516 1.01545e-13 
-0.00033868 1.60615e-13 -0.00321874 -2.90167e-13 -0.000128788 1.85223e-15 0.000730459 -2.74482e-13 0.000165971 -2.58743e-13 0.000519164 -1.04228e-13 0.000658836 -5.82996e-13 0.000683156 -2.99664e-14 -0.00172028 -3.95567e-13 -0.000114102 1.85869e-13 0.00931283 -7.16204e-13 0.000683194 4.66285e-13 -0.00172028 -3.93798e-13 -0.000300328 5.30803e-14 0.000658836 -5.58001e-13 -0.000128788 1.70163e-13 0.000730458 -2.41684e-13 -0.000114136 -1.12179e-13 -0.00321874 -2.18906e-13 -0.000338718 -1.61837e-13 0.000519164 -7.15946e-14 0.00016601 2.64033e-13 0.000966057 -2.34745e-13 0.0171643 -3.87016e-13 -0.000753238 3.40611e-13 -0.0300636 -6.48511e-13 -0.00192203 2.68503e-13 -0.0300636 -6.48376e-13 -0.000753276 3.73933e-14 0.0171643 -3.42927e-13 0.000966092 2.73968e-13 -0.00147316 -3.09961e-14 -0.0818903 -3.1184e-13 0.00338342 -8.8848e-14 0.409157 -3.4562e-13 0.00338345 3.80629e-13 -0.0818903 -3.18038e-13 -0.00147316 5.76353e-14 -0.00117606 1.51989e-13 0.405813 -1.1917e-13 1.00477 0 0.405813 -1.32001e-13 -0.00117609 -1.98935e-13 0.00239221 -2.64932e-13 -0.0916932 -7.10569e-14 0.00239225 1.68183e-13 
-0.0018531 9.89655e-14 0.000134118 1.03555e-14 0.000730458 2.73754e-13 -8.12985e-05 -1.12663e-15 0.00199584 1.53752e-13 -1.57661e-05 1.84487e-14 -1.48789e-05 -1.20467e-13 2.91746e-05 3.70096e-13 -0.000101187 -8.2925e-14 -0.00198632 1.5099e-13 2.30378e-05 -2.29288e-13 -0.00797547 2.04851e-13 0.000134479 -1.18527e-13 0.00133087 1.35054e-13 -0.000397268 -2.06704e-13 -0.00321874 1.42355e-13 0.000134118 -8.07594e-14 0.00365545 1.78703e-13 -0.0002078 -9.23512e-14 0.00201307 1.32114e-13 1.0966e-05 -2.95336e-14 -0.00187288 -5.8573e-14 -0.00031352 2.29796e-13 5.02495e-05 -3.19924e-14 -0.00160745 2.85093e-13 0.000117472 -1.80289e-13 0.0156783 3.40956e-13 0.000898618 -2.24233e-13 0.0204476 2.92613e-13 0.000627104 -1.15454e-13 0.00229178 1.2789e-15 0.00977157 1.98009e-13 -0.000741966 -3.36493e-14 -0.0268055 3.21414e-13 0.00108824 -9.17741e-14 -0.0855017 1.89549e-13 -0.00304722 -6.69643e-14 -0.0399512 1.40687e-13 -0.0284388 1.09634e-13 0.00563278 1.07935e-14 0.405813 1.32001e-13 0.984433 0 0.434667 9.07039e-14 -0.091516 1.18209e-13 -0.00438365 1.40652e-14 0.431528 2.10475e-14 
-0.0534614 -1.71523e-13 0.00365546 -1.85539e-13 -0.000114134 -1.8275e-13 -0.00198632 -1.51987e-13 0.0535896 1.16338e-13 -0.000367228 -6.31969e-14 -0.00263281 -3.80505e-13 0.0529668 8.11931e-13 -0.00106024 -3.12699e-13 -0.0483051 -2.84358e-16 2.5149e-05 -3.89384e-13 -0.0527855 -6.50646e-13 6.11744e-05 -2.66815e-13 -1.68547e-06 -4.92945e-13 0.0114872 -3.37719e-13 0.000966057 1.05035e-13 -0.00031352 -3.24966e-14 0.0480945 1.4678e-12 0.00229178 -2.47812e-13 0.0540908 1.72978e-12 -0.000354475 -4.39603e-14 -0.053966 -1.66643e-12 0.0480945 3.50251e-13 -0.0039078 -2.02291e-13 -0.0525378 -3.76923e-13 0.0179817 -4.10581e-13 9.20121e-05 1.68402e-13 -0.0309897 -4.39515e-13 0.0512987 9.61025e-13 -0.0409723 -1.72232e-13 -0.0503963 -1.36798e-12 0.000171849 -1.57397e-14 0.0145952 -2.48213e-13 0.0518077 5.387e-13 -0.0881794 -2.5688e-13 -0.0527532 -5.85188e-13 0.43541 -7.09359e-14 0.0051954 5.68084e-13 -0.0473272 -3.92437e-13 -0.0284388 -1.08624e-13 -0.00117609 1.98935e-13 0.434667 -9.07039e-14 1.06255 0 0.0517596 1.16025e-13 -0.04607 -4.25079e-14 -0.0477191 -1.63465e-13 
-0.0594377 -6.78526e-16 0.00201307 -1.46973e-13 -0.000338715 -1.58817e-13 -0.0018531 -9.9975e-14 0.0594507 -2.69023e-16 -4.26428e-05 -4.37464e-14 -0.00286732 -3.12923e-13 0.0585814 7.5499e-13 -0.00133191 -2.65968e-13 -0.0534614 1.70442e-13 -0.00161878 -3.20878e-13 -0.059047 -5.72795e-13 0.00215891 -2.38035e-13 9.16519e-05 -5.32679e-13 0.00112991 -2.96776e-13 0.000165971 1.04677e-13 0.00199584 -5.42288e-15 0.0535896 1.48017e-12 -0.00187288 -2.3577e-13 0.0594507 1.75158e-12 -2.2864e-05 -3.7398e-14 -0.0594391 -1.6914e-12 0.0540908 2.85553e-13 0.00658268 -1.46947e-13 -0.0578422 -2.30897e-13 0.0116043 -3.46187e-13 0.000609645 1.9408e-13 -0.000658515 -4.12157e-13 0.0587243 9.02222e-13 -0.00541552 -1.46804e-13 -0.053966 -1.37254e-12 -0.00212453 2.46999e-14 -0.0443121 -1.94037e-13 0.0565999 4.703e-13 -0.0277866 -2.15921e-13 -0.0592694 -4.78493e-13 0.0218882 -1.00105e-13 0.0010453 6.39494e-13 -0.047719 -2.48276e-13 0.431528 -3.58409e-14 0.00239221 2.64932e-13 -0.091516 -1.18209e-13 0.0517596 -1.16025e-13 1.07351 0 0.464474 -1.42527e-14 -0.0618511 5.70863e-15 
-4.26401e-05 4.34576e-14 1.0966e-05 -1.57358e-14 0.000519164 1.03805e-13 -1.5766e-05 -1.98794e-14 -2.28634e-05 4.24788e-14 2.95213e-06 -2.6938e-16 0.000140338 -8.424e-14 0.0017001 1.29631e-13 -3.09158e-05 -5.61497e-14 -0.000367226 6.30576e-14 9.43915e-05 -1.34997e-13 0.0017001 1.14062e-13 -3.09157e-05 -6.87871e-14 -0.000589191 6.19434e-14 0.000140338 -1.13293e-13 0.000519164 6.39683e-14 -1.5766e-05 -4.67135e-14 -0.000367226 4.07824e-14 1.0966e-05 -4.67268e-14 -4.26397e-05 1.61869e-14 2.95213e-06 -1.54229e-14 -2.28638e-05 1.66939e-14 -0.000354474 6.78189e-14 -0.000168255 -4.07741e-14 -0.00377467 1.31459e-13 -0.000547171 -1.14483e-13 -0.00633176 1.50021e-13 -0.000547171 -1.28904e-13 -0.00377467 1.07699e-13 -0.000168255 -6.69606e-14 -0.000354475 3.67572e-14 0.00521489 6.98782e-14 0.0012679 -3.80527e-14 0.0200249 1.11227e-13 0.00121241 -7.63741e-14 0.0200249 1.02759e-13 0.0012679 -5.17775e-14 0.00521489 4.86769e-14 -0.04607 4.96043e-14 -0.00438365 -1.0045e-14 -0.0916932 7.10569e-14 -0.00438365 -1.40652e-14 -0.04607 4.25079e-14 0.464474 1.42527e-14 0.99461 0 0.464474 1.32864e-14 
0.0594507 2.73364e-15 -0.00187288 -1.04013e-13 0.000166007 2.59968e-13 0.00199584 -1.5474e-13 -0.0594391 -8.87016e-16 -2.28607e-05 -4.28013e-14 0.00112991 -2.60525e-13 -0.059047 -4.83065e-13 0.00215891 -1.24479e-13 0.0535896 -1.13176e-13 -0.00161877 -4.13201e-13 0.0585814 8.96418e-13 -0.00133191 -1.48601e-13 9.16875e-05 6.33756e-13 -0.00286732 -2.76514e-13 -0.000338679 9.61188e-14 -0.0018531 -2.30385e-13 -0.0534614 -1.37947e-12 0.00201307 4.60993e-15 -0.0594377 -1.69802e-12 -4.26395e-05 -3.49163e-14 0.0594507 1.75319e-12 -0.053966 -2.58009e-13 -0.00541551 -2.15155e-13 0.0587243 4.72837e-13 -0.000658512 -3.29909e-13 0.000609682 1.77032e-13 0.0116043 -2.72162e-13 -0.0578422 -5.93947e-13 0.00658269 -2.09511e-13 0.0540907 1.47988e-12 0.00104535 2.08951e-14 0.0218882 -1.19486e-13 -0.0592695 -2.5476e-13 -0.0277866 -2.3936e-13 0.0565999 7.31966e-13 -0.0443121 -2.15153e-13 -0.00212448 -5.41531e-13 0.0517595 2.82364e-13 -0.091516 -1.01545e-13 0.00239225 -1.68183e-13 0.431528 -2.10475e-14 -0.0477191 1.63465e-13 -0.0618511 -5.70863e-15 0.464474 -1.32864e-14 1.07351 0 
