0 -0 0
0.000367493 2.89965e-06 8.95147e-06
0.000734987 7.97345e-06 -7.78591e-06
0.00110248 -4.07457e-06 -3.3811e-07
0.00146997 -2.7791e-07 9.57477e-08
0.00183747 -7.71999e-07 2.89252e-07
0.00220496 -7.97124e-07 -1.01121e-07
0.00257245 -1.52728e-06 -1.25462e-07
0.00293995 -2.12892e-06 -6.20871e-08
0.00330744 -2.82011e-06 -1.36043e-07
0.00367493 -3.64392e-06 -1.88942e-07
0.00404243 -4.68593e-06 -2.92794e-08
0.00440992 -6.61041e-06 2.10864e-07
0.00477741 -8.66919e-06 3.55891e-06
0.00514491 5.9036e-06 -9.81865e-06
0.0055124 -0.000175 -6.537e-05
0.00587989 0.000836318 0.00108104
0.00624739 -0.00630189 -0.0168961
0.00661488 -0.0444035 0.104347
0.00698237 0.202992 -0.053521
0.00734987 -0.0822904 -0.060513
0.00771736 0.00441366 0.0110309
0.00808485 -0.0014746 -0.000619766
0.00845234 0.000169208 0.000276875
0.00881984 -1.13929e-05 -3.10477e-05
0.00918733 -4.65765e-06 1.21468e-05
0.00955482 -1.92912e-06 4.65224e-06
0.00992232 -1.28252e-06 5.442e-06
0.0102898 1.79934e-07 4.98835e-06
0.0106573 1.66039e-06 4.70875e-06
0.0110248 2.92602e-06 4.1923e-06
0.0113923 2.44527e-06 4.70604e-06
0.0117598 1.2576e-05 1.05761e-05
0.0121273 -1.65478e-06 -4.22059e-05
0.0124948 -9.95997e-05 0.000136964
0.0128623 0.000211388 5.50931e-05
0.0132298 0.000823478 0.000696857
0.0135973 0.00114309 -0.00483242
0.0139647 -0.00811433 0.00245095
0.0143322 0.00517105 0.00438436
0.0146997 -2.86822e-05 -0.00298832
0.0150672 -0.000624195 0.000516148
0.0154347 6.52639e-05 1.58148e-05
0.0158022 -1.51681e-05 2.72413e-05
0.0161697 2.87293e-06 2.62196e-06
0.0165372 -7.02272e-06 9.60374e-07
0.0169047 -6.14104e-06 2.46096e-06
0.0172722 -4.91556e-06 3.10765e-06
0.0176397 -3.64842e-06 1.44872e-06
0.0180072 -3.79251e-06 2.06622e-06
0.0183747 -4.15451e-07 2.41166e-06
0.0187422 -9.51437e-06 -1.51634e-05
0.0191096 -3.74675e-05 8.12527e-05
0.0194771 0.000310306 -0.000137685
0.0198446 -0.00105271 -0.000410204
0.0202121 0.000805548 0.00257438
0.0205796 0.00260282 -0.00348748
0.0209471 -0.00459984 -0.000215213
0.0213146 0.00154534 0.00259744
0.0216821 0.000434477 -0.00101109
0.0220496 -0.000109392 9.53068e-05
0.0224171 -8.44393e-06 -8.26807e-05
0.0227846 -2.47351e-05 3.19183e-05
0.0231521 8.60454e-06 2.93639e-06
0.0235196 -1.49738e-06 -9.96563e-08
0.0238871 -1.47005e-07 2.98274e-06
0.0242546 -1.90653e-06 2.3968e-06
0.024622 2.59077e-07 3.85168e-06
0.0249895 -7.09782e-07 -2.23871e-07
0.025357 -3.55451e-06 2.4175e-06
0.0257245 1.56821e-06 6.26794e-06
0.026092 2.549e-06 -1.64067e-05
0.0264595 -4.94225e-05 4.77424e-05
0.026827 0.000196863 4.06466e-05
0.0271945 -0.00010504 -0.000393057
0.027562 -0.00045386 0.000372986
0.0279295 0.000538705 0.000272687
0.028297 2.08241e-05 -0.000433682
0.0286645 -0.000194327 8.81716e-05
0.029032 6.55048e-05 3.14565e-05
0.0293995 -1.56119e-05 -2.0517e-05
0.029767 -2.09178e-06 9.55526e-06
0.0301344 1.18381e-06 2.66948e-07
0.0305019 -3.75797e-07 1.28757e-06
0.0308694 6.45014e-07 -2.79286e-06
0.0312369 -1.68365e-06 3.36571e-06
0.0316044 4.46106e-07 -1.07181e-06
0.0319719 2.4879e-06 1.3746e-07
0.0323394 -5.39485e-06 4.05373e-07
0.0327069 8.81241e-06 4.10755e-06
0.0330744 -1.22965e-05 -2.03822e-05
0.0334419 -2.51476e-05 5.19657e-05
0.0338094 0.000102384 -1.24232e-05
0.0341769 -8.36827e-05 -0.000115862
0.0345444 -6.7764e-05 0.000132689
0.0349119 0.000116017 -1.14712e-05
0.0352794 -5.26899e-05 -5.11033e-05
0.0356468 -1.24337e-06 3.83608e-05
0.0360143 1.13792e-05 -1.17017e-05
0.0363818 -6.44353e-06 -7.3958e-07
0.0367493 -4.57993e-06 1.39199e-06
0.0371168 2.91455e-06 4.95513e-06
0.0374843 -2.51524e-06 -1.63429e-06
0.0378518 2.3367e-06 9.33767e-07
0.0382193 -5.33773e-06 -1.05253e-06
0.0385868 1.59799e-06 7.39926e-06
0.0389543 -3.38869e-08 -4.25972e-06
0.0393218 2.43775e-06 3.06231e-06
0.0396893 -9.69571e-06 -1.89705e-06
0.0400568 1.14457e-05 1.31776e-05
0.0404243 8.30819e-06 -1.91138e-05
0.0407918 -3.03712e-05 -7.69068e-06
0.0411592 1.14173e-06 4.17625e-05
0.0415267 3.96691e-05 -1.21142e-05
0.0418942 -2.6709e-05 -2.72266e-05
0.0422617 3.35603e-06 2.95509e-05
0.0426292 5.43875e-06 -1.29734e-05
0.0429967 2.3129e-06 2.42283e-06
0.0433642 -2.6908e-07 -1.27756e-06
0.0437317 1.68108e-06 -2.9139e-06
0.0440992 -7.18333e-07 4.85689e-07
0.0444667 4.13908e-06 5.48339e-06
0.0448342 2.47562e-06 -1.18671e-05
0.0452017 2.13326e-06 3.84386e-06
0.0455692 -8.38374e-06 -2.65029e-06
0.0459367 1.35754e-05 3.10384e-06
0.0463042 -3.06334e-06 -6.85083e-06
0.0466716 -1.78538e-06 -3.82491e-06
0.0470391 -3.49419e-06 5.96126e-06
0.0474066 1.75936e-05 -1.69681e-06
0.0477741 -1.92739e-05 -2.55586e-05
0.0481416 -5.43043e-06 2.91406e-05
0.0485091 1.37827e-05 -1.45016e-08
0.0488766 1.09956e-05 -1.59458e-05
0.0492441 -1.74615e-05 -3.73618e-06
0.0496116 3.09351e-06 4.65178e-06
0.0499791 -9.32351e-06 -3.38699e-06
0.0503466 1.20823e-05 9.65565e-06
0.0507141 -1.18466e-05 -1.74232e-05
0.0510816 2.67739e-06 1.21054e-05
0.0514491 -1.06264e-05 -1.55681e-06
0.0518165 1.45233e-05 5.83451e-06
0.052184 -1.04841e-05 -1.43367e-05
0.0525515 -3.88003e-06 1.50949e-05
0.052919 -3.2635e-06 -5.39717e-06
0.0532865 1.43393e-05 1.20374e-05
0.053654 -1.25191e-05 -1.84025e-05
0.0540215 7.88391e-07 1.63577e-05
0.054389 -7.49506e-07 -1.24214e-06
0.0547565 1.02571e-05 5.48828e-06
0.055124 -3.44545e-06 -1.49511e-05
0.0554915 -1.9525e-06 1.76235e-05
0.055859 3.08081e-06 -6.97126e-06
0.0562265 1.5582e-05 8.25469e-06
0.056594 -8.91617e-06 -1.14735e-05
0.0569615 2.29822e-06 1.07439e-05
0.0573289 1.14514e-05 1.84837e-06
0.0576964 7.80361e-06 -3.49975e-06
0.0580639 -4.46838e-06 -1.33996e-05
0.0584314 3.9205e-06 1.83863e-05
0.0587989 5.76002e-06 -5.5512e-06
0.0591664 2.15095e-05 -8.36556e-06
0.0595339 -1.90127e-05 -2.60711e-06
0.0599014 7.58704e-06 1.91688e-06
0.0602689 1.14518e-05 4.20462e-06
0.0606364 7.39406e-06 -1.16285e-05
0.0610039 -1.53871e-05 -1.39373e-05
0.0613714 1.4048e-05 1.76355e-05
0.0617389 -9.33018e-06 -1.06139e-05
0.0621064 2.50674e-05 -1.40322e-05
0.0624739 -3.55261e-05 1.38734e-06
0.0628413 1.7462e-05 -5.25662e-07
0.0632088 3.30228e-07 -3.87117e-06
0.0635763 3.93543e-06 -8.91323e-06
0.0639438 -2.98589e-05 -1.40855e-05
0.0643113 2.30906e-05 2.59071e-05
0.0646788 -1.98709e-05 -2.12375e-05
0.0650463 2.03223e-05 -7.9212e-06
0.0654138 -4.44042e-05 7.41972e-08
0.0657813 2.27411e-05 1.34645e-05
0.0661488 -5.17022e-06 -1.43155e-05
0.0665163 2.29416e-06 1.33959e-06
0.0668838 -3.31248e-05 -1.11776e-05
0.0672513 2.80249e-05 3.18204e-05
0.0676188 -1.57358e-05 -2.07963e-05
0.0679863 1.06253e-05 2.06647e-06
0.0683537 -2.87824e-05 3.23865e-06
0.0687212 2.60856e-05 2.43076e-05
0.0690887 -4.47412e-06 -2.15789e-05
0.0694562 6.09459e-06 1.27715e-05
0.0698237 -2.6542e-05 3.24469e-06
0.0701912 4.27444e-05 2.05168e-05
0.0705587 -8.92672e-06 -1.21665e-05
0.0709262 4.14038e-06 -7.8513e-07
0.0712937 -7.95195e-06 1.60131e-05
0.0716612 3.55571e-05 2.38475e-05
0.0720287 -6.92589e-06 -3.01454e-05
0.0723962 1.87694e-05 1.34622e-05
0.0727637 -3.08914e-05 1.17084e-05
0.0731312 6.37426e-05 1.81558e-06
0.0734987 -1.8416e-05 -7.68216e-06
0.0738661 1.08926e-05 -1.06256e-05
0.0742336 -4.12016e-06 1.36169e-05
0.0746011 4.42821e-05 1.19937e-05
0.0749686 -2.5704e-05 -4.44829e-05
0.0753361 3.26268e-05 1.84663e-05
0.0757036 -3.86596e-05 -2.88267e-07
0.0760711 7.27781e-05 -1.23356e-05
0.0764386 -4.39792e-05 -2.44552e-05
0.0768061 1.45753e-05 -1.33248e-07
0.0771736 -1.01304e-05 -3.49283e-06
0.0775411 4.66285e-05 4.03556e-06
0.0779086 -4.87833e-05 -6.24515e-05
0.0782761 2.67428e-05 2.94179e-05
0.0786436 -3.38156e-05 -1.20089e-05
0.0790111 5.57733e-05 -8.82093e-06
0.0793785 -5.10539e-05 -4.21714e-05
0.079746 3.84612e-06 2.6594e-05
0.0801135 -1.19612e-05 -1.95664e-05
0.080481 3.59281e-05 6.64334e-06
0.0808485 -5.67082e-05 -4.85942e-05
0.081216 1.68687e-05 3.57194e-05
0.0815835 -1.00168e-05 -1.85797e-06
0.081951 1.86257e-05 -1.06553e-05
0.0823185 -3.76737e-05 -2.52765e-05
0.082686 -3.53016e-07 5.43533e-05
0.0830535 4.82718e-07 -1.36301e-05
0.083421 3.15183e-05 -1.9199e-06
0.0837885 -6.53968e-05 -2.49724e-06
0.084156 2.43901e-05 2.91582e-05
0.0845234 1.2415e-05 3.17453e-05
0.0848909 6.00467e-06 -3.06121e-05
0.0852584 -3.14144e-05 7.66169e-06
0.0856259 1.99754e-05 5.66137e-05
0.0859934 -2.64441e-06 -1.36907e-06
0.0863609 5.48478e-05 -2.08257e-05
0.0867284 -7.84366e-05 3.65652e-05
0.0870959 6.20141e-05 6.43124e-06
0.0874634 3.98121e-06 3.53157e-05
0.0878309 2.16842e-05 -4.76607e-05
0.0881984 -4.38687e-05 1.98972e-05
0.0885659 7.47275e-05 4.45168e-05
0.0889334 -2.70732e-05 -2.59717e-05
0.0893009 7.85605e-05 -3.76132e-05
0.0896684 -9.66215e-05 4.16818e-05
0.0900358 0.000103765 -3.05518e-06
0.0904033 -8.86425e-06 -1.10973e-05
0.0907708 3.23856e-05 -4.21768e-05
0.0911383 -6.78829e-05 -3.03283e-06
0.0915058 0.000110463 4.61911e-05
0.0918733 -5.07432e-05 -6.8654e-05
0.0922408 7.53937e-05 -3.59017e-05
0.0926083 -9.70211e-05 2.51871e-05
0.0929758 9.98694e-05 -3.96591e-07
0.0933433 -1.79519e-05 -5.78573e-05
0.0937108 1.17021e-05 -1.02196e-05
0.0940783 -6.62365e-05 -1.50615e-05
0.0944458 0.000106593 4.29495e-05
0.0948133 -6.65772e-05 -8.21587e-05
0.0951808 2.99873e-05 -1.48061e-05
0.0955482 -7.37769e-05 4.13482e-05
0.0959157 8.00875e-05 -1.43194e-06
0.0962832 -2.894e-05 -6.45439e-05
0.0966507 -1.99285e-05 1.52812e-05
0.0970182 -6.18774e-05 3.01411e-05
0.0973857 9.84684e-05 1.97214e-05
0.0977532 -6.86838e-05 -4.69804e-05
0.0981207 -6.2191e-06 -3.17366e-06
0.0984882 -5.40502e-05 7.62789e-05
0.0988557 8.18638e-05 -3.1397e-06
0.0992232 -6.1577e-05 -4.14239e-05
0.0995907 9.02774e-06 2.37732e-05
0.0999582 -6.90958e-05 7.74265e-05
0.100326 0.000122628 -3.18685e-05
0.100693 -8.07244e-05 7.07824e-07
0.101061 4.1083e-06 9.43618e-06
0.101428 -2.0715e-05 7.11017e-05
0.101796 0.000121098 -7.07541e-06
0.102163 -0.000108781 -5.59563e-05
0.102531 7.88925e-05 4.9525e-05
0.102898 -7.50639e-05 7.79687e-05
0.103266 0.000173379 -8.18243e-05
0.103633 -8.87319e-05 1.9388e-06
0.104001 1.99391e-05 2.24852e-05
0.104368 2.26507e-05 2.43464e-05
0.104736 0.000136253 2.09895e-06
0.105103 -0.000122858 -0.000103954
0.105471 0.000116677 7.44138e-05
0.105838 -6.4015e-05 2.99435e-05
0.106206 0.000165623 -0.000102668
0.106573 -8.862e-05 -1.55353e-06
0.106941 1.19574e-05 2.54377e-05
0.107308 6.1556e-05 -2.10778e-05
0.107676 7.97525e-05 -1.95711e-05
0.108043 -0.00012294 -9.11581e-05
0.108411 8.85137e-05 7.80799e-05
0.108778 -2.88331e-05 8.9307e-06
0.109145 9.26009e-05 -0.000128091
0.109513 -0.000109847 2.95574e-05
0.10988 -4.87955e-06 2.11756e-05
0.110248 4.94477e-05 5.5719e-06
0.110615 3.00245e-05 -7.92056e-05
0.110983 -0.00014894 2.86905e-06
0.11135 5.71831e-05 2.58623e-05
0.111718 -1.89975e-05 5.39514e-05
0.112085 3.52869e-05 -0.000138772
0.112453 -0.00014153 8.56032e-05
0.11282 5.0446e-05 1.19653e-05
0.113188 -3.04232e-05 3.98538e-05
0.113555 6.32253e-05 -0.000114946
0.113923 -0.000198035 0.000127547
0.11429 0.00012458 -2.8577e-05
0.114658 -3.11449e-05 8.10593e-05
0.115025 3.87583e-05 -0.000119274
0.115393 -0.00016229 0.000109871
0.11576 0.000180203 5.25066e-05
0.116128 -9.6885e-05 1.13604e-05
0.116495 0.000151446 -9.65833e-05
0.116863 -0.000225263 0.000163704
0.11723 0.000224748 -2.96049e-05
0.117598 -2.87565e-05 4.56739e-05
0.117965 7.03796e-05 -5.87442e-05
0.118333 -0.000133868 5.74311e-05
0.1187 0.000260555 8.3671e-05
0.119068 -0.000116021 -6.61223e-05
0.119435 0.000176588 -4.40789e-05
0.119803 -0.000162358 0.000122603
0.12017 0.00024402 -3.32576e-05
0.120538 -2.30459e-05 -4.3344e-05
0.120905 3.51551e-05 -5.95605e-06
0.121273 -7.54015e-05 1.68167e-05
0.12164 0.000252496 4.25898e-05
0.122008 -0.000116587 -0.000109637
0.122375 8.05391e-05 -5.55083e-05
0.122743 -8.18001e-05 0.000109914
0.12311 0.000166927 -7.43116e-05
0.123478 -3.718e-05 -8.52454e-05
0.123845 -2.9387e-05 -1.22082e-05
0.124213 -7.76743e-05 3.21258e-05
0.12458 0.000196427 -6.3384e-05
0.124948 -0.000163635 -4.16291e-05
0.125315 5.37668e-06 -0.000107212
0.125683 -4.48683e-05 0.000148205
0.12605 8.62656e-05 -0.00014164
0.126418 -0.000125268 -4.78778e-05
0.126785 -9.48556e-06 -1.12313e-06
0.127153 -0.000107397 9.20005e-05
0.12752 0.00020245 -0.000150442
0.127888 -0.000252065 6.16413e-05
0.128255 2.12577e-05 -8.09814e-05
0.128623 -3.06155e-05 0.000192402
0.12899 0.000111178 -0.000131236
0.129358 -0.000212504 -4.09344e-06
0.129725 9.03228e-05 6.81624e-05
0.130093 -0.000120949 0.000137855
0.13046 0.000235806 -0.000143784
0.130828 -0.000247853 0.000123857
0.131195 8.61143e-05 1.64415e-05
0.131563 1.81631e-05 0.000144422
0.13193 0.000132486 -5.32651e-05
0.132298 -0.000221265 1.75413e-05
0.132665 0.000209594 0.0001299
0.133033 -5.22197e-05 0.000121448
0.1334 0.000184609 -0.000165404
0.133768 -0.00015762 0.000161672
0.134135 9.65278e-05 6.58099e-05
0.134503 0.000136746 4.39084e-05
0.13487 9.02914e-05 -6.75149e-05
0.135238 -0.000187189 3.15897e-05
0.135605 0.000249133 7.77915e-05
0.135973 1.17029e-05 0.000112675
0.13634 9.25267e-05 -0.000297734
0.136707 -7.82831e-05 0.000211435
0.137075 7.09606e-05 -4.68953e-05
0.137442 0.000151459 1.98432e-06
0.13781 2.15146e-05 -0.000189534
0.138177 -0.000182908 0.000105599
0.138545 0.000277928 -9.40647e-05
0.138912 -4.79002e-05 0.000103819
0.13928 2.67385e-05 -0.000410996
0.139647 -0.000134641 0.000299341
0.140015 0.000162138 -0.000177613
0.140382 -2.96985e-06 6.21672e-06
0.14075 1.77676e-05 -0.000292283
0.141117 -0.000273259 0.000252156
0.141485 0.000324459 -0.000174214
0.141852 -0.000159991 7.43679e-05
0.14222 3.27954e-05 -0.000336909
0.142587 -0.000261907 0.000312234
0.142955 0.000319666 -0.000116828
0.143322 -0.00023543 1.97998e-05
0.14369 9.92981e-05 -0.000220823
0.144057 -0.000314975 0.000362586
0.144425 0.000327601 -0.000143278
0.144792 -0.000195907 2.60926e-05
0.14516 1.24671e-06 -5.88359e-05
0.145527 -0.000228277 0.000232196
0.145895 0.000425331 3.47354e-05
0.146262 -0.000355813 -4.23144e-05
0.14663 0.000139814 -5.86935e-05
0.146997 -0.000199692 0.000441889
0.147365 0.000281156 -0.000146117
0.147732 -7.09315e-05 -2.07174e-05
0.1481 -0.000109622 0.000116024
0.148467 -3.18799e-05 0.000163765
0.148835 0.000400881 6.37634e-05
0.149202 -0.000301053 -8.63858e-05
0.14957 0.000130948 -4.97336e-05
0.149937 -1.66656e-05 0.000449497
0.150305 0.00021012 -0.000310437
0.150672 3.50104e-05 2.85644e-05
0.15104 -0.000142451 5.89195e-05
0.151407 0.000141826 0.00015394
0.151775 0.000325094 -0.000175467
0.152142 -0.00027205 -2.59973e-05
0.15251 0.000128148 -0.000138575
0.152877 9.41094e-05 0.000423317
0.153245 0.000203849 -0.000526049
0.153612 -8.04385e-05 8.47741e-05
0.15398 -4.75773e-05 -4.24539e-05
0.154347 0.000104585 0.000221018
0.154715 0.000311032 -0.000415198
0.155082 -0.000359959 9.83308e-05
0.15545 0.000111661 -0.000167186
0.155817 5.04766e-05 0.000352716
0.156185 0.00018235 -0.000502875
0.156552 -0.000307101 0.000118024
0.15692 9.64565e-05 2.74035e-06
0.157287 -6.71538e-05 0.000213936
0.157655 0.00024489 -0.000458858
0.158022 -0.000434981 0.000260195
0.15839 8.13764e-05 -3.45071e-05
0.158757 5.64581e-05 0.00022583
0.159125 5.03397e-05 -0.000329778
0.159492 -0.000428282 0.000156659
0.15986 0.000179902 0.000147237
0.160227 -6.13903e-05 0.000199318
0.160595 0.000111358 -0.000429521
0.160962 -0.000337672 0.000399806
0.16133 1.85652e-05 6.20116e-05
0.161697 0.000200053 0.000162373
0.162065 -4.43987e-05 -0.000229364
0.162432 -0.0003311 0.000275221
0.1628 0.00023962 6.49334e-05
0.163167 6.47043e-05 0.000260524
0.163535 -9.24252e-06 -0.000499569
0.163902 -9.26367e-05 0.000562173
0.164269 8.38497e-05 -7.29288e-05
0.164637 0.000281803 0.000111815
0.165004 -1.54892e-05 -0.000319328
0.165372 -0.000245819 0.000468342
0.165739 0.00046006 -0.000229302
0.166107 0.000100127 0.00033454
0.166474 -3.43717e-05 -0.000669849
0.166842 -2.12559e-05 0.000667667
0.167209 0.000261824 -0.000257459
0.167577 0.000152198 3.00762e-05
0.167944 0.000129948 -0.000399849
0.168312 -0.000366118 0.000523647
0.168679 0.000645237 -0.000441646
0.169047 -0.000115001 0.000311206
0.169414 -4.46119e-06 -0.000635627
0.169782 -0.000118604 0.000584355
0.170149 0.000353431 -0.000304515
0.170517 -0.000186411 -0.000102655
0.170884 0.000123153 -0.00024453
0.171252 -0.000443361 0.000440767
0.171619 0.000599015 -0.000429055
0.171987 -0.000336521 0.000126634
0.172354 -0.000146699 -0.00031583
0.172722 -0.000158377 0.000422911
0.173089 0.000319454 -0.000195391
0.173457 -0.000359645 -0.000144454
0.173824 -7.6212e-05 -5.19088e-05
0.174192 -0.00026162 0.000449067
0.174559 0.000272783 -0.000326815
0.174927 -0.000224731 5.72704e-05
0.175294 -0.000320617 1.6525e-06
0.175662 3.86557e-05 0.000326692
0.176029 0.00022262 -0.000160391
0.176397 -0.000327559 0.000105912
0.176764 -0.000137986 -5.84577e-05
0.177132 0.000173016 0.000649158
0.177499 -8.7278e-06 -0.000472716
0.177867 2.87343e-05 0.000258534
0.178234 -0.000324406 0.000119274
0.178602 0.000339094 0.000378606
0.178969 0.00030255 -0.000348742
0.179337 -0.000311283 0.000421097
0.179704 5.87432e-05 -0.000246514
0.180072 0.000421231 0.000875951
0.180439 4.92279e-06 -0.000755437
0.180807 0.000110495 0.000475344
0.181174 -9.46477e-05 -4.55544e-06
0.181542 0.00036763 0.000384541
0.181909 0.000372427 -0.000547418
0.182277 -0.000418808 0.000539587
0.182644 0.000337294 -0.000408737
0.183012 0.000331699 0.000681821
0.183379 4.33278e-05 -0.000880444
0.183747 -0.000122692 0.000496838
0.184114 0.000181638 -0.000121091
0.184482 0.00021092 0.000194665
0.184849 0.000180103 -0.000705389
0.185217 -0.000499753 0.000475423
0.185584 0.000296729 -0.000327879
0.185952 0.000223537 0.000243424
0.186319 -0.000121482 -0.00074689
0.186687 -0.000364564 0.000353135
0.187054 0.000252945 -0.000157855
0.187422 5.3524e-05 0.000143822
0.187789 -0.000209093 -0.000769719
0.188157 -0.000286214 0.000578038
0.188524 -1.37334e-05 -0.000272276
0.188892 0.000259898 2.68322e-05
0.189259 -0.000443781 -0.00044615
0.189627 -0.000350653 0.000477272
0.189994 0.000324893 -0.000247434
0.190362 -4.15298e-05 0.000337355
0.190729 -0.000477517 -0.000844136
0.191096 4.59956e-05 0.00106616
0.191464 -9.50982e-05 -0.000325727
0.191831 0.000348047 0.000161824
0.192199 -0.000521197 -0.000285778
0.192566 -0.000262124 0.000834966
0.192934 0.000580167 -0.000352299
0.193301 -0.000150412 0.000643571
0.193669 -0.000339636 -0.000854431
0.194036 0.00019898 0.00138484
0.194404 0.000154356 -0.000450897
0.194771 0.000178127 0.000288792
0.195139 -0.000209951 -0.000166802
0.195506 -0.000188069 0.000957713
0.195874 0.00085504 -0.000536671
0.196241 -0.000349221 0.000561085
0.196609 -0.00011904 -0.000630121
0.196976 0.000274744 0.00115922
0.197344 0.000437557 -0.000520322
0.197711 -0.000136893 -5.16598e-05
0.198079 1.00335e-05 -5.95528e-05
0.198446 -5.29193e-05 0.000708247
0.198814 0.000825169 -0.000664113
0.199181 -0.000329628 0.000152357
0.199549 -0.000232924 -0.000344244
0.199916 0.000428138 0.000602799
0.200284 0.000272991 -0.000502112
0.200651 -0.000230905 -0.000352708
0.201019 -0.000116423 7.1653e-06
0.201386 0.000247117 0.000437288
0.201754 0.000244568 -0.000832251
0.202121 -0.000132082 4.40065e-05
0.202489 -0.000557336 -9.37955e-05
0.202856 0.000710499 0.000375066
0.203224 -0.000181182 -0.000662932
0.203591 -0.000249886 -4.82887e-05
0.203959 -0.00042906 -4.25628e-05
0.204326 0.000629038 0.000680721
0.204694 -0.000369587 -0.0010431
0.205061 -3.34187e-06 0.000396123
0.205429 -0.000708485 2.69663e-05
0.205796 0.000719468 0.000625255
0.206164 -0.0002817 -0.000892243
0.206531 -0.000330977 0.000747162
0.206899 -0.000400131 -0.000280246
0.207266 0.000737847 0.00111702
0.207634 -0.000655351 -0.00113048
0.208001 1.12108e-05 0.000838447
0.208369 -0.000311829 0.000131484
0.208736 0.000442979 0.000642737
0.209104 -9.56348e-06 -0.00101271
0.209471 -0.000552247 0.00130729
0.209839 9.72776e-05 -0.000470152
0.210206 0.00078189 0.00109405
0.210574 -0.000627831 -0.00112226
0.210941 3.1171e-05 0.000847955
0.211309 0.000148399 0.000279432
0.211676 0.000319706 0.000184178
0.212044 0.000245292 -0.000944474
0.212411 -0.000531355 0.00119697
0.212779 0.000405473 -0.000574783
0.213146 0.000814597 0.000621668
0.213514 -0.000657201 -0.00100588
0.213881 0.000303057 0.000632525
0.214249 0.000239325 0.000120048
0.214616 0.000383406 -0.000251695
0.214984 -0.000134447 -0.000824476
0.215351 -0.000142194 0.00102697
0.215719 0.000267281 -0.000705646
0.216086 0.000778891 0.00014835
0.216454 -0.000948691 -0.000900176
0.216821 0.000371914 0.000811516
0.217189 0.000110462 -0.000353887
0.217556 0.000403746 -6.20582e-05
0.217924 -0.000781943 -0.000923778
0.218291 0.000184532 0.00127446
0.218658 -0.000148228 -0.000771051
0.219026 0.000467603 0.000138746
0.219393 -0.0010037 -0.000676205
0.219761 5.3981e-05 0.00118953
0.220128 0.000165955 -0.000844536
