0 0 0
0.000367493 -1.67754e-08 -6.52237e-09
0.000734987 -4.08145e-08 1.62849e-08
0.00110248 -8.93199e-08 1.1783e-09
0.00146997 -1.70887e-07 1.64579e-08
0.00183747 -2.69744e-07 3.18783e-08
0.00220496 -4.01361e-07 6.03851e-08
0.00257245 -5.60778e-07 1.00145e-07
0.00293995 -7.64808e-07 1.64671e-07
0.00330744 -1.00416e-06 2.57058e-07
0.00367493 -1.30519e-06 3.84984e-07
0.00404243 -1.68644e-06 6.09858e-07
0.00440992 -2.06478e-06 8.90332e-07
0.00477741 -2.61452e-06 1.33808e-06
0.00514491 -3.1832e-06 2.02645e-06
0.0055124 -5.01358e-06 5.9463e-06
0.00587989 0.000174503 -9.04017e-05
0.00624739 -0.00403696 -0.000675177
0.00661488 0.0175949 0.0190247
0.00698237 -0.00462383 -0.0512157
0.00734987 -0.0171865 0.0270277
0.00771736 0.00588709 -0.00212112
0.00808485 -0.000358912 -0.00010924
0.00845234 1.14226e-05 1.20802e-05
0.00881984 7.27573e-06 4.66809e-06
0.00918733 7.21614e-06 3.66024e-06
0.00955482 6.92814e-06 2.8891e-06
0.00992232 6.66776e-06 2.48014e-06
0.0102898 6.51747e-06 1.95648e-06
0.0106573 6.30389e-06 1.57076e-06
0.0110248 6.02432e-06 1.39011e-06
0.0113923 5.93829e-06 1.06296e-06
0.0117598 5.72669e-06 1.13249e-06
0.0121273 5.75822e-06 5.97162e-07
0.0124948 5.46841e-06 7.28286e-07
0.0128623 5.2269e-06 2.08372e-07
0.0132298 5.23481e-06 2.16939e-06
0.0135973 8.02874e-06 -2.83383e-06
0.0139647 -5.76286e-07 1.29797e-06
0.0143322 9.28194e-06 2.30239e-06
0.0146997 3.86938e-06 -1.90316e-06
0.0150672 5.30516e-06 9.43766e-07
0.0154347 4.48406e-06 -7.08345e-07
0.0158022 5.07545e-06 6.15266e-07
0.0161697 4.61728e-06 -4.44933e-07
0.0165372 5.18835e-06 2.3847e-07
0.0169047 4.84393e-06 -6.42077e-07
0.0172722 4.51619e-06 -2.95551e-07
0.0176397 4.58699e-06 -7.73272e-08
0.0180072 5.05259e-06 -7.21854e-07
0.0183747 4.22383e-06 3.20049e-09
0.0187422 4.69921e-06 -7.15119e-07
0.0191096 4.64764e-06 1.77141e-07
0.0194771 5.13104e-06 -1.11275e-06
0.0198446 4.01022e-06 -5.57949e-07
0.0202121 5.12396e-06 1.11136e-07
0.0205796 4.2011e-06 -1.99148e-06
0.0209471 4.39117e-06 4.74664e-07
0.0213146 4.85006e-06 -7.41688e-07
0.0216821 4.98793e-06 -7.30062e-07
0.0220496 3.81591e-06 -2.01663e-06
0.0224171 4.76055e-06 1.02333e-06
0.0227846 4.59813e-06 -2.05689e-06
0.0231521 4.34636e-06 -1.49855e-07
0.0235196 3.99723e-06 -1.41836e-06
0.0238871 5.59424e-06 1.5416e-07
0.0242546 3.62022e-06 -2.1181e-06
0.024622 4.96554e-06 5.33457e-07
0.0249895 4.30434e-06 -2.42828e-06
0.025357 4.21933e-06 5.18863e-07
0.0257245 4.96045e-06 -2.12294e-06
0.026092 4.94902e-06 -5.53048e-08
0.0264595 4.39465e-06 -1.49262e-06
0.026827 5.08232e-06 -2.42229e-06
0.0271945 2.24845e-06 -2.97835e-08
0.027562 7.43959e-06 -4.53245e-07
0.0279295 3.11197e-06 -2.75364e-06
0.028297 4.68769e-06 6.64784e-07
0.0286645 5.65598e-06 -2.91724e-06
0.029032 3.77599e-06 9.19256e-07
0.0293995 7.78746e-06 -3.59672e-06
0.029767 1.00785e-06 -1.87977e-06
0.0301344 7.57696e-06 -1.05514e-06
0.0305019 7.42728e-07 -4.91364e-07
0.0308694 7.80538e-06 -1.99159e-06
0.0312369 3.56248e-06 -1.40776e-06
0.0316044 4.57387e-06 -4.56895e-07
0.0319719 6.72942e-06 -3.18436e-06
0.0323394 3.00264e-06 -1.74154e-06
0.0327069 3.97226e-06 -3.19873e-07
0.0330744 6.5584e-06 -3.62651e-06
0.0334419 3.22272e-06 1.22965e-06
0.0338094 5.72492e-06 -4.35754e-06
0.0341769 4.30667e-06 2.26752e-06
0.0345444 8.35404e-06 -6.65674e-06
0.0349119 7.4763e-07 4.29089e-07
0.0352794 5.13496e-06 -3.31581e-06
0.0356468 8.08345e-06 -4.85538e-07
0.0360143 1.53321e-06 -3.35749e-06
0.0363818 4.39324e-06 -2.76847e-06
0.0367493 7.25756e-06 2.62633e-06
0.0371168 4.21503e-06 -1.11903e-05
0.0374843 1.67095e-06 9.1945e-06
0.0378518 7.50717e-06 -8.46115e-06
0.0382193 6.66566e-06 -7.15984e-08
0.0385868 1.23147e-06 -3.325e-06
0.0389543 9.56652e-06 6.48886e-07
0.0393218 3.71416e-06 -8.59677e-06
0.0396893 1.62759e-06 3.42323e-06
0.0400568 4.19983e-06 -6.3416e-06
0.0404243 4.32775e-06 3.76335e-06
0.0407918 8.38642e-06 -2.16993e-08
0.0411592 4.69779e-06 -1.08921e-05
0.0415267 3.69666e-06 1.1183e-05
0.0418942 1.19746e-05 -1.67178e-05
0.0422617 -7.03278e-06 3.42575e-06
0.0426292 1.24342e-05 6.67665e-06
0.0429967 1.11143e-05 -1.77155e-05
0.0433642 -4.57134e-06 3.1276e-06
0.0437317 9.60087e-06 2.41895e-06
0.0440992 6.41775e-06 -8.7468e-06
0.0444667 8.70683e-06 -6.59725e-06
0.0448342 -8.69211e-06 6.98652e-07
0.0452017 1.68307e-05 3.29989e-06
0.0455692 2.1415e-06 -1.77775e-05
0.0459367 1.61386e-06 2.18356e-05
0.0463042 1.46841e-05 -1.94863e-05
0.0466716 4.74773e-06 1.73357e-06
0.0470391 6.36768e-06 -3.8019e-06
0.0474066 1.38541e-06 -4.26062e-08
0.0477741 1.91011e-05 -7.49314e-06
0.0481416 -6.58036e-06 -1.6277e-05
0.0485091 -5.84113e-08 1.90056e-05
0.0488766 2.07863e-05 -7.90156e-06
0.0492441 7.90471e-06 -1.18361e-05
0.0496116 -8.31523e-06 -6.41431e-06
0.0499791 1.00318e-05 1.06241e-05
0.0503466 1.66578e-05 2.30362e-06
0.0507141 1.05529e-05 -2.54315e-05
0.0510816 -4.73071e-06 2.56031e-05
0.0514491 3.56109e-05 -4.06057e-05
0.0518165 -2.7908e-05 7.6389e-06
0.052184 2.15733e-05 3.24504e-06
0.0525515 3.39097e-06 -3.89371e-06
0.052919 1.07114e-05 -1.41387e-05
0.0532865 1.49765e-06 1.92375e-05
0.053654 1.8109e-05 -2.81465e-05
0.0540215 8.54683e-06 1.55662e-05
0.054389 9.38475e-06 -3.18949e-05
0.0547565 -4.42081e-06 2.1146e-05
0.055124 2.95022e-05 -6.92751e-06
0.0554915 -1.78034e-06 -2.57962e-05
0.055859 -1.31284e-06 2.51189e-05
0.0562265 3.98506e-05 -2.22964e-05
0.056594 -5.39724e-06 -1.16025e-05
0.0569615 -4.23476e-07 9.39764e-06
0.0573289 4.00113e-05 1.40925e-06
0.0576964 3.70638e-06 -3.88517e-05
0.0580639 4.02237e-06 2.60942e-05
0.0584314 2.72566e-05 1.36615e-06
0.0587989 3.55097e-05 -2.95604e-06
0.0591664 1.00677e-05 8.38064e-06
0.0595339 2.38501e-05 2.29786e-05
0.0599014 -1.25978e-05 -9.78322e-06
0.0602689 1.83693e-05 3.95255e-05
0.0606364 -7.72167e-06 -6.07131e-06
0.0610039 1.82462e-05 1.10625e-05
0.0613714 -9.6427e-06 -2.54037e-05
0.0617389 -3.21698e-05 2.86722e-05
0.0621064 3.87127e-05 2.26758e-05
0.0624739 -2.3106e-06 -4.03722e-05
0.0628413 -3.58621e-05 2.93065e-05
0.0632088 6.48435e-05 2.47584e-05
0.0635763 -2.47523e-05 -5.76664e-05
0.0639438 9.47756e-06 3.34869e-05
0.0643113 -7.4162e-06 -2.20873e-05
0.0646788 -1.23335e-06 2.70728e-05
0.0650463 2.15492e-05 -3.67663e-05
0.0654138 -1.29197e-05 4.4842e-05
0.0657813 3.32129e-05 -1.55411e-05
0.0661488 -9.60605e-06 -3.34662e-05
0.0665163 -3.00417e-06 1.64555e-05
0.0668838 2.88234e-06 1.33926e-05
0.0672513 1.45795e-05 -4.30953e-05
0.0676188 7.48649e-07 4.21155e-05
0.0679863 -1.23987e-05 -3.40071e-05
0.0683537 3.60139e-05 4.07313e-05
0.0687212 -1.66599e-05 -5.75091e-05
0.0690887 2.39064e-05 4.02706e-05
0.0694562 2.44614e-05 -3.8057e-05
0.0698237 -1.55312e-05 -2.06505e-05
0.0701912 -1.00555e-05 1.86505e-05
0.0705587 1.91634e-05 1.65877e-05
0.0709262 4.6065e-05 -5.359e-05
0.0712937 -7.34419e-05 9.76278e-07
0.0716612 6.31546e-05 7.90205e-05
0.0720287 6.45674e-05 -8.62284e-05
0.0723962 -4.30207e-05 6.75549e-06
0.0727637 6.25741e-05 7.15218e-06
0.0731312 -1.24301e-05 -2.42176e-05
0.0734987 5.24128e-05 2.07673e-05
0.0738661 3.96967e-05 -2.00018e-05
0.0742336 -3.75577e-05 1.77677e-05
0.0746011 4.36489e-05 4.06389e-05
0.0749686 -4.6156e-05 3.16547e-05
0.0753361 6.09169e-05 3.41377e-05
0.0757036 3.29764e-05 -3.60306e-05
0.0760711 -7.99165e-05 -3.62459e-05
0.0764386 -1.69034e-05 0.000135281
0.0768061 0.000148157 -0.000113333
0.0771736 -0.000210716 1.31265e-05
0.0775411 0.000125731 0.000123068
0.0779086 1.65627e-05 -0.000117458
0.0782761 -3.84015e-05 2.23782e-05
0.0786436 5.53662e-06 -2.89299e-05
0.0790111 -1.56998e-05 6.18905e-05
0.0793785 2.02238e-05 -1.32398e-05
0.079746 2.97809e-05 -6.20912e-05
0.0801135 -5.4964e-05 8.50343e-05
0.080481 6.12439e-05 -4.32437e-05
0.0808485 2.07301e-05 -9.97387e-06
0.081216 -6.17726e-05 3.18243e-05
0.0815835 9.5131e-05 1.45285e-05
0.081951 1.58736e-05 -7.56083e-05
0.0823185 -8.46995e-05 1.02618e-05
0.082686 9.24875e-05 1.59708e-05
0.0830535 -9.20411e-05 -4.34986e-05
0.083421 6.77936e-06 7.0309e-05
0.0837885 8.06468e-05 -7.58386e-06
0.084156 -6.13439e-05 -3.19734e-05
0.0845234 8.61367e-05 -2.40402e-05
0.0848909 -0.000104339 6.57168e-05
0.0852584 0.000146806 -1.04547e-05
0.0856259 -5.44415e-05 -8.51457e-05
0.0859934 -6.43248e-05 5.58924e-05
0.0863609 0.000122114 1.60952e-05
0.0867284 -4.69357e-05 -6.12882e-05
0.0870959 2.01548e-05 -7.53211e-06
0.0874634 -3.38161e-05 0.000106835
0.0878309 0.00014345 -5.3193e-05
0.0881984 -3.6337e-05 -4.8972e-05
0.0885659 -0.000109405 -3.77561e-05
0.0889334 6.12844e-05 0.000141728
0.0893009 4.09427e-05 -4.09641e-05
0.0896684 -1.78977e-05 1.34329e-05
0.0900358 9.59805e-05 -1.77566e-05
0.0904033 -1.06377e-05 -0.000151137
0.0907708 -0.000209642 0.000170979
0.0911383 0.00028459 -6.38672e-05
0.0915058 -0.00026208 -5.17264e-05
0.0918733 0.000175194 0.000120796
0.0922408 -4.38357e-05 -5.91289e-05
0.0926083 -4.71148e-05 4.30477e-05
0.0929758 0.000136356 -2.86978e-05
0.0933433 -0.000109154 -2.01298e-05
0.0937108 5.62019e-05 0.000149245
0.0940783 0.000141467 -0.000141647
0.0944458 -6.89991e-05 -0.000109286
0.0948133 -0.00023768 0.000124877
0.0951808 0.000297027 3.01479e-05
0.0955482 -0.000188189 -6.7813e-05
0.0959157 0.000107401 8.61717e-05
0.0962832 2.60577e-06 -2.79606e-05
0.0966507 -2.01883e-05 8.99312e-07
0.0970182 0.000118268 2.72974e-05
0.0973857 -9.22637e-05 -0.000123663
0.0977532 5.88124e-05 0.000145642
0.0981207 9.20534e-05 -0.00010801
0.0984882 -0.000255149 -4.00823e-05
0.0988557 0.000211076 0.000141549
0.0992232 2.79268e-06 -3.32785e-05
0.0995907 -6.30765e-05 -2.06561e-05
0.0999582 0.00023963 -8.29034e-05
0.100326 -0.000292412 -1.71783e-05
0.100693 5.21877e-05 0.000104441
0.101061 0.000107391 0.000193602
0.101428 0.000141194 -0.000350921
0.101796 -0.000301887 0.000236336
0.102163 0.000350183 1.41798e-05
0.102531 -1.11073e-05 -0.000138275
0.102898 -0.000119303 -0.000137201
0.103266 -0.000105762 0.000213087
0.103633 0.000197693 -5.27922e-05
0.104001 -9.32604e-05 6.92054e-06
0.104368 2.18583e-05 5.26264e-05
0.104736 4.89942e-05 -0.000131786
0.105103 -1.36556e-05 0.000229631
0.105471 0.000255011 -0.000130099
0.105838 -0.000167265 -6.5682e-05
0.106206 0.000110175 3.34462e-05
0.106573 -6.06676e-05 -0.000134389
0.106941 -9.4204e-05 0.000312009
0.107308 0.000259809 -0.000201986
0.107676 -0.000256673 -4.61742e-05
0.108043 0.00015016 0.000242838
0.108411 -2.73713e-06 -4.3499e-05
0.108778 0.000220776 -0.000125421
0.109145 -0.000334467 6.50449e-05
0.109513 0.000374013 -7.43598e-06
0.10988 -0.000256767 -0.000113221
0.110248 5.68264e-05 7.81204e-05
0.110615 4.05684e-05 3.08277e-05
0.110983 -3.15224e-06 -5.75009e-05
0.11135 3.65099e-05 9.20416e-05
0.111718 3.96538e-05 -0.000206856
0.112085 -0.000219233 2.12769e-05
0.112453 0.000178257 0.000196343
0.11282 -0.000133694 -0.000199453
0.113188 -4.11405e-05 0.000294409
0.113555 0.000162852 -0.000263335
0.113923 -0.000268478 0.000433347
0.11429 0.000441717 -0.00023537
0.114658 -0.000246334 -1.19445e-05
0.115025 3.75266e-07 -0.000147454
0.115393 -8.0617e-05 0.000402823
0.11576 0.000245185 -0.000370249
0.116128 -0.000569073 -4.99957e-05
0.116495 0.000342967 0.000680132
0.116863 6.674e-05 -0.000554827
0.11723 -0.000163865 6.95883e-05
0.117598 4.63619e-05 0.000200001
0.117965 -5.78861e-05 -0.000290968
0.118333 -6.77322e-05 0.000205121
0.1187 0.000255761 0.000110697
0.119068 -0.000445928 -0.000396637
0.119435 0.000203543 0.000352884
0.119803 -1.20035e-05 -7.14685e-05
0.12017 -1.61698e-05 -7.32595e-06
0.120538 2.26191e-05 6.6226e-05
0.120905 0.000154647 -0.000252494
0.121273 -0.000193954 0.000342777
0.12164 0.000139503 -0.000356095
0.122008 -0.000197398 0.000110935
0.122375 0.000268477 0.000340834
0.122743 0.00017553 -0.000338814
0.12311 -4.6049e-05 -0.000125402
0.123478 -9.48701e-06 0.000139342
0.123845 -0.000141095 -0.000211138
0.124213 9.12161e-05 0.000300463
0.12458 5.36048e-05 -0.000189327
0.124948 -9.62324e-05 -0.000253804
0.125315 -0.000104437 0.000509563
0.125683 0.00022663 -4.29434e-06
0.12605 0.00033791 -0.000241154
0.126418 -0.000501074 -0.00017627
0.126785 0.00041367 0.000584887
0.127153 0.000266985 -0.000716217
0.12752 -0.000471108 9.24955e-05
0.127888 0.000270331 1.22282e-05
0.128255 -0.000189395 0.000151295
0.128623 0.000293141 -0.00043439
0.12899 -0.000394275 0.00040543
0.129358 0.000676061 -0.000126622
0.129725 -0.000705296 -0.000588713
0.130093 0.000625365 0.00114721
0.13046 -0.000468329 -0.00126895
0.130828 0.000331395 0.000848002
0.131195 -3.68589e-06 -0.000451075
0.131563 -0.000470471 0.000244386
0.13193 0.000641663 0.000174115
0.132298 -0.000144062 -0.000308765
0.132665 -0.000205701 0.000105166
0.133033 0.000519941 0.000309795
0.1334 -0.000317915 -0.000770179
0.133768 -0.000406736 0.000736232
0.134135 0.000533148 -0.000188392
0.134503 -1.39979e-05 3.45754e-05
0.13487 -0.000413674 3.29402e-05
0.135238 0.00028282 -0.000303139
0.135605 0.00010073 0.00038368
0.135973 -0.000523515 -0.000240675
0.13634 0.000313637 0.000119328
0.136707 -0.000349585 0.00023425
0.137075 0.000463494 -9.01739e-05
0.137442 -0.000639353 0.000287396
0.13781 0.000791496 -0.000152421
0.138177 -0.000563021 -0.000168599
0.138545 -1.06376e-05 0.000430785
0.138912 0.000419866 0.000451331
0.13928 9.70084e-06 -0.0010339
0.139647 -0.000355649 0.000930134
0.140015 0.000199738 -0.000424137
0.140382 0.000305899 0.000405839
0.14075 -0.000324528 -0.000637443
0.141117 -0.000345828 0.000669076
0.141485 0.000970301 0.000218731
0.141852 -0.000780075 -0.00075945
0.14222 0.000253651 0.000343406
0.142587 -0.000219831 0.000763534
0.142955 0.000449997 -0.00108896
0.143322 -0.000979647 0.000757618
0.14369 0.00126754 0.000487492
0.144057 -0.000722147 -0.00130784
0.144425 0.000481669 0.00136752
0.144792 -0.000415451 -0.00113064
0.14516 -9.86561e-06 0.000797464
0.145527 9.50306e-05 -0.000212127
0.145895 -0.000146982 0.000282956
0.146262 0.000634942 -7.23986e-05
0.14663 -0.000508738 -0.000316702
0.146997 0.000450447 5.30955e-05
0.147365 -0.000388858 0.000325418
0.147732 0.000847014 -0.000869396
0.1481 -0.00122303 0.000410913
0.148467 0.000513722 -0.00031911
0.148835 -9.12933e-05 0.000202958
0.149202 -5.79368e-05 0.000338301
0.14957 8.57575e-05 -0.00062449
0.149937 2.25568e-05 0.00026206
0.150305 -0.000380273 0.00012829
0.150672 0.000638907 -0.000506384
0.15104 -0.000646721 0.000906625
0.151407 0.000798101 -0.00123435
0.151775 -0.000747307 0.000678139
0.152142 0.000355121 4.98034e-05
0.15251 2.55881e-06 -0.000789238
0.152877 -0.00068327 0.000743212
0.153245 0.000506003 8.21287e-05
0.153612 2.89317e-05 -0.000537632
0.15398 7.13087e-05 0.000489597
0.154347 -0.000261907 -0.000682282
0.154715 -0.0001349 0.000973379
0.155082 0.000506501 -0.000776833
0.15545 -0.000771327 0.000300232
0.155817 0.00126975 0.000460722
0.156185 -0.000792669 -0.000963244
0.156552 4.24201e-05 -0.000497416
0.15692 -0.000916712 0.00071358
0.157287 0.000414267 -0.000473922
0.157655 -0.000867254 0.00147478
0.158022 0.00103393 -0.000238344
0.15839 -0.000135331 -0.000446563
0.158757 -5.55303e-06 0.000992291
0.159125 0.00095071 -0.000679199
0.159492 -0.000776655 -0.000608331
0.15986 0.000683602 0.000638797
0.160227 -0.00119327 -0.000994373
0.160595 0.00103416 0.00130579
0.160962 -0.00105658 -0.000721601
0.16133 0.00143152 5.21354e-05
0.161697 -0.00192778 0.000798116
0.162065 0.00228956 -0.000542237
0.162432 -0.00169082 0.000641294
0.1628 0.00123727 -0.000346359
0.163167 -0.000237455 -0.000181342
0.163535 -0.000191653 0.000731558
0.163902 0.000449826 -0.00100429
0.164269 -0.000347202 0.000302855
0.164637 -0.000489218 0.000640913
0.165004 0.000247737 -0.00126702
0.165372 -0.000475248 0.00197895
0.165739 0.000368581 -0.00032144
0.166107 0.000991494 -0.000636275
0.166474 -0.00114906 0.0005418
0.166842 0.00112916 -0.000869312
0.167209 -0.00105988 0.000808463
0.167577 0.0012568 -0.000880809
0.167944 -0.0013756 0.00048608
0.168312 0.0021417 -0.000552336
0.168679 -0.00159885 -0.00178646
0.169047 -0.00130571 0.00159785
0.169414 0.000722065 0.00021898
0.169782 0.000216684 -0.00048044
0.170149 -0.000576122 0.00127506
0.170517 0.00156279 -0.000323976
0.170884 0.000412106 1.32139e-05
0.171252 -7.35185e-05 -0.00147321
0.171619 -0.000881834 0.000413774
0.171987 0.000465669 -0.000415703
0.172354 -0.000635589 0.00171699
0.172722 0.00110676 -0.00203796
0.173089 -0.00168112 0.000249922
0.173457 0.00096013 0.00124932
0.173824 -0.000506909 -0.00109909
0.174192 0.000382955 0.000736701
0.174559 -0.000433297 -0.00117168
0.174927 -0.000369584 0.00144706
0.175294 6.36459e-05 -0.000608321
0.175662 0.00071546 5.10422e-05
0.176029 -0.000529322 3.99659e-05
0.176397 0.000306429 -0.0011086
0.176764 -3.29518e-06 0.000160915
0.177132 -0.00156339 0.0002509
0.177499 0.000903458 0.000135571
0.177867 0.000119121 0.000612965
0.178234 0.000505055 -0.000830251
0.178602 -0.0010352 0.00052269
0.178969 0.00251746 0.000996224
0.179337 -0.000787683 -0.00191233
0.179704 0.000300233 -5.34844e-06
0.180072 -0.00103879 0.000379989
0.180439 0.00167446 -0.000350767
0.180807 -0.00193307 -0.00064587
0.181174 0.000676467 0.000294742
0.181542 -0.00226381 0.000934078
0.181909 0.00246575 0.000943658
0.182277 -0.00172561 0.000402987
0.182644 0.00288477 0.000922169
0.183012 0.000195752 -0.00230033
0.183379 -0.000669641 -9.01961e-05
0.183747 -0.00107281 0.000684432
0.184114 0.00215034 -0.000628353
0.184482 -0.00189586 -0.000423584
0.184849 -0.000304011 0.000102747
0.185217 9.67914e-06 0.00313126
0.185584 0.00309636 -0.00378459
0.185952 -0.00337453 0.00141573
0.186319 0.000898601 -0.00136569
0.186687 0.000549654 0.00179507
0.187054 -3.82103e-05 -0.000183657
0.187422 0.00058273 -0.00221813
0.187789 -0.00166031 0.000708723
0.188157 0.000153655 0.00219652
0.188524 0.00154949 -0.00135989
0.188892 -0.000108746 -5.25278e-05
0.189259 -0.000908343 -0.000419674
0.189627 0.000629236 0.000255461
0.189994 -0.00203793 0.00144939
0.190362 0.00365018 0.000687716
0.190729 -0.00303335 -0.000529345
0.191096 0.00352901 0.000328278
0.191464 -0.00103073 6.88588e-05
0.191831 0.000871447 -0.00145226
0.192199 -0.00189116 0.000567084
0.192566 0.00170461 -0.00184303
0.192934 -0.00352021 0.00215137
0.193301 0.00148598 -0.000941658
0.193669 0.000722917 0.000430166
0.194036 -0.0021176 -0.000749782
0.194404 0.000139088 0.00244389
0.194771 0.00184135 -0.000361811
0.195139 0.000665772 -0.000468205
0.195506 0.00125651 -0.00159177
0.195874 -0.00351925 -0.000737254
0.196241 0.0018783 0.000972098
0.196609 -0.00248112 -0.000792422
0.196976 0.00158873 0.00263755
0.197344 0.000485438 -0.00247822
0.197711 -0.00167022 0.0017109
0.198079 0.00167056 0.000581518
0.198446 0.00120531 -0.0020746
0.198814 -0.0009645 0.00153057
0.199181 0.000431834 -0.00436957
0.199549 -0.00317911 0.00390486
0.199916 0.00426372 -0.00124149
0.200284 -0.00418935 -0.00159311
0.200651 0.000683105 0.00301604
0.201019 0.000786571 -0.00110671
0.201386 0.00100462 0.00194935
0.201754 0.000718056 -0.00266133
0.202121 -0.00137098 -0.0016761
0.202489 -0.00270885 0.0035286
0.202856 0.00392221 -0.00152417
0.203224 -0.000617811 -0.000245011
0.203591 -0.00327546 -0.000328436
0.203959 0.00332419 -7.78184e-05
0.204326 -0.00282479 0.000342414
0.204694 0.00184713 0.000795432
0.205061 -0.000356801 -0.000472227
0.205429 -0.000252192 -0.00175166
0.205796 -0.00136357 0.00289875
0.206164 0.00362011 -0.000953021
0.206531 -0.00382483 -0.00109283
0.206899 0.0018117 0.001077
0.207266 -0.0020592 0.00132548
0.207634 0.00426451 0.00155784
0.208001 -0.000174009 -0.003345
0.208369 -0.00216115 -0.000782234
0.208736 -0.000394789 0.00393913
0.209104 0.0024528 -0.00212839
0.209471 -0.00249717 0.00265858
0.209839 0.00444164 -0.00133279
0.210206 -0.00296861 8.30628e-05
0.210574 0.0023261 0.000768677
0.210941 -0.000222385 -0.00236698
0.211309 -0.000406461 0.00272027
0.211676 0.00249198 -0.00261828
0.212044 -0.00367809 -0.00018307
0.212411 -0.000319259 0.00277451
0.212779 0.00105309 -0.0010136
0.213146 -0.00011766 0.00510283
0.213514 0.00369624 -0.00530886
0.213881 -0.00431605 0.00203964
0.214249 0.00665937 0.000429188
0.214616 -0.00339599 -0.00448652
0.214984 -0.00073476 0.00219692
0.215351 -0.00137996 -0.00212973
0.215719 0.00259859 0.0036585
0.216086 -0.00103441 -0.00321986
0.216454 5.27191e-05 7.38076e-05
0.216821 -0.000960519 0.00305095
0.217189 0.00163922 -0.000888601
0.217556 0.00391773 -0.000234517
0.217924 -0.00315855 -0.00304972
0.218291 -0.00261624 -2.97178e-05
0.218658 0.00206401 0.00100965
0.219026 -0.00534245 0.00191688
0.219393 0.00494942 0.00145581
0.219761 -0.00219143 -0.00209975
0.220128 -0.000561148 0.00256583
