# i j  (0-based site indices for each bond)
0 1
0 5
1 2
1 42
2 3
2 6
3 4
3 9
4 5
6 7
6 44
7 8
7 10
8 9
8 13
10 11
10 46
11 12
11 14
12 13
12 17
14 15
14 48
15 16
15 18
16 17
16 21
18 19
18 50
19 20
19 22
20 21
20 25
22 23
22 52
23 24
23 26
24 25
24 29
26 27
26 54
27 28
27 30
28 29
28 33
30 31
30 56
31 32
31 34
32 33
32 37
34 35
34 58
35 36
35 38
36 37
36 41
38 39
38 60
39 40
40 41
42 43
43 44
43 61
44 45
45 46
45 63
46 47
47 48
47 65
48 49
49 50
49 67
50 51
51 52
51 69
52 53
53 54
53 71
54 55
55 56
55 73
56 57
57 58
57 75
58 59
59 60
59 77
61 62
62 63
62 78
63 64
64 65
64 80
65 66
66 67
66 82
67 68
68 69
68 84
69 70
70 71
70 86
71 72
72 73
72 88
73 74
74 75
74 90
75 76
76 77
76 92
78 79
79 80
79 93
80 81
81 82
81 95
82 83
83 84
83 97
84 85
85 86
85 99
86 87
87 88
87 101
88 89
89 90
89 103
90 91
91 92
91 105
93 94
94 95
94 106
95 96
96 97
96 108
97 98
98 99
98 110
99 100
100 101
100 112
101 102
102 103
102 114
103 104
104 105
104 116
106 107
107 108
107 117
108 109
109 110
109 119
110 111
111 112
111 121
112 113
113 114
113 123
114 115
115 116
115 125
117 118
118 119
118 126
119 120
120 121
120 128
121 122
122 123
122 130
123 124
124 125
124 132
126 127
127 128
127 133
128 129
129 130
129 135
130 131
131 132
131 137
133 134
134 135
134 138
135 136
136 137
136 140
138 139
139 140
