0 -0 0
0.000367493 1.70445e-07 8.62189e-07
0.000734987 1.63188e-06 -9.63376e-07
0.00110248 -1.03609e-06 -6.5643e-07
0.00146997 1.75487e-09 3.48441e-07
0.00183747 8.81166e-08 3.8399e-08
0.00220496 8.11397e-08 4.8906e-08
0.00257245 9.86405e-08 9.13571e-08
0.00293995 1.29342e-07 1.45642e-07
0.00330744 1.52766e-07 2.14667e-07
0.00367493 1.69023e-07 2.90358e-07
0.00404243 1.93995e-07 3.77645e-07
0.00440992 2.42212e-07 5.06727e-07
0.00477741 2.92807e-07 6.93462e-07
0.00514491 3.09132e-07 9.61648e-07
0.0055124 2.47924e-07 1.34809e-06
0.00587989 3.10247e-08 1.82157e-06
0.00624739 -4.38257e-07 2.2829e-06
0.00661488 -1.24989e-06 2.59392e-06
0.00698237 -2.25653e-06 2.36711e-06
0.00734987 -2.79605e-06 1.59178e-06
0.00771736 -2.7604e-06 9.22202e-07
0.00808485 -2.55217e-06 5.77362e-07
0.00845234 -2.32758e-06 4.48704e-07
0.00881984 -2.06875e-06 4.41056e-07
0.00918733 -1.8291e-06 5.56921e-07
0.00955482 -1.69588e-06 8.21883e-07
0.00992232 -1.57779e-06 1.16611e-06
0.0102898 -1.37324e-06 1.53447e-06
0.0106573 -1.16258e-06 2.07508e-06
0.0110248 -9.58331e-07 2.93515e-06
0.0113923 -7.32963e-07 4.10503e-06
0.0117598 -6.14047e-07 5.652e-06
0.0121273 -7.04703e-07 7.81892e-06
0.0124948 -1.11024e-06 1.08448e-05
0.0128623 -2.26878e-06 1.50507e-05
0.0132298 -5.22893e-06 2.08483e-05
0.0135973 -1.21481e-05 2.7951e-05
0.0139647 -2.58803e-05 3.30766e-05
0.0143322 -4.41911e-05 2.86002e-05
0.0146997 -5.59848e-05 1.3586e-05
0.0150672 -5.71606e-05 -1.29496e-06
0.0154347 -5.38105e-05 -1.01797e-05
0.0158022 -5.08482e-05 -1.41538e-05
0.0161697 -4.9719e-05 -1.6526e-05
0.0165372 -5.82466e-05 -7.60729e-06
0.0169047 -2.85198e-05 -2.72669e-06
0.0172722 0.00143079 0.000886579
0.0176397 -0.0101611 -0.0294935
0.0180072 -0.0510317 0.152858
0.0183747 0.213089 -0.153286
0.0187422 -0.138297 0.00271169
0.0191096 0.0197795 0.0133037
0.0194771 -0.000478262 -0.00111531
0.0198446 3.66794e-05 4.56595e-05
0.0202121 -2.99177e-06 1.74335e-05
0.0205796 4.92801e-06 2.05526e-05
0.0209471 7.21858e-06 1.47486e-05
0.0213146 8.79845e-06 1.06681e-05
0.0216821 1.06794e-05 7.87753e-06
0.0220496 1.3261e-05 7.01118e-06
0.0224171 1.51447e-05 7.71805e-06
0.0227846 1.43465e-05 8.50915e-06
0.0231521 1.30804e-05 8.3202e-06
0.0235196 1.35284e-05 7.56702e-06
0.0238871 1.45497e-05 7.48639e-06
0.0242546 1.46119e-05 9.39547e-06
0.024622 1.29632e-05 1.17459e-05
0.0249895 1.01868e-05 1.19068e-05
0.025357 7.89627e-06 1.06341e-05
0.0257245 6.73289e-06 9.58299e-06
0.026092 6.03496e-06 8.81501e-06
0.0264595 5.62337e-06 7.82732e-06
0.026827 5.31076e-06 6.9628e-06
0.0271945 4.62734e-06 6.51141e-06
0.027562 4.40342e-06 5.7258e-06
0.0279295 4.72894e-06 4.18037e-06
0.028297 4.67866e-06 3.28609e-06
0.0286645 5.27684e-06 3.4091e-06
0.029032 7.07104e-06 3.0559e-06
0.0293995 7.58231e-06 3.26023e-06
0.029767 6.24445e-06 5.10909e-06
0.0301344 5.48909e-06 5.85253e-06
0.0305019 4.99839e-06 4.44893e-06
0.0308694 3.99276e-06 3.41814e-06
0.0312369 4.07396e-06 3.36146e-06
0.0316044 5.54202e-06 2.69161e-06
0.0319719 7.00681e-06 1.92381e-06
0.0323394 7.63779e-06 2.77106e-06
0.0327069 7.56934e-06 5.37644e-06
0.0330744 7.11056e-06 7.27572e-06
0.0334419 5.87885e-06 6.86444e-06
0.0338094 3.24128e-06 6.45558e-06
0.0341769 2.11275e-06 6.8811e-06
0.0345444 3.05219e-06 5.85246e-06
0.0349119 3.64676e-06 2.87546e-06
0.0352794 -3.34238e-05 7.4411e-06
0.0356468 0.000199945 0.000159029
0.0360143 -0.000154156 -0.00100354
0.0363818 -0.00135816 0.00192471
0.0367493 0.00314979 -0.000476134
0.0371168 -0.00185103 -0.00168738
0.0374843 -0.00018022 0.00108037
0.0378518 0.000244685 -7.51811e-05
0.0382193 -1.96122e-05 -2.47306e-05
0.0385868 -1.70335e-06 4.88497e-06
0.0389543 1.60286e-06 2.34693e-06
0.0393218 5.00935e-07 1.27358e-06
0.0396893 1.05318e-06 2.55739e-06
0.0400568 2.12133e-06 2.30334e-06
0.0404243 8.97572e-07 1.30064e-06
0.0407918 3.44412e-07 2.69865e-06
0.0411592 2.23747e-06 3.07972e-06
0.0415267 1.58037e-06 8.83825e-07
0.0418942 -7.58886e-07 1.09397e-06
0.0422617 6.44627e-07 2.72355e-06
0.0426292 2.11899e-06 1.40069e-06
0.0429967 1.4868e-07 -1.27576e-07
0.0433642 -4.69728e-07 7.24337e-07
0.0437317 9.00139e-07 1.46908e-06
0.0440992 6.03698e-07 6.76354e-07
0.0444667 -3.41161e-07 -3.18331e-07
0.0448342 -2.62667e-07 6.43108e-07
0.0452017 5.77767e-07 2.07593e-06
0.0455692 1.3522e-06 -1.13762e-08
0.0459367 3.86086e-07 -1.85095e-06
0.0463042 -4.81957e-07 8.45177e-07
0.0466716 9.86608e-07 1.21305e-06
0.0470391 1.12412e-06 -2.11102e-06
0.0474066 -4.79427e-07 -1.04849e-06
0.0477741 3.16108e-07 9.09536e-07
0.0481416 1.13791e-06 -1.82046e-06
0.0485091 -1.54593e-07 -2.13156e-06
0.0488766 1.54176e-07 7.32004e-07
0.0492441 1.17336e-06 8.4786e-08
0.0496116 6.21012e-07 -8.68537e-07
0.0499791 8.9108e-07 5.99222e-07
0.0503466 1.38524e-06 1.03279e-07
0.0507141 7.13849e-07 -1.54932e-06
0.0510816 7.576e-07 -1.45578e-06
0.0514491 8.39271e-07 -4.76932e-07
0.0518165 8.41006e-07 -1.36646e-07
0.052184 1.63754e-06 -1.93527e-06
0.0525515 2.58614e-07 -2.73278e-06
0.052919 -1.61918e-06 4.2608e-07
0.0532865 2.97779e-06 -1.61488e-07
0.053654 -1.0122e-05 -1.22612e-05
0.0540215 3.86865e-06 5.96526e-05
0.054389 0.000126097 -0.000125124
0.0547565 -0.000356206 -5.53979e-05
0.055124 0.000205678 0.000449686
0.0554915 0.000255949 -0.000356881
0.055859 -0.000241683 -1.70787e-05
0.0562265 5.74863e-05 7.30554e-05
0.056594 7.61002e-06 -3.05683e-05
0.0569615 -7.72118e-06 7.48756e-08
0.0573289 1.84389e-06 -1.25404e-06
0.0576964 1.89015e-06 -2.03359e-06
0.0580639 -1.85214e-06 -1.60468e-06
0.0584314 -1.55457e-06 6.99264e-08
0.0587989 3.19705e-06 3.4635e-08
0.0591664 1.45955e-06 -3.0959e-06
0.0595339 -2.31224e-06 -1.89963e-06
0.0599014 2.26928e-06 1.4911e-08
0.0602689 3.32672e-06 -3.93351e-06
0.0606364 -3.23914e-06 -3.50339e-06
0.0610039 -1.00802e-06 9.05522e-07
0.0613714 4.51983e-06 -2.83733e-06
0.0617389 -1.10626e-06 -5.9074e-06
0.0621064 -4.77785e-06 -9.72245e-07
0.0624739 1.29637e-06 -1.27089e-07
0.0628413 2.4033e-06 -3.32694e-06
0.0632088 -2.77808e-06 -2.16797e-06
0.0635763 -1.98116e-06 -1.72451e-07
0.0639438 3.99239e-06 -6.66459e-07
0.0643113 3.91484e-06 -4.0201e-06
0.0646788 -3.04228e-06 -6.60145e-06
0.0650463 -2.52678e-06 -1.10472e-06
0.0654138 5.88248e-06 1.32794e-06
0.0657813 2.53799e-06 -7.86212e-06
0.0661488 -6.62663e-06 -7.40731e-06
0.0665163 -4.34177e-07 2.95661e-06
0.0668838 5.31596e-06 -2.45107e-06
0.0672513 -3.88521e-06 -1.03214e-05
0.0676188 -5.17428e-06 -3.28422e-07
0.0679863 4.48733e-06 4.44866e-06
0.0683537 3.76991e-06 -5.43423e-06
0.0687212 -2.01956e-06 -7.26145e-06
0.0690887 -8.12479e-07 -4.30782e-07
0.0694562 1.56424e-06 -5.6846e-07
0.0698237 1.36689e-06 -6.30159e-06
0.0701912 -1.10764e-06 -6.6961e-06
0.0705587 -1.99691e-06 -5.26063e-07
0.0709262 2.4829e-06 -1.32173e-06
0.0712937 1.3087e-06 -9.10354e-06
0.0716612 -5.6416e-06 -4.9159e-06
0.0720287 -3.14212e-06 6.42927e-06
0.0723962 1.33915e-05 -3.63089e-06
0.0727637 -1.31776e-05 -2.51799e-05
0.0731312 -1.48076e-05 4.00302e-05
0.0734987 6.53022e-05 -5.48225e-06
0.0738661 -1.84274e-05 -6.95002e-05
0.0742336 -3.70106e-05 1.6196e-05
0.0746011 1.32414e-05 1.32131e-05
0.0749686 4.55295e-06 -1.35556e-05
0.0753361 -2.39025e-06 -1.07223e-05
0.0757036 -3.83802e-06 -1.06449e-06
0.0760711 -1.98762e-06 -2.27053e-07
0.0764386 3.31891e-06 -5.84351e-06
0.0768061 -2.9062e-07 -5.46282e-06
0.0771736 -6.87028e-06 1.78232e-06
0.0775411 4.31878e-06 1.45578e-06
0.0779086 1.04463e-05 -1.01355e-05
0.0782761 -5.88448e-06 -9.69346e-06
0.0786436 -5.90103e-06 1.74243e-06
0.0790111 1.02934e-05 -3.55582e-06
0.0793785 2.25775e-06 -1.2035e-05
0.079746 -9.16085e-06 -3.21144e-06
0.0801135 1.47838e-06 -7.76303e-07
0.080481 4.1724e-06 -8.91481e-06
0.0808485 -5.53319e-06 -5.55195e-06
0.081216 -4.02506e-06 -2.77168e-07
0.0815835 2.33471e-06 -2.79575e-06
0.081951 3.25652e-06 -2.92062e-06
0.0823185 7.79181e-07 -4.46082e-06
0.082686 -1.48232e-06 -7.64679e-06
0.0830535 2.30271e-06 -5.46867e-06
0.083421 1.82518e-06 -5.9311e-06
0.0837885 -5.40437e-06 -6.96811e-06
0.084156 1.69206e-06 -3.28377e-06
0.0845234 7.13774e-06 -6.46599e-06
0.0848909 -8.26687e-06 -8.57153e-06
0.0852584 -6.73411e-06 -2.48935e-07
0.0856259 9.96884e-06 -2.18424e-06
0.0859934 -1.68159e-06 -9.33511e-06
0.0863609 -9.71981e-06 -1.00385e-06
0.0867284 1.17557e-05 1.34605e-06
0.0870959 1.12551e-05 -1.11867e-05
0.0874634 -9.04885e-06 -1.16057e-05
0.0878309 -3.09403e-06 -2.52035e-06
0.0881984 7.54508e-06 -2.93149e-06
0.0885659 -8.19291e-07 -9.22568e-06
0.0889334 -6.61699e-06 -1.14447e-05
0.0893009 -2.95858e-06 -3.85193e-06
0.0896684 2.17982e-06 6.60298e-07
0.0900358 -3.22289e-07 -1.07537e-05
0.0904033 -1.03376e-05 -8.44989e-06
0.0907708 9.86385e-07 1.07715e-05
0.0911383 1.53394e-05 -5.01704e-06
0.0915058 -5.23461e-06 -1.88453e-05
0.0918733 -3.70899e-06 -2.67061e-07
0.0922408 1.01583e-05 -1.22389e-06
0.0926083 1.56687e-06 -1.36561e-05
0.0929758 -9.43777e-06 -1.08074e-05
0.0933433 2.98239e-06 2.89609e-06
0.0937108 6.88772e-06 -8.7725e-06
0.0940783 -9.90403e-06 -1.65744e-05
0.0944458 -4.50989e-06 -2.30787e-06
0.0948133 5.92531e-06 2.716e-06
0.0951808 2.17276e-07 -7.6263e-06
0.0955482 -1.16077e-06 -1.07286e-05
0.0959157 2.30396e-06 1.78434e-06
0.0962832 6.31787e-06 1.33883e-06
0.0966507 5.78249e-06 -2.24667e-05
0.0970182 -1.00066e-05 -1.77835e-05
0.0973857 -8.42022e-06 1.23369e-05
0.0977532 1.48793e-05 -4.21631e-06
0.0981207 2.18981e-06 -3.0923e-05
0.0984882 -2.10413e-05 1.11272e-07
0.0988557 2.48091e-06 1.60576e-05
0.0992232 1.54055e-05 -1.86264e-05
0.0995907 -1.19748e-05 -1.67083e-05
0.0999582 -1.08946e-05 1.49797e-05
0.100326 1.64644e-05 3.02444e-06
0.100693 1.36909e-05 -2.24262e-05
0.101061 -7.23776e-06 -1.54211e-05
0.101428 -9.80203e-06 9.06018e-08
0.101796 6.73304e-06 -4.23232e-06
0.102163 9.63578e-06 -2.06272e-05
0.102531 -1.36115e-05 -1.45184e-05
0.102898 -1.12766e-05 6.93754e-06
0.103266 1.72683e-05 -6.61425e-06
0.103633 2.18996e-08 -2.3339e-05
0.104001 -2.53428e-05 4.96786e-06
0.104368 7.99576e-06 1.28538e-05
0.104736 2.20448e-05 -1.77673e-05
0.105103 -1.19079e-05 -1.17129e-05
0.105471 -3.82644e-06 4.98488e-06
0.105838 2.23175e-05 -1.59969e-05
0.106206 -1.98082e-06 -1.99705e-05
0.106573 -1.8309e-05 2.20294e-07
0.106941 6.42858e-06 -2.30861e-06
0.107308 1.23618e-05 -1.21226e-05
0.107676 -1.05173e-05 -1.26514e-05
0.108043 -1.61646e-05 -7.11843e-06
0.108411 6.31269e-06 4.21761e-06
0.108778 1.3627e-05 -6.82808e-06
0.109145 -1.24004e-05 -2.00257e-05
0.109513 -8.76119e-06 6.16959e-06
0.10988 2.89377e-05 5.10841e-06
0.110248 9.29354e-06 -3.6994e-05
0.110615 -3.08678e-05 -2.00495e-05
0.110983 5.23374e-07 1.68859e-05
0.11135 2.36089e-05 -1.11702e-05
0.111718 -1.5161e-05 -2.85227e-05
0.112085 -1.97212e-05 2.16096e-06
0.112453 1.22923e-05 6.30229e-06
0.11282 3.81845e-06 -1.29425e-05
0.113188 -1.37362e-05 -1.25608e-05
0.113555 -5.80424e-07 5.34012e-08
0.113923 1.41207e-05 7.65979e-06
0.11429 1.38181e-05 -1.10539e-05
0.114658 1.44796e-06 -2.94245e-05
0.115025 -4.56433e-06 -4.32993e-06
0.115393 5.04334e-06 1.81196e-06
0.11576 -1.86928e-06 -2.99598e-05
0.116128 -1.29675e-05 -1.19823e-05
0.116495 4.38857e-06 1.18961e-05
0.116863 4.13687e-06 -2.40262e-05
0.11723 -1.65574e-05 -2.06593e-05
0.117598 -2.07897e-07 2.00118e-05
0.117965 1.21828e-05 -4.79872e-06
0.118333 -9.47047e-06 -2.41787e-05
0.1187 -3.82083e-07 1.04576e-05
0.119068 2.12931e-05 4.25447e-07
0.119435 1.71696e-06 -3.53317e-05
0.119803 -1.42512e-05 -1.86891e-05
0.12017 -3.99756e-06 4.45884e-06
0.120538 3.30312e-06 -5.14979e-06
0.120905 3.25314e-06 -2.19564e-05
0.121273 -9.51619e-06 -1.82791e-05
0.12164 -1.16481e-05 8.45053e-06
0.122008 1.53909e-05 1.2261e-06
0.122375 8.29085e-06 -3.23505e-05
0.122743 -2.11114e-05 -7.96172e-07
0.12311 1.00997e-05 2.8889e-05
0.123478 3.36382e-05 -2.8937e-05
0.123845 -9.93652e-06 -4.28975e-05
0.124213 -1.84505e-05 1.15366e-05
0.12458 1.315e-05 -7.91494e-06
0.124948 -2.02557e-07 -4.01451e-05
0.125315 -1.7346e-05 3.38428e-06
0.125683 -1.41422e-07 1.20266e-05
0.12605 5.58481e-06 -2.36626e-05
0.126418 -5.51823e-06 -1.07013e-05
0.126785 -1.23898e-05 1.00603e-05
0.127153 6.75562e-08 -1.84748e-06
0.12752 2.21156e-05 -1.26369e-05
0.127888 4.82535e-06 -1.37395e-05
0.128255 -1.10668e-05 -4.39302e-06
0.128623 2.65615e-05 -1.27476e-05
0.12899 1.3019e-05 -4.31385e-05
0.129358 -4.65673e-05 -1.54117e-05
0.129725 -3.47219e-06 2.52413e-05
0.130093 4.47675e-05 -2.44065e-05
0.13046 -2.51804e-05 -4.57083e-05
0.130828 -4.28627e-05 2.25656e-05
0.131195 3.2289e-05 1.79032e-05
0.131563 2.0008e-05 -4.11809e-05
0.13193 -3.7568e-05 -1.24846e-05
0.132298 -4.734e-06 2.55494e-05
0.132665 4.49206e-05 -1.08401e-05
0.133033 1.81938e-05 -4.41146e-05
0.1334 -3.46853e-05 -2.71999e-05
0.133768 -1.95875e-05 1.07319e-05
0.134135 3.61284e-05 7.47719e-06
0.134503 3.53659e-06 -3.87798e-05
0.13487 -5.47648e-05 -1.87494e-05
0.135238 1.00144e-05 3.48267e-05
0.135605 5.10955e-05 -1.38446e-05
0.135973 -3.40043e-05 -5.15102e-05
0.13634 -3.00397e-05 2.1457e-05
0.136707 5.67135e-05 2.82692e-05
0.137075 1.89041e-05 -4.7029e-05
0.137442 -3.43963e-05 -3.36427e-05
0.13781 1.21985e-05 8.30744e-06
0.138177 1.5636e-05 -2.36551e-05
0.138545 -2.95517e-05 -4.03376e-05
0.138912 -1.94359e-05 -3.25409e-06
0.13928 7.12644e-06 1.46365e-05
0.139647 7.42713e-06 -1.53406e-05
0.140015 -1.29455e-05 -3.66843e-05
0.140382 -2.29155e-05 7.38263e-06
0.14075 2.18099e-05 2.97052e-05
0.141117 3.2936e-05 -3.56931e-05
0.141485 -2.50289e-05 -3.47886e-05
0.141852 3.64664e-06 3.95313e-05
0.14222 6.10979e-05 -1.36968e-05
0.142587 -1.7283e-05 -8.73646e-05
0.142955 -6.08301e-05 -4.40439e-07
0.143322 2.3628e-05 4.44e-05
0.14369 2.74978e-05 -4.54318e-05
0.144057 -3.49521e-05 -4.73726e-05
0.144425 -1.41189e-05 3.12753e-05
0.144792 1.87695e-05 1.6136e-05
0.14516 8.28861e-06 -3.93846e-05
0.145527 -9.1255e-06 -2.16479e-05
0.145895 -1.72133e-05 2.62456e-05
0.146262 2.48271e-05 4.19119e-06
0.14663 4.42862e-05 -6.24136e-05
0.146997 -3.20152e-05 -3.99215e-05
0.147365 -3.78376e-05 2.42619e-05
0.147732 3.67725e-05 -1.68812e-05
0.1481 -4.48302e-06 -4.74553e-05
0.148467 -4.84382e-05 2.11954e-05
0.148835 2.58658e-05 1.3439e-05
0.149202 2.61046e-05 -4.65129e-05
0.14957 -3.34127e-05 -1.03315e-06
0.149937 6.72062e-06 2.47989e-05
0.150305 3.24022e-05 -3.07239e-05
0.150672 -5.55391e-06 -2.21118e-05
0.15104 4.91977e-06 3.36725e-06
0.151407 1.9188e-05 -3.91848e-05
0.151775 -5.88454e-06 -5.17353e-05
0.152142 -2.13613e-05 -1.42661e-05
0.15251 -2.3893e-05 7.68479e-06
0.152877 6.36657e-06 -2.8082e-07
0.153245 2.08612e-05 -2.79218e-05
0.153612 -3.93936e-05 -1.00716e-05
0.15398 -2.31015e-05 3.33957e-05
0.154347 6.11097e-05 -1.40653e-05
0.154715 -1.93078e-06 -4.86085e-05
0.155082 -5.50016e-05 2.71435e-05
0.15545 6.12428e-05 1.98243e-05
0.155817 6.09207e-05 -7.15586e-05
0.156185 -6.67066e-05 -4.1195e-05
0.156552 -2.89198e-05 1.39218e-05
0.15692 4.46719e-05 -2.24232e-05
0.157287 -1.90542e-05 -2.77069e-05
0.157655 -3.97935e-05 -5.52046e-07
0.158022 1.81385e-05 -5.3514e-06
0.15839 2.16447e-05 -7.45807e-06
0.158757 -1.26604e-05 -2.20247e-05
0.159125 -1.93238e-05 -2.1771e-05
0.159492 2.19008e-05 1.64987e-05
0.15986 4.38113e-05 -1.81835e-05
0.160227 -1.55372e-05 -6.07688e-05
0.160595 -1.79217e-05 6.24615e-07
0.160962 4.45238e-05 -6.56354e-06
0.16133 -2.7421e-05 -7.04656e-05
0.161697 -8.4893e-05 1.0889e-05
0.162065 4.12547e-05 5.64652e-05
0.162432 5.38973e-05 -5.10188e-05
0.1628 -7.45854e-05 -4.39857e-05
0.163167 -1.51366e-05 5.10017e-05
0.163535 8.75179e-05 6.6136e-06
0.163902 -2.02924e-06 -5.91524e-05
0.164269 -5.22716e-05 -1.83632e-05
0.164637 3.70422e-05 2.3963e-05
0.165004 6.13825e-05 -1.97557e-05
0.165372 -1.96019e-05 -0.000100185
0.165739 -7.38063e-05 -5.07093e-05
0.166107 -1.23124e-05 7.59274e-05
0.166474 5.57274e-05 -3.1238e-06
0.166842 -2.60607e-05 -0.000114358
0.167209 -7.44521e-05 3.7455e-05
0.167577 5.22581e-05 9.27036e-05
0.167944 6.29682e-05 -9.7605e-05
0.168312 -6.65402e-05 -6.63199e-05
0.168679 -1.62664e-05 0.000100702
0.169047 8.91057e-05 -2.89916e-06
0.169414 1.43404e-05 -0.000117349
0.169782 -4.94291e-05 -1.88366e-05
0.170149 -3.10338e-06 2.18036e-05
0.170517 1.25186e-05 -4.54421e-05
0.170884 -1.72747e-05 -4.7166e-05
0.171252 -3.23913e-05 1.65015e-05
0.171619 8.25991e-06 3.89182e-05
0.171987 5.224e-05 -3.93883e-05
0.172354 -1.65906e-05 -6.42281e-05
0.172722 -5.24899e-05 5.15802e-05
0.173089 5.95963e-05 2.70554e-05
0.173457 4.85651e-05 -0.000111965
0.173824 -7.27468e-05 -1.61051e-05
0.174192 5.47756e-06 6.84031e-05
0.174559 7.79394e-05 -0.00010424
0.174927 -7.06502e-05 -0.000101899
0.175294 -0.00010009 9.04626e-05
0.175662 5.24931e-05 3.30452e-05
0.176029 5.15836e-05 -8.65976e-05
0.176397 -5.85937e-05 -2.02227e-06
0.176764 -3.15892e-05 4.76945e-05
0.177132 7.29843e-05 -1.42722e-05
0.177499 5.31587e-05 -5.26798e-05
0.177867 -6.16528e-05 -3.6527e-05
0.178234 -1.64412e-05 2.51378e-05
0.178602 0.000124483 -9.47628e-06
0.178969 1.5365e-05 -0.0001277
0.179337 -0.00013938 -4.90779e-05
0.179704 6.46573e-06 7.43699e-05
0.180072 8.50429e-05 -3.26786e-05
0.180439 -8.24096e-05 -6.76395e-05
0.180807 -5.69494e-05 5.85221e-05
0.181174 8.9986e-05 1.68034e-05
0.181542 7.29671e-06 -6.63496e-05
0.181909 -6.43185e-05 -2.39854e-06
0.182277 3.07767e-05 8.69179e-06
0.182644 4.81824e-05 -2.90513e-05
0.183012 -8.17072e-06 -2.14565e-05
0.183379 -6.47501e-06 -4.93332e-05
0.183747 8.94501e-06 -4.32101e-05
0.184114 -1.18905e-05 -3.463e-06
0.184482 -5.75948e-05 -3.27926e-05
0.184849 -2.65302e-05 2.63165e-06
0.185217 6.80012e-05 4.75942e-05
0.185584 9.15768e-06 -5.80897e-05
0.185952 -7.25782e-05 -4.97336e-05
0.186319 5.96182e-05 6.90093e-05
0.186687 8.45798e-05 -3.86313e-05
0.187054 -8.37137e-05 -0.000111489
0.187422 -1.72707e-05 4.70545e-05
0.187789 0.000117918 1.63303e-05
0.188157 -2.68455e-05 -0.000145602
0.188524 -0.000110302 -5.21302e-05
0.188892 6.11379e-06 6.9599e-05
0.189259 1.6281e-05 -1.68401e-07
0.189627 -2.92531e-05 -4.95518e-05
0.189994 -2.91611e-06 1.59312e-06
0.190362 1.87057e-05 4.50435e-05
0.190729 4.35844e-05 -1.04755e-05
0.191096 1.91721e-05 -8.91711e-05
0.191464 -3.47518e-05 1.53281e-06
0.191831 4.13141e-05 6.77664e-05
0.192199 6.55455e-05 -9.78094e-05
0.192566 -6.02034e-05 -0.000113772
0.192934 -3.36083e-05 5.52199e-05
0.193301 3.39356e-05 -3.58991e-05
0.193669 -7.9262e-05 -0.000122408
0.194036 -5.79708e-05 8.1243e-05
0.194404 8.31963e-05 7.55988e-05
0.194771 8.44581e-06 -0.000129183
0.195139 -6.13488e-05 -3.12079e-05
0.195506 3.39011e-05 9.92357e-05
0.195874 4.52883e-05 -5.13171e-05
0.196241 -6.04601e-06 -0.000119659
0.196609 -1.36824e-05 1.64413e-05
0.196976 2.5924e-06 4.73739e-05
0.197344 6.25722e-05 -9.44927e-05
0.197711 -1.06829e-05 -0.00013797
0.198079 -0.000156671 5.52458e-05
0.198446 1.44902e-05 0.000127642
0.198814 0.000166411 -9.70127e-05
0.199181 -8.11197e-05 -0.000103215
0.199549 -0.0001075 0.000139082
0.199916 0.000178834 2.45518e-05
0.200284 6.69555e-05 -0.000195848
0.200651 -0.000169797 -1.27603e-05
0.201019 1.22226e-05 0.000102865
0.201386 0.000148772 -0.000104059
0.201754 -3.26408e-05 -0.000147097
0.202121 -0.000131048 6.67766e-07
0.202489 -2.30051e-05 2.96895e-05
0.202856 6.16911e-05 -2.26585e-05
0.203224 -3.52079e-05 -3.18444e-05
0.203591 -0.00010962 3.69221e-05
0.203959 8.44509e-05 5.92461e-05
0.204326 0.000140858 -7.69483e-05
0.204694 -0.00012025 -8.83695e-05
0.205061 -5.18581e-05 7.27101e-05
0.205429 0.000206694 -4.66505e-06
0.205796 -1.57625e-05 -0.000150514
0.206164 -0.000167902 -1.1226e-05
0.206531 0.000120936 3.39904e-05
0.206899 7.07785e-05 -0.000129631
0.207266 -0.000215028 -6.72126e-05
0.207634 -3.93153e-05 0.000101739
0.208001 0.000164459 4.12464e-05
0.208369 -4.64326e-06 -8.27115e-05
0.208736 -9.62672e-05 -5.8597e-05
0.209104 3.50811e-05 5.23677e-05
0.209471 0.000111074 2.08548e-05
0.209839 2.56174e-06 -0.000154194
0.210206 -0.000116298 -6.70531e-05
0.210574 3.57127e-05 0.000147853
0.210941 0.000153456 -6.29288e-05
0.211309 -0.000119482 -0.000247498
0.211676 -0.000198795 7.84834e-05
0.212044 0.000108413 0.000175755
0.212411 7.77223e-05 -0.000139287
0.212779 -0.000130577 -9.17419e-05
0.213146 3.92585e-05 0.000138718
0.213514 0.000136879 -8.77205e-06
0.213881 -3.09876e-05 -0.000165787
0.214249 -3.23203e-05 -4.27683e-05
0.214616 3.06634e-05 4.88274e-05
0.214984 8.98228e-06 -4.7674e-05
0.215351 2.60795e-05 -0.000149254
0.215719 -3.82207e-05 -5.07585e-05
0.216086 -8.96001e-05 6.31216e-05
0.216454 8.69871e-06 -5.81642e-05
0.216821 -2.01015e-05 -5.53967e-05
0.217189 -6.02447e-05 0.000150019
0.217556 9.58834e-05 1.21036e-05
0.217924 6.22321e-05 -0.000178171
0.218291 -7.65471e-05 6.1539e-05
0.218658 6.22091e-05 8.94207e-05
0.219026 8.77989e-05 -0.000196549
0.219393 -9.52377e-05 -6.32167e-05
0.219761 -1.40701e-05 0.000125985
0.220128 9.92336e-05 -0.000122367
