# x y
-14.7692 20.9298
-13.4265 18.6043
-10.7412 18.6043
-9.39855 20.9298
-10.7412 23.2554
-13.4265 23.2554
-9.39855 16.2788
-6.71325 16.2788
-5.3706 18.6043
-6.71325 20.9298
-5.3706 13.9532
-2.6853 13.9532
-1.34265 16.2788
-2.6853 18.6043
-1.34265 11.6277
1.34265 11.6277
2.6853 13.9532
1.34265 16.2788
2.6853 9.30215
5.3706 9.30215
6.71325 11.6277
5.3706 13.9532
6.71325 6.97662
9.39855 6.97662
10.7412 9.30215
9.39855 11.6277
10.7412 4.65108
13.4265 4.65108
14.7692 6.97662
13.4265 9.30215
14.7692 2.32554
17.4545 2.32554
18.7971 4.65108
17.4545 6.97662
18.7971 -3.75887e-07
21.4824 -3.75887e-07
22.8251 2.32554
21.4824 4.65108
22.8251 -2.32554
25.5104 -2.32554
26.853 -3.75887e-07
25.5104 2.32554
-14.7692 16.2788
-13.4265 13.9532
-10.7412 13.9532
-9.39855 11.6277
-6.71325 11.6277
-5.3706 9.30215
-2.6853 9.30215
-1.34265 6.97662
1.34265 6.97662
2.6853 4.65108
5.3706 4.65108
6.71325 2.32554
9.39855 2.32554
10.7412 -3.75887e-07
13.4265 -3.75887e-07
14.7692 -2.32554
17.4545 -2.32554
18.7971 -4.65108
21.4824 -4.65108
-14.7692 11.6277
-13.4265 9.30215
-10.7412 9.30215
-9.39855 6.97662
-6.71325 6.97662
-5.3706 4.65108
-2.6853 4.65108
-1.34265 2.32554
1.34265 2.32554
2.6853 -3.75887e-07
5.3706 -3.75887e-07
6.71325 -2.32554
9.39855 -2.32554
10.7412 -4.65108
13.4265 -4.65108
14.7692 -6.97662
17.4545 -6.97662
-14.7692 6.97662
-13.4265 4.65108
-10.7412 4.65108
-9.39855 2.32554
-6.71325 2.32554
-5.3706 -3.75887e-07
-2.6853 -3.75887e-07
-1.34265 -2.32554
1.34265 -2.32554
2.6853 -4.65108
5.3706 -4.65108
6.71325 -6.97662
9.39855 -6.97662
10.7412 -9.30216
13.4265 -9.30216
-14.7692 2.32554
-13.4265 -3.75887e-07
-10.7412 -3.75887e-07
-9.39855 -2.32554
-6.71325 -2.32554
-5.3706 -4.65108
-2.6853 -4.65108
-1.34265 -6.97662
1.34265 -6.97662
2.6853 -9.30216
5.3706 -9.30216
6.71325 -11.6277
9.39855 -11.6277
-14.7692 -2.32554
-13.4265 -4.65108
-10.7412 -4.65108
-9.39855 -6.97662
-6.71325 -6.97662
-5.3706 -9.30216
-2.6853 -9.30216
-1.34265 -11.6277
1.34265 -11.6277
2.6853 -13.9532
5.3706 -13.9532
-14.7692 -6.97662
-13.4265 -9.30216
-10.7412 -9.30216
-9.39855 -11.6277
-6.71325 -11.6277
-5.3706 -13.9532
-2.6853 -13.9532
-1.34265 -16.2788
1.34265 -16.2788
-14.7692 -11.6277
-13.4265 -13.9532
-10.7412 -13.9532
-9.39855 -16.2788
-6.71325 -16.2788
-5.3706 -18.6043
-2.6853 -18.6043
-14.7692 -16.2788
-13.4265 -18.6043
-10.7412 -18.6043
-9.39855 -20.9298
-6.71325 -20.9298
-14.7692 -20.9298
-13.4265 -23.2554
-10.7412 -23.2554
